<TICKER>;<PER>;<DATE>;<TIME>;<OPEN>;<HIGH>;<LOW>;<CLOSE>;<VOL>
SPFB.HYDR-3.20;60;20190913;170000;5790.0000000;5790.0000000;5790.0000000;5790.0000000;5
SPFB.HYDR-3.20;60;20190917;150000;5485.0000000;5485.0000000;5485.0000000;5485.0000000;5
SPFB.HYDR-3.20;60;20190919;150000;5735.0000000;5735.0000000;5735.0000000;5735.0000000;1
SPFB.HYDR-3.20;60;20190920;200000;5625.0000000;5625.0000000;5625.0000000;5625.0000000;1
SPFB.HYDR-3.20;60;20190923;170000;5596.0000000;5596.0000000;5596.0000000;5596.0000000;5
SPFB.HYDR-3.20;60;20190924;180000;5560.0000000;5560.0000000;5560.0000000;5560.0000000;1
SPFB.HYDR-3.20;60;20190924;200000;5500.0000000;5500.0000000;5500.0000000;5500.0000000;2
SPFB.HYDR-3.20;60;20190925;150000;5444.0000000;5444.0000000;5444.0000000;5444.0000000;2
SPFB.HYDR-3.20;60;20190925;160000;5440.0000000;5440.0000000;5440.0000000;5440.0000000;4
SPFB.HYDR-3.20;60;20190930;130000;5382.0000000;5382.0000000;5380.0000000;5380.0000000;10
SPFB.HYDR-3.20;60;20190930;160000;5372.0000000;5372.0000000;5372.0000000;5372.0000000;3
SPFB.HYDR-3.20;60;20190930;170000;5322.0000000;5373.0000000;5322.0000000;5373.0000000;13
SPFB.HYDR-3.20;60;20191002;130000;5320.0000000;5320.0000000;5320.0000000;5320.0000000;16
SPFB.HYDR-3.20;60;20191003;110000;5260.0000000;5260.0000000;5260.0000000;5260.0000000;32
SPFB.HYDR-3.20;60;20191004;160000;5241.0000000;5241.0000000;5241.0000000;5241.0000000;1
SPFB.HYDR-3.20;60;20191004;180000;5223.0000000;5223.0000000;5185.0000000;5185.0000000;4
SPFB.HYDR-3.20;60;20191004;190000;5186.0000000;5186.0000000;5186.0000000;5186.0000000;1
SPFB.HYDR-3.20;60;20191007;190000;5204.0000000;5204.0000000;5204.0000000;5204.0000000;1
SPFB.HYDR-3.20;60;20191008;110000;5200.0000000;5200.0000000;5200.0000000;5200.0000000;10
SPFB.HYDR-3.20;60;20191008;130000;5291.0000000;5291.0000000;5291.0000000;5291.0000000;1
SPFB.HYDR-3.20;60;20191008;170000;5251.0000000;5251.0000000;5216.0000000;5218.0000000;3
SPFB.HYDR-3.20;60;20191009;140000;5239.0000000;5239.0000000;5239.0000000;5239.0000000;1
SPFB.HYDR-3.20;60;20191009;170000;5227.0000000;5227.0000000;5227.0000000;5227.0000000;1
SPFB.HYDR-3.20;60;20191010;110000;5201.0000000;5201.0000000;5200.0000000;5200.0000000;3
SPFB.HYDR-3.20;60;20191014;110000;5210.0000000;5210.0000000;5200.0000000;5200.0000000;28
SPFB.HYDR-3.20;60;20191014;120000;5200.0000000;5200.0000000;5200.0000000;5200.0000000;25
SPFB.HYDR-3.20;60;20191014;180000;5147.0000000;5147.0000000;5147.0000000;5147.0000000;8
SPFB.HYDR-3.20;60;20191016;170000;5230.0000000;5230.0000000;5230.0000000;5230.0000000;2
SPFB.HYDR-3.20;60;20191017;120000;5297.0000000;5297.0000000;5297.0000000;5297.0000000;1
SPFB.HYDR-3.20;60;20191017;160000;5279.0000000;5279.0000000;5279.0000000;5279.0000000;3
SPFB.HYDR-3.20;60;20191017;170000;5185.0000000;5185.0000000;5185.0000000;5185.0000000;3
SPFB.HYDR-3.20;60;20191018;110000;5253.0000000;5255.0000000;5253.0000000;5255.0000000;9
SPFB.HYDR-3.20;60;20191018;120000;5251.0000000;5259.0000000;5251.0000000;5256.0000000;7
SPFB.HYDR-3.20;60;20191018;160000;5268.0000000;5270.0000000;5267.0000000;5267.0000000;3
SPFB.HYDR-3.20;60;20191018;170000;5256.0000000;5256.0000000;5256.0000000;5256.0000000;1
SPFB.HYDR-3.20;60;20191018;180000;5267.0000000;5267.0000000;5261.0000000;5265.0000000;23
SPFB.HYDR-3.20;60;20191021;110000;5267.0000000;5271.0000000;5267.0000000;5271.0000000;2
SPFB.HYDR-3.20;60;20191021;120000;5279.0000000;5282.0000000;5279.0000000;5282.0000000;2
SPFB.HYDR-3.20;60;20191021;130000;5270.0000000;5270.0000000;5270.0000000;5270.0000000;1
SPFB.HYDR-3.20;60;20191021;140000;5251.0000000;5323.0000000;5226.0000000;5293.0000000;39
SPFB.HYDR-3.20;60;20191021;170000;5262.0000000;5280.0000000;5259.0000000;5267.0000000;164
SPFB.HYDR-3.20;60;20191021;180000;5267.0000000;5278.0000000;5253.0000000;5278.0000000;26
SPFB.HYDR-3.20;60;20191021;190000;5260.0000000;5260.0000000;5253.0000000;5253.0000000;13
SPFB.HYDR-3.20;60;20191022;120000;5286.0000000;5286.0000000;5286.0000000;5286.0000000;1
SPFB.HYDR-3.20;60;20191022;130000;5250.0000000;5250.0000000;5250.0000000;5250.0000000;1
SPFB.HYDR-3.20;60;20191022;140000;5291.0000000;5291.0000000;5291.0000000;5291.0000000;1
SPFB.HYDR-3.20;60;20191022;150000;5300.0000000;5300.0000000;5251.0000000;5275.0000000;19
SPFB.HYDR-3.20;60;20191022;160000;5280.0000000;5280.0000000;5251.0000000;5251.0000000;82
SPFB.HYDR-3.20;60;20191024;210000;5203.0000000;5203.0000000;5203.0000000;5203.0000000;1
SPFB.HYDR-3.20;60;20191028;160000;5245.0000000;5245.0000000;5245.0000000;5245.0000000;21
SPFB.HYDR-3.20;60;20191105;110000;5319.0000000;5361.0000000;5319.0000000;5359.0000000;403
SPFB.HYDR-3.20;60;20191105;130000;5362.0000000;5362.0000000;5329.0000000;5330.0000000;25
SPFB.HYDR-3.20;60;20191105;140000;5329.0000000;5351.0000000;5329.0000000;5351.0000000;116
SPFB.HYDR-3.20;60;20191105;150000;5351.0000000;5377.0000000;5351.0000000;5377.0000000;2
SPFB.HYDR-3.20;60;20191105;170000;5366.0000000;5371.0000000;5366.0000000;5371.0000000;3
SPFB.HYDR-3.20;60;20191105;180000;5400.0000000;5400.0000000;5400.0000000;5400.0000000;1
SPFB.HYDR-3.20;60;20191106;120000;5419.0000000;5419.0000000;5419.0000000;5419.0000000;1
SPFB.HYDR-3.20;60;20191106;130000;5432.0000000;5444.0000000;5432.0000000;5444.0000000;11
SPFB.HYDR-3.20;60;20191106;140000;5465.0000000;5465.0000000;5465.0000000;5465.0000000;1
SPFB.HYDR-3.20;60;20191107;120000;5447.0000000;5466.0000000;5439.0000000;5466.0000000;9
SPFB.HYDR-3.20;60;20191107;130000;5485.0000000;5565.0000000;5485.0000000;5564.0000000;87
SPFB.HYDR-3.20;60;20191107;140000;5515.0000000;5515.0000000;5515.0000000;5515.0000000;1
SPFB.HYDR-3.20;60;20191108;110000;5515.0000000;5515.0000000;5515.0000000;5515.0000000;4
SPFB.HYDR-3.20;60;20191108;120000;5424.0000000;5424.0000000;5415.0000000;5415.0000000;2
SPFB.HYDR-3.20;60;20191108;160000;5476.0000000;5476.0000000;5476.0000000;5476.0000000;1
SPFB.HYDR-3.20;60;20191112;220000;5386.0000000;5386.0000000;5363.0000000;5363.0000000;8
SPFB.HYDR-3.20;60;20191113;110000;5450.0000000;5484.0000000;5450.0000000;5484.0000000;75
SPFB.HYDR-3.20;60;20191113;130000;5401.0000000;5401.0000000;5400.0000000;5400.0000000;3
SPFB.HYDR-3.20;60;20191113;190000;5416.0000000;5425.0000000;5416.0000000;5417.0000000;20
SPFB.HYDR-3.20;60;20191114;130000;5487.0000000;5487.0000000;5487.0000000;5487.0000000;2
SPFB.HYDR-3.20;60;20191121;150000;5434.0000000;5434.0000000;5434.0000000;5434.0000000;1
SPFB.HYDR-3.20;60;20191122;200000;5372.0000000;5372.0000000;5370.0000000;5370.0000000;8
SPFB.HYDR-3.20;60;20191125;150000;5448.0000000;5448.0000000;5448.0000000;5448.0000000;2
SPFB.HYDR-3.20;60;20191125;160000;5450.0000000;5450.0000000;5450.0000000;5450.0000000;5
SPFB.HYDR-3.20;60;20191125;180000;5478.0000000;5478.0000000;5478.0000000;5478.0000000;3
SPFB.HYDR-3.20;60;20191126;190000;5459.0000000;5459.0000000;5459.0000000;5459.0000000;2
SPFB.HYDR-3.20;60;20191128;140000;5487.0000000;5500.0000000;5487.0000000;5500.0000000;30
SPFB.HYDR-3.20;60;20191129;120000;5515.0000000;5515.0000000;5515.0000000;5515.0000000;30
SPFB.HYDR-3.20;60;20191129;150000;5450.0000000;5508.0000000;5450.0000000;5508.0000000;30
SPFB.HYDR-3.20;60;20191202;200000;5400.0000000;5400.0000000;5380.0000000;5380.0000000;12
SPFB.HYDR-3.20;60;20191202;220000;5370.0000000;5370.0000000;5370.0000000;5370.0000000;1
SPFB.HYDR-3.20;60;20191202;230000;5410.0000000;5410.0000000;5410.0000000;5410.0000000;2
SPFB.HYDR-3.20;60;20191203;110000;5410.0000000;5410.0000000;5410.0000000;5410.0000000;4
SPFB.HYDR-3.20;60;20191203;130000;5405.0000000;5405.0000000;5370.0000000;5370.0000000;13
SPFB.HYDR-3.20;60;20191203;140000;5370.0000000;5379.0000000;5350.0000000;5373.0000000;31
SPFB.HYDR-3.20;60;20191203;160000;5346.0000000;5351.0000000;5346.0000000;5346.0000000;5
SPFB.HYDR-3.20;60;20191203;170000;5345.0000000;5379.0000000;5340.0000000;5340.0000000;21
SPFB.HYDR-3.20;60;20191203;180000;5320.0000000;5369.0000000;5317.0000000;5317.0000000;182
SPFB.HYDR-3.20;60;20191203;190000;5323.0000000;5333.0000000;5310.0000000;5333.0000000;33
SPFB.HYDR-3.20;60;20191203;200000;5338.0000000;5340.0000000;5333.0000000;5340.0000000;12
SPFB.HYDR-3.20;60;20191203;210000;5334.0000000;5334.0000000;5334.0000000;5334.0000000;2
SPFB.HYDR-3.20;60;20191203;220000;5329.0000000;5329.0000000;5329.0000000;5329.0000000;2
SPFB.HYDR-3.20;60;20191204;110000;5338.0000000;5348.0000000;5338.0000000;5348.0000000;16
SPFB.HYDR-3.20;60;20191204;130000;5370.0000000;5370.0000000;5370.0000000;5370.0000000;6
SPFB.HYDR-3.20;60;20191204;140000;5362.0000000;5362.0000000;5344.0000000;5344.0000000;16
SPFB.HYDR-3.20;60;20191204;150000;5340.0000000;5340.0000000;5340.0000000;5340.0000000;2
SPFB.HYDR-3.20;60;20191204;160000;5350.0000000;5350.0000000;5346.0000000;5346.0000000;3
SPFB.HYDR-3.20;60;20191204;170000;5345.0000000;5351.0000000;5341.0000000;5351.0000000;5
SPFB.HYDR-3.20;60;20191204;180000;5353.0000000;5400.0000000;5353.0000000;5371.0000000;19
SPFB.HYDR-3.20;60;20191204;190000;5380.0000000;5385.0000000;5375.0000000;5376.0000000;11
SPFB.HYDR-3.20;60;20191204;200000;5399.0000000;5399.0000000;5391.0000000;5391.0000000;8
SPFB.HYDR-3.20;60;20191204;210000;5391.0000000;5391.0000000;5391.0000000;5391.0000000;2
SPFB.HYDR-3.20;60;20191204;220000;5390.0000000;5390.0000000;5390.0000000;5390.0000000;4
SPFB.HYDR-3.20;60;20191204;230000;5389.0000000;5389.0000000;5389.0000000;5389.0000000;2
SPFB.HYDR-3.20;60;20191205;110000;5386.0000000;5386.0000000;5359.0000000;5359.0000000;14
SPFB.HYDR-3.20;60;20191205;130000;5365.0000000;5365.0000000;5364.0000000;5364.0000000;4
SPFB.HYDR-3.20;60;20191205;140000;5365.0000000;5371.0000000;5365.0000000;5371.0000000;2
SPFB.HYDR-3.20;60;20191205;150000;5368.0000000;5385.0000000;5368.0000000;5375.0000000;9
SPFB.HYDR-3.20;60;20191205;160000;5370.0000000;5376.0000000;5370.0000000;5376.0000000;4
SPFB.HYDR-3.20;60;20191205;170000;5370.0000000;5370.0000000;5370.0000000;5370.0000000;2
SPFB.HYDR-3.20;60;20191205;190000;5376.0000000;5376.0000000;5376.0000000;5376.0000000;2
SPFB.HYDR-3.20;60;20191205;210000;5381.0000000;5400.0000000;5381.0000000;5400.0000000;10
SPFB.HYDR-3.20;60;20191205;230000;5390.0000000;5390.0000000;5390.0000000;5390.0000000;5
SPFB.HYDR-3.20;60;20191206;110000;5381.0000000;5392.0000000;5381.0000000;5390.0000000;5
SPFB.HYDR-3.20;60;20191206;130000;5397.0000000;5397.0000000;5371.0000000;5371.0000000;24
SPFB.HYDR-3.20;60;20191206;140000;5370.0000000;5370.0000000;5370.0000000;5370.0000000;3
SPFB.HYDR-3.20;60;20191206;150000;5366.0000000;5377.0000000;5366.0000000;5377.0000000;6
SPFB.HYDR-3.20;60;20191206;170000;5382.0000000;5382.0000000;5382.0000000;5382.0000000;2
SPFB.HYDR-3.20;60;20191206;180000;5387.0000000;5387.0000000;5381.0000000;5381.0000000;4
SPFB.HYDR-3.20;60;20191206;200000;5376.0000000;5376.0000000;5376.0000000;5376.0000000;2
SPFB.HYDR-3.20;60;20191206;220000;5382.0000000;5387.0000000;5382.0000000;5387.0000000;4
SPFB.HYDR-3.20;60;20191207;000000;5392.0000000;5392.0000000;5392.0000000;5392.0000000;2
SPFB.HYDR-3.20;60;20191209;110000;5387.0000000;5388.0000000;5387.0000000;5388.0000000;17
SPFB.HYDR-3.20;60;20191209;120000;5388.0000000;5388.0000000;5387.0000000;5387.0000000;19
SPFB.HYDR-3.20;60;20191209;130000;5387.0000000;5387.0000000;5387.0000000;5387.0000000;2
SPFB.HYDR-3.20;60;20191209;140000;5392.0000000;5392.0000000;5392.0000000;5392.0000000;1
SPFB.HYDR-3.20;60;20191209;150000;5382.0000000;5382.0000000;5382.0000000;5382.0000000;2
SPFB.HYDR-3.20;60;20191209;160000;5377.0000000;5377.0000000;5367.0000000;5372.0000000;7
SPFB.HYDR-3.20;60;20191209;170000;5363.0000000;5363.0000000;5362.0000000;5362.0000000;2
SPFB.HYDR-3.20;60;20191209;180000;5362.0000000;5375.0000000;5362.0000000;5375.0000000;9
SPFB.HYDR-3.20;60;20191209;190000;5369.0000000;5369.0000000;5369.0000000;5369.0000000;2
SPFB.HYDR-3.20;60;20191209;200000;5369.0000000;5369.0000000;5369.0000000;5369.0000000;7
SPFB.HYDR-3.20;60;20191210;110000;5370.0000000;5380.0000000;5368.0000000;5374.0000000;33
SPFB.HYDR-3.20;60;20191210;120000;5380.0000000;5380.0000000;5374.0000000;5374.0000000;4
SPFB.HYDR-3.20;60;20191210;130000;5373.0000000;5386.0000000;5368.0000000;5385.0000000;255
SPFB.HYDR-3.20;60;20191210;140000;5385.0000000;5385.0000000;5320.0000000;5375.0000000;177
SPFB.HYDR-3.20;60;20191210;150000;5369.0000000;5370.0000000;5359.0000000;5370.0000000;21
SPFB.HYDR-3.20;60;20191210;160000;5364.0000000;5364.0000000;5356.0000000;5362.0000000;63
SPFB.HYDR-3.20;60;20191210;170000;5361.0000000;5365.0000000;5358.0000000;5360.0000000;56
SPFB.HYDR-3.20;60;20191210;180000;5355.0000000;5355.0000000;5354.0000000;5354.0000000;3
SPFB.HYDR-3.20;60;20191210;190000;5360.0000000;5374.0000000;5360.0000000;5372.0000000;21
SPFB.HYDR-3.20;60;20191210;230000;5374.0000000;5375.0000000;5374.0000000;5375.0000000;2
SPFB.HYDR-3.20;60;20191211;110000;5380.0000000;5380.0000000;5380.0000000;5380.0000000;3
SPFB.HYDR-3.20;60;20191211;120000;5374.0000000;5380.0000000;5369.0000000;5369.0000000;14
SPFB.HYDR-3.20;60;20191211;130000;5370.0000000;5406.0000000;5370.0000000;5400.0000000;345
SPFB.HYDR-3.20;60;20191211;140000;5400.0000000;5400.0000000;5391.0000000;5391.0000000;31
SPFB.HYDR-3.20;60;20191211;150000;5390.0000000;5390.0000000;5389.0000000;5389.0000000;2
SPFB.HYDR-3.20;60;20191211;160000;5391.0000000;5391.0000000;5390.0000000;5390.0000000;31
SPFB.HYDR-3.20;60;20191211;170000;5392.0000000;5392.0000000;5374.0000000;5374.0000000;11
SPFB.HYDR-3.20;60;20191211;180000;5380.0000000;5391.0000000;5380.0000000;5391.0000000;6
SPFB.HYDR-3.20;60;20191211;190000;5395.0000000;5401.0000000;5390.0000000;5390.0000000;25
SPFB.HYDR-3.20;60;20191211;200000;5396.0000000;5406.0000000;5396.0000000;5405.0000000;11
SPFB.HYDR-3.20;60;20191211;210000;5399.0000000;5399.0000000;5399.0000000;5399.0000000;1
SPFB.HYDR-3.20;60;20191211;220000;5396.0000000;5405.0000000;5396.0000000;5405.0000000;4
SPFB.HYDR-3.20;60;20191211;230000;5399.0000000;5399.0000000;5398.0000000;5399.0000000;17
SPFB.HYDR-3.20;60;20191212;110000;5404.0000000;5404.0000000;5404.0000000;5404.0000000;1
SPFB.HYDR-3.20;60;20191212;120000;5405.0000000;5405.0000000;5378.0000000;5378.0000000;12
SPFB.HYDR-3.20;60;20191212;130000;5382.0000000;5383.0000000;5371.0000000;5371.0000000;12
SPFB.HYDR-3.20;60;20191212;140000;5379.0000000;5387.0000000;5373.0000000;5380.0000000;75
SPFB.HYDR-3.20;60;20191212;150000;5373.0000000;5379.0000000;5365.0000000;5379.0000000;63
SPFB.HYDR-3.20;60;20191212;160000;5381.0000000;5382.0000000;5381.0000000;5382.0000000;20
SPFB.HYDR-3.20;60;20191212;170000;5365.0000000;5365.0000000;5355.0000000;5360.0000000;79
SPFB.HYDR-3.20;60;20191212;180000;5359.0000000;5360.0000000;5325.0000000;5328.0000000;181
SPFB.HYDR-3.20;60;20191212;190000;5323.0000000;5343.0000000;5318.0000000;5331.0000000;84
SPFB.HYDR-3.20;60;20191212;200000;5328.0000000;5330.0000000;5324.0000000;5324.0000000;4
SPFB.HYDR-3.20;60;20191212;230000;5332.0000000;5332.0000000;5332.0000000;5332.0000000;1
SPFB.HYDR-3.20;60;20191213;110000;5342.0000000;5360.0000000;5333.0000000;5339.0000000;28
SPFB.HYDR-3.20;60;20191213;120000;5342.0000000;5359.0000000;5342.0000000;5351.0000000;11
SPFB.HYDR-3.20;60;20191213;130000;5348.0000000;5348.0000000;5340.0000000;5347.0000000;259
SPFB.HYDR-3.20;60;20191213;140000;5341.0000000;5349.0000000;5324.0000000;5328.0000000;40
SPFB.HYDR-3.20;60;20191213;150000;5334.0000000;5340.0000000;5331.0000000;5331.0000000;291
SPFB.HYDR-3.20;60;20191213;160000;5329.0000000;5334.0000000;5323.0000000;5334.0000000;257
SPFB.HYDR-3.20;60;20191213;170000;5337.0000000;5347.0000000;5333.0000000;5347.0000000;7
SPFB.HYDR-3.20;60;20191213;180000;5341.0000000;5341.0000000;5331.0000000;5331.0000000;9
SPFB.HYDR-3.20;60;20191213;190000;5337.0000000;5339.0000000;5333.0000000;5333.0000000;3
SPFB.HYDR-3.20;60;20191216;110000;5339.0000000;5349.0000000;5336.0000000;5342.0000000;222
SPFB.HYDR-3.20;60;20191216;120000;5336.0000000;5336.0000000;5321.0000000;5331.0000000;443
SPFB.HYDR-3.20;60;20191216;130000;5324.0000000;5333.0000000;5322.0000000;5326.0000000;365
SPFB.HYDR-3.20;60;20191216;140000;5324.0000000;5357.0000000;5310.0000000;5349.0000000;1050
SPFB.HYDR-3.20;60;20191216;150000;5343.0000000;5343.0000000;5328.0000000;5336.0000000;356
SPFB.HYDR-3.20;60;20191216;160000;5335.0000000;5355.0000000;5335.0000000;5355.0000000;129
SPFB.HYDR-3.20;60;20191216;170000;5355.0000000;5365.0000000;5349.0000000;5349.0000000;174
SPFB.HYDR-3.20;60;20191216;180000;5348.0000000;5360.0000000;5347.0000000;5360.0000000;226
SPFB.HYDR-3.20;60;20191216;190000;5360.0000000;5360.0000000;5353.0000000;5359.0000000;213
SPFB.HYDR-3.20;60;20191216;200000;5354.0000000;5365.0000000;5353.0000000;5361.0000000;21
SPFB.HYDR-3.20;60;20191216;210000;5361.0000000;5362.0000000;5359.0000000;5359.0000000;3
SPFB.HYDR-3.20;60;20191216;220000;5364.0000000;5371.0000000;5364.0000000;5368.0000000;35
SPFB.HYDR-3.20;60;20191216;230000;5367.0000000;5369.0000000;5367.0000000;5368.0000000;31
SPFB.HYDR-3.20;60;20191217;000000;5368.0000000;5372.0000000;5368.0000000;5370.0000000;22
SPFB.HYDR-3.20;60;20191217;110000;5367.0000000;5406.0000000;5367.0000000;5375.0000000;171
SPFB.HYDR-3.20;60;20191217;120000;5375.0000000;5375.0000000;5361.0000000;5373.0000000;213
SPFB.HYDR-3.20;60;20191217;130000;5377.0000000;5387.0000000;5377.0000000;5381.0000000;80
SPFB.HYDR-3.20;60;20191217;140000;5383.0000000;5399.0000000;5382.0000000;5399.0000000;728
SPFB.HYDR-3.20;60;20191217;150000;5399.0000000;5401.0000000;5392.0000000;5401.0000000;281
SPFB.HYDR-3.20;60;20191217;160000;5402.0000000;5423.0000000;5400.0000000;5421.0000000;500
SPFB.HYDR-3.20;60;20191217;170000;5419.0000000;5542.0000000;5416.0000000;5525.0000000;1949
SPFB.HYDR-3.20;60;20191217;180000;5538.0000000;5616.0000000;5538.0000000;5565.0000000;527
SPFB.HYDR-3.20;60;20191217;190000;5553.0000000;5602.0000000;5540.0000000;5592.0000000;644
SPFB.HYDR-3.20;60;20191217;200000;5568.0000000;5600.0000000;5564.0000000;5600.0000000;93
SPFB.HYDR-3.20;60;20191217;210000;5594.0000000;5598.0000000;5580.0000000;5598.0000000;73
SPFB.HYDR-3.20;60;20191217;220000;5598.0000000;5639.0000000;5595.0000000;5639.0000000;281
SPFB.HYDR-3.20;60;20191217;230000;5633.0000000;5638.0000000;5601.0000000;5610.0000000;119
SPFB.HYDR-3.20;60;20191218;000000;5622.0000000;5634.0000000;5622.0000000;5631.0000000;51
SPFB.HYDR-3.20;60;20191218;110000;5633.0000000;5695.0000000;5622.0000000;5669.0000000;1536
SPFB.HYDR-3.20;60;20191218;120000;5669.0000000;5829.0000000;5669.0000000;5758.0000000;1094
SPFB.HYDR-3.20;60;20191218;130000;5758.0000000;5771.0000000;5740.0000000;5752.0000000;556
SPFB.HYDR-3.20;60;20191218;140000;5751.0000000;5765.0000000;5746.0000000;5755.0000000;280
SPFB.HYDR-3.20;60;20191218;150000;5761.0000000;5817.0000000;5759.0000000;5816.0000000;584
SPFB.HYDR-3.20;60;20191218;160000;5803.0000000;5812.0000000;5740.0000000;5760.0000000;1071
SPFB.HYDR-3.20;60;20191218;170000;5760.0000000;5778.0000000;5740.0000000;5762.0000000;481
SPFB.HYDR-3.20;60;20191218;180000;5756.0000000;5779.0000000;5701.0000000;5726.0000000;932
SPFB.HYDR-3.20;60;20191218;190000;5730.0000000;5750.0000000;5704.0000000;5732.0000000;481
SPFB.HYDR-3.20;60;20191218;200000;5731.0000000;5731.0000000;5707.0000000;5726.0000000;84
SPFB.HYDR-3.20;60;20191218;210000;5719.0000000;5750.0000000;5719.0000000;5724.0000000;51
SPFB.HYDR-3.20;60;20191218;220000;5732.0000000;5750.0000000;5720.0000000;5725.0000000;61
SPFB.HYDR-3.20;60;20191218;230000;5718.0000000;5745.0000000;5712.0000000;5742.0000000;52
SPFB.HYDR-3.20;60;20191219;000000;5720.0000000;5745.0000000;5720.0000000;5745.0000000;40
SPFB.HYDR-3.20;60;20191219;110000;5742.0000000;5798.0000000;5712.0000000;5735.0000000;1219
SPFB.HYDR-3.20;60;20191219;120000;5734.0000000;5736.0000000;5700.0000000;5735.0000000;1172
SPFB.HYDR-3.20;60;20191219;130000;5738.0000000;5738.0000000;5573.0000000;5657.0000000;1766
SPFB.HYDR-3.20;60;20191219;140000;5654.0000000;5705.0000000;5652.0000000;5663.0000000;895
SPFB.HYDR-3.20;60;20191219;150000;5661.0000000;5661.0000000;5608.0000000;5627.0000000;2452
SPFB.HYDR-3.20;60;20191219;160000;5629.0000000;5664.0000000;5604.0000000;5663.0000000;1907
SPFB.HYDR-3.20;60;20191219;170000;5664.0000000;5664.0000000;5605.0000000;5628.0000000;347
SPFB.HYDR-3.20;60;20191219;180000;5620.0000000;5633.0000000;5590.0000000;5603.0000000;2105
SPFB.HYDR-3.20;60;20191219;190000;5603.0000000;5614.0000000;5599.0000000;5599.0000000;750
SPFB.HYDR-3.20;60;20191219;200000;5620.0000000;5621.0000000;5606.0000000;5606.0000000;62
SPFB.HYDR-3.20;60;20191219;210000;5619.0000000;5629.0000000;5608.0000000;5608.0000000;82
SPFB.HYDR-3.20;60;20191219;220000;5610.0000000;5616.0000000;5609.0000000;5615.0000000;42
SPFB.HYDR-3.20;60;20191219;230000;5610.0000000;5621.0000000;5607.0000000;5618.0000000;90
SPFB.HYDR-3.20;60;20191220;000000;5619.0000000;5623.0000000;5615.0000000;5616.0000000;55
SPFB.HYDR-3.20;60;20191220;110000;5616.0000000;5669.0000000;5599.0000000;5645.0000000;1430
SPFB.HYDR-3.20;60;20191220;120000;5646.0000000;5718.0000000;5634.0000000;5691.0000000;1871
SPFB.HYDR-3.20;60;20191220;130000;5696.0000000;5712.0000000;5680.0000000;5681.0000000;915
SPFB.HYDR-3.20;60;20191220;140000;5681.0000000;5704.0000000;5681.0000000;5696.0000000;524
SPFB.HYDR-3.20;60;20191220;150000;5690.0000000;5692.0000000;5630.0000000;5650.0000000;1586
SPFB.HYDR-3.20;60;20191220;160000;5657.0000000;5675.0000000;5650.0000000;5666.0000000;178
SPFB.HYDR-3.20;60;20191220;170000;5674.0000000;5707.0000000;5663.0000000;5687.0000000;719
SPFB.HYDR-3.20;60;20191220;180000;5681.0000000;5699.0000000;5671.0000000;5688.0000000;501
SPFB.HYDR-3.20;60;20191220;190000;5679.0000000;5698.0000000;5646.0000000;5646.0000000;1193
SPFB.HYDR-3.20;60;20191220;200000;5642.0000000;5680.0000000;5642.0000000;5650.0000000;72
SPFB.HYDR-3.20;60;20191220;210000;5647.0000000;5647.0000000;5610.0000000;5631.0000000;109
SPFB.HYDR-3.20;60;20191220;220000;5631.0000000;5634.0000000;5627.0000000;5634.0000000;25
SPFB.HYDR-3.20;60;20191220;230000;5634.0000000;5641.0000000;5634.0000000;5641.0000000;28
SPFB.HYDR-3.20;60;20191221;000000;5645.0000000;5659.0000000;5640.0000000;5658.0000000;68
SPFB.HYDR-3.20;60;20191223;110000;5656.0000000;5682.0000000;5635.0000000;5680.0000000;709
SPFB.HYDR-3.20;60;20191223;120000;5678.0000000;5678.0000000;5631.0000000;5655.0000000;305
SPFB.HYDR-3.20;60;20191223;130000;5655.0000000;5665.0000000;5647.0000000;5660.0000000;93
SPFB.HYDR-3.20;60;20191223;140000;5656.0000000;5656.0000000;5651.0000000;5651.0000000;53
SPFB.HYDR-3.20;60;20191223;150000;5649.0000000;5662.0000000;5646.0000000;5657.0000000;98
SPFB.HYDR-3.20;60;20191223;160000;5657.0000000;5717.0000000;5652.0000000;5685.0000000;1191
SPFB.HYDR-3.20;60;20191223;170000;5695.0000000;5725.0000000;5688.0000000;5702.0000000;313
SPFB.HYDR-3.20;60;20191223;180000;5702.0000000;5721.0000000;5697.0000000;5719.0000000;185
SPFB.HYDR-3.20;60;20191223;190000;5718.0000000;5720.0000000;5699.0000000;5700.0000000;812
SPFB.HYDR-3.20;60;20191223;200000;5694.0000000;5717.0000000;5693.0000000;5717.0000000;56
SPFB.HYDR-3.20;60;20191223;210000;5707.0000000;5712.0000000;5702.0000000;5709.0000000;19
SPFB.HYDR-3.20;60;20191223;220000;5710.0000000;5710.0000000;5706.0000000;5710.0000000;43
SPFB.HYDR-3.20;60;20191223;230000;5711.0000000;5716.0000000;5711.0000000;5716.0000000;35
SPFB.HYDR-3.20;60;20191224;000000;5711.0000000;5719.0000000;5711.0000000;5719.0000000;11
SPFB.HYDR-3.20;60;20191224;110000;5718.0000000;5772.0000000;5718.0000000;5759.0000000;1404
SPFB.HYDR-3.20;60;20191224;120000;5760.0000000;5805.0000000;5742.0000000;5801.0000000;1274
SPFB.HYDR-3.20;60;20191224;130000;5804.0000000;5828.0000000;5795.0000000;5814.0000000;2532
SPFB.HYDR-3.20;60;20191224;140000;5811.0000000;5812.0000000;5775.0000000;5784.0000000;781
SPFB.HYDR-3.20;60;20191224;150000;5779.0000000;5807.0000000;5767.0000000;5800.0000000;573
SPFB.HYDR-3.20;60;20191224;160000;5804.0000000;5809.0000000;5796.0000000;5804.0000000;383
SPFB.HYDR-3.20;60;20191224;170000;5796.0000000;5807.0000000;5791.0000000;5799.0000000;165
SPFB.HYDR-3.20;60;20191224;180000;5795.0000000;5795.0000000;5770.0000000;5779.0000000;306
SPFB.HYDR-3.20;60;20191224;190000;5791.0000000;5807.0000000;5783.0000000;5785.0000000;227
SPFB.HYDR-3.20;60;20191224;200000;5781.0000000;5808.0000000;5781.0000000;5789.0000000;22
SPFB.HYDR-3.20;60;20191224;210000;5800.0000000;5805.0000000;5787.0000000;5805.0000000;164
SPFB.HYDR-3.20;60;20191224;220000;5805.0000000;5822.0000000;5791.0000000;5793.0000000;64
SPFB.HYDR-3.20;60;20191224;230000;5793.0000000;5823.0000000;5793.0000000;5822.0000000;66
SPFB.HYDR-3.20;60;20191225;000000;5820.0000000;5820.0000000;5817.0000000;5817.0000000;2
SPFB.HYDR-3.20;60;20191225;110000;5819.0000000;5845.0000000;5790.0000000;5794.0000000;1367
SPFB.HYDR-3.20;60;20191225;120000;5797.0000000;5826.0000000;5797.0000000;5811.0000000;440
SPFB.HYDR-3.20;60;20191225;130000;5807.0000000;5811.0000000;5789.0000000;5797.0000000;838
SPFB.HYDR-3.20;60;20191225;140000;5797.0000000;5808.0000000;5795.0000000;5796.0000000;247
SPFB.HYDR-3.20;60;20191225;150000;5800.0000000;5800.0000000;5785.0000000;5788.0000000;308
SPFB.HYDR-3.20;60;20191225;160000;5791.0000000;5794.0000000;5737.0000000;5750.0000000;1313
SPFB.HYDR-3.20;60;20191225;170000;5749.0000000;5778.0000000;5734.0000000;5762.0000000;1234
SPFB.HYDR-3.20;60;20191225;180000;5763.0000000;5777.0000000;5745.0000000;5752.0000000;345
SPFB.HYDR-3.20;60;20191225;190000;5750.0000000;5761.0000000;5735.0000000;5742.0000000;193
SPFB.HYDR-3.20;60;20191225;200000;5752.0000000;5752.0000000;5654.0000000;5739.0000000;525
SPFB.HYDR-3.20;60;20191225;210000;5735.0000000;5735.0000000;5729.0000000;5729.0000000;30
SPFB.HYDR-3.20;60;20191225;220000;5726.0000000;5733.0000000;5726.0000000;5726.0000000;6
SPFB.HYDR-3.20;60;20191225;230000;5726.0000000;5729.0000000;5725.0000000;5729.0000000;11
SPFB.HYDR-3.20;60;20191226;000000;5733.0000000;5737.0000000;5730.0000000;5730.0000000;63
SPFB.HYDR-3.20;60;20191226;110000;5742.0000000;5770.0000000;5690.0000000;5757.0000000;1726
SPFB.HYDR-3.20;60;20191226;120000;5766.0000000;5776.0000000;5753.0000000;5767.0000000;343
SPFB.HYDR-3.20;60;20191226;130000;5762.0000000;5764.0000000;5743.0000000;5759.0000000;178
SPFB.HYDR-3.20;60;20191226;140000;5757.0000000;5757.0000000;5728.0000000;5742.0000000;131
SPFB.HYDR-3.20;60;20191226;150000;5735.0000000;5740.0000000;5721.0000000;5726.0000000;250
SPFB.HYDR-3.20;60;20191226;160000;5721.0000000;5726.0000000;5707.0000000;5720.0000000;345
SPFB.HYDR-3.20;60;20191226;170000;5717.0000000;5738.0000000;5707.0000000;5734.0000000;1169
SPFB.HYDR-3.20;60;20191226;180000;5737.0000000;5754.0000000;5737.0000000;5743.0000000;659
SPFB.HYDR-3.20;60;20191226;190000;5745.0000000;5754.0000000;5739.0000000;5745.0000000;122
SPFB.HYDR-3.20;60;20191226;200000;5756.0000000;5756.0000000;5752.0000000;5752.0000000;4
SPFB.HYDR-3.20;60;20191226;210000;5750.0000000;5750.0000000;5728.0000000;5728.0000000;37
SPFB.HYDR-3.20;60;20191226;220000;5743.0000000;5743.0000000;5721.0000000;5733.0000000;134
SPFB.HYDR-3.20;60;20191227;000000;5734.0000000;5741.0000000;5734.0000000;5741.0000000;37
SPFB.HYDR-3.20;60;20191227;110000;5743.0000000;5771.0000000;5735.0000000;5735.0000000;201
SPFB.HYDR-3.20;60;20191227;120000;5733.0000000;5743.0000000;5721.0000000;5725.0000000;578
SPFB.HYDR-3.20;60;20191227;130000;5727.0000000;5727.0000000;5719.0000000;5719.0000000;109
SPFB.HYDR-3.20;60;20191227;140000;5720.0000000;5731.0000000;5717.0000000;5729.0000000;98
SPFB.HYDR-3.20;60;20191227;150000;5739.0000000;5741.0000000;5724.0000000;5724.0000000;81
SPFB.HYDR-3.20;60;20191227;160000;5726.0000000;5730.0000000;5719.0000000;5729.0000000;136
SPFB.HYDR-3.20;60;20191227;170000;5726.0000000;5740.0000000;5722.0000000;5737.0000000;47
SPFB.HYDR-3.20;60;20191227;180000;5740.0000000;5742.0000000;5706.0000000;5710.0000000;330
SPFB.HYDR-3.20;60;20191227;190000;5710.0000000;5729.0000000;5707.0000000;5729.0000000;111
SPFB.HYDR-3.20;60;20191227;200000;5691.0000000;5727.0000000;5659.0000000;5726.0000000;270
SPFB.HYDR-3.20;60;20191227;210000;5720.0000000;5724.0000000;5716.0000000;5716.0000000;28
SPFB.HYDR-3.20;60;20191227;220000;5716.0000000;5719.0000000;5712.0000000;5719.0000000;39
SPFB.HYDR-3.20;60;20191227;230000;5720.0000000;5720.0000000;5720.0000000;5720.0000000;2
SPFB.HYDR-3.20;60;20191228;000000;5713.0000000;5713.0000000;5706.0000000;5706.0000000;53
SPFB.HYDR-3.20;60;20191230;110000;5720.0000000;5738.0000000;5716.0000000;5721.0000000;385
SPFB.HYDR-3.20;60;20191230;120000;5725.0000000;5725.0000000;5685.0000000;5685.0000000;147
SPFB.HYDR-3.20;60;20191230;130000;5690.0000000;5713.0000000;5690.0000000;5713.0000000;127
SPFB.HYDR-3.20;60;20191230;140000;5711.0000000;5711.0000000;5678.0000000;5678.0000000;378
SPFB.HYDR-3.20;60;20191230;150000;5689.0000000;5692.0000000;5683.0000000;5683.0000000;100
SPFB.HYDR-3.20;60;20191230;160000;5689.0000000;5695.0000000;5689.0000000;5690.0000000;23
SPFB.HYDR-3.20;60;20191230;170000;5681.0000000;5695.0000000;5681.0000000;5695.0000000;62
SPFB.HYDR-3.20;60;20191230;180000;5690.0000000;5696.0000000;5665.0000000;5671.0000000;254
SPFB.HYDR-3.20;60;20191230;190000;5665.0000000;5671.0000000;5609.0000000;5618.0000000;2169
SPFB.HYDR-3.20;60;20191230;200000;5620.0000000;5626.0000000;5610.0000000;5612.0000000;50
SPFB.HYDR-3.20;60;20191230;210000;5614.0000000;5633.0000000;5614.0000000;5633.0000000;52
SPFB.HYDR-3.20;60;20191230;220000;5634.0000000;5640.0000000;5630.0000000;5640.0000000;47
SPFB.HYDR-3.20;60;20191230;230000;5631.0000000;5631.0000000;5613.0000000;5613.0000000;17
SPFB.HYDR-3.20;60;20191231;000000;5620.0000000;5620.0000000;5610.0000000;5610.0000000;24
SPFB.HYDR-3.20;60;20200103;110000;5623.0000000;5684.0000000;5623.0000000;5654.0000000;937
SPFB.HYDR-3.20;60;20200103;120000;5654.0000000;5666.0000000;5636.0000000;5660.0000000;685
SPFB.HYDR-3.20;60;20200103;130000;5659.0000000;5661.0000000;5644.0000000;5659.0000000;162
SPFB.HYDR-3.20;60;20200103;140000;5656.0000000;5671.0000000;5642.0000000;5657.0000000;459
SPFB.HYDR-3.20;60;20200103;150000;5659.0000000;5660.0000000;5651.0000000;5653.0000000;66
SPFB.HYDR-3.20;60;20200103;160000;5653.0000000;5653.0000000;5640.0000000;5640.0000000;58
SPFB.HYDR-3.20;60;20200103;170000;5650.0000000;5650.0000000;5638.0000000;5640.0000000;121
SPFB.HYDR-3.20;60;20200103;180000;5644.0000000;5644.0000000;5603.0000000;5633.0000000;427
SPFB.HYDR-3.20;60;20200103;190000;5631.0000000;5652.0000000;5620.0000000;5620.0000000;354
SPFB.HYDR-3.20;60;20200103;200000;5642.0000000;5643.0000000;5621.0000000;5621.0000000;24
SPFB.HYDR-3.20;60;20200103;210000;5621.0000000;5621.0000000;5620.0000000;5621.0000000;34
SPFB.HYDR-3.20;60;20200103;220000;5617.0000000;5620.0000000;5616.0000000;5616.0000000;66
SPFB.HYDR-3.20;60;20200103;230000;5620.0000000;5620.0000000;5620.0000000;5620.0000000;1
SPFB.HYDR-3.20;60;20200104;000000;5617.0000000;5617.0000000;5617.0000000;5617.0000000;1
SPFB.HYDR-3.20;60;20200106;110000;5620.0000000;5669.0000000;5607.0000000;5663.0000000;1170
SPFB.HYDR-3.20;60;20200106;120000;5658.0000000;5702.0000000;5657.0000000;5683.0000000;491
SPFB.HYDR-3.20;60;20200106;130000;5681.0000000;5702.0000000;5681.0000000;5697.0000000;437
SPFB.HYDR-3.20;60;20200106;140000;5702.0000000;5708.0000000;5685.0000000;5702.0000000;246
SPFB.HYDR-3.20;60;20200106;150000;5697.0000000;5701.0000000;5692.0000000;5692.0000000;45
SPFB.HYDR-3.20;60;20200106;160000;5694.0000000;5695.0000000;5688.0000000;5690.0000000;103
SPFB.HYDR-3.20;60;20200106;170000;5684.0000000;5690.0000000;5680.0000000;5690.0000000;27
SPFB.HYDR-3.20;60;20200106;180000;5682.0000000;5696.0000000;5682.0000000;5696.0000000;66
SPFB.HYDR-3.20;60;20200106;190000;5694.0000000;5697.0000000;5674.0000000;5676.0000000;136
SPFB.HYDR-3.20;60;20200106;200000;5676.0000000;5682.0000000;5672.0000000;5682.0000000;14
SPFB.HYDR-3.20;60;20200106;210000;5672.0000000;5680.0000000;5652.0000000;5680.0000000;52
SPFB.HYDR-3.20;60;20200106;220000;5676.0000000;5682.0000000;5676.0000000;5682.0000000;30
SPFB.HYDR-3.20;60;20200106;230000;5678.0000000;5679.0000000;5678.0000000;5679.0000000;6
SPFB.HYDR-3.20;60;20200107;000000;5675.0000000;5675.0000000;5675.0000000;5675.0000000;5
SPFB.HYDR-3.20;60;20200108;110000;5651.0000000;5718.0000000;5636.0000000;5707.0000000;1226
SPFB.HYDR-3.20;60;20200108;120000;5708.0000000;5709.0000000;5644.0000000;5655.0000000;627
SPFB.HYDR-3.20;60;20200108;130000;5655.0000000;5672.0000000;5651.0000000;5669.0000000;101
SPFB.HYDR-3.20;60;20200108;140000;5670.0000000;5678.0000000;5655.0000000;5655.0000000;193
SPFB.HYDR-3.20;60;20200108;150000;5657.0000000;5792.0000000;5657.0000000;5742.0000000;1030
SPFB.HYDR-3.20;60;20200108;160000;5747.0000000;5748.0000000;5723.0000000;5735.0000000;521
SPFB.HYDR-3.20;60;20200108;170000;5739.0000000;5740.0000000;5722.0000000;5734.0000000;446
SPFB.HYDR-3.20;60;20200108;180000;5730.0000000;5732.0000000;5711.0000000;5716.0000000;535
SPFB.HYDR-3.20;60;20200108;190000;5713.0000000;5735.0000000;5703.0000000;5720.0000000;322
SPFB.HYDR-3.20;60;20200108;200000;5737.0000000;5737.0000000;5717.0000000;5717.0000000;154
SPFB.HYDR-3.20;60;20200108;210000;5723.0000000;5733.0000000;5710.0000000;5724.0000000;75
SPFB.HYDR-3.20;60;20200108;220000;5726.0000000;5738.0000000;5720.0000000;5727.0000000;33
SPFB.HYDR-3.20;60;20200108;230000;5729.0000000;5739.0000000;5720.0000000;5720.0000000;93
SPFB.HYDR-3.20;60;20200109;000000;5735.0000000;5740.0000000;5735.0000000;5740.0000000;12
SPFB.HYDR-3.20;60;20200109;110000;5741.0000000;5786.0000000;5721.0000000;5786.0000000;1271
SPFB.HYDR-3.20;60;20200109;120000;5780.0000000;5789.0000000;5754.0000000;5789.0000000;659
SPFB.HYDR-3.20;60;20200109;130000;5789.0000000;5966.0000000;5789.0000000;5916.0000000;5847
SPFB.HYDR-3.20;60;20200109;140000;5920.0000000;5920.0000000;5877.0000000;5895.0000000;1276
SPFB.HYDR-3.20;60;20200109;150000;5897.0000000;5950.0000000;5891.0000000;5944.0000000;1577
SPFB.HYDR-3.20;60;20200109;160000;5940.0000000;5950.0000000;5891.0000000;5942.0000000;2401
SPFB.HYDR-3.20;60;20200109;170000;5943.0000000;5971.0000000;5909.0000000;5939.0000000;622
SPFB.HYDR-3.20;60;20200109;180000;5941.0000000;5941.0000000;5858.0000000;5890.0000000;714
SPFB.HYDR-3.20;60;20200109;190000;5885.0000000;5910.0000000;5878.0000000;5885.0000000;763
SPFB.HYDR-3.20;60;20200109;200000;5895.0000000;5906.0000000;5875.0000000;5905.0000000;187
SPFB.HYDR-3.20;60;20200109;210000;5908.0000000;5910.0000000;5892.0000000;5909.0000000;57
SPFB.HYDR-3.20;60;20200109;220000;5908.0000000;5919.0000000;5902.0000000;5919.0000000;53
SPFB.HYDR-3.20;60;20200109;230000;5915.0000000;5921.0000000;5895.0000000;5919.0000000;111
SPFB.HYDR-3.20;60;20200110;000000;5919.0000000;5928.0000000;5900.0000000;5928.0000000;149
SPFB.HYDR-3.20;60;20200110;110000;5921.0000000;6031.0000000;5921.0000000;5972.0000000;2931
SPFB.HYDR-3.20;60;20200110;120000;5976.0000000;5985.0000000;5930.0000000;5968.0000000;1166
SPFB.HYDR-3.20;60;20200110;130000;5960.0000000;5968.0000000;5935.0000000;5952.0000000;402
SPFB.HYDR-3.20;60;20200110;140000;5955.0000000;5976.0000000;5932.0000000;5938.0000000;1669
SPFB.HYDR-3.20;60;20200110;150000;5951.0000000;5996.0000000;5951.0000000;5968.0000000;638
SPFB.HYDR-3.20;60;20200110;160000;5970.0000000;5995.0000000;5957.0000000;5983.0000000;558
SPFB.HYDR-3.20;60;20200110;170000;5982.0000000;6007.0000000;5971.0000000;6001.0000000;712
SPFB.HYDR-3.20;60;20200110;180000;5993.0000000;5998.0000000;5970.0000000;5988.0000000;608
SPFB.HYDR-3.20;60;20200110;190000;5986.0000000;5988.0000000;5961.0000000;5962.0000000;368
SPFB.HYDR-3.20;60;20200110;200000;5976.0000000;5976.0000000;5945.0000000;5955.0000000;80
SPFB.HYDR-3.20;60;20200110;210000;5955.0000000;5955.0000000;5946.0000000;5947.0000000;11
SPFB.HYDR-3.20;60;20200110;220000;5951.0000000;5951.0000000;5951.0000000;5951.0000000;1
SPFB.HYDR-3.20;60;20200110;230000;5952.0000000;5962.0000000;5948.0000000;5948.0000000;41
SPFB.HYDR-3.20;60;20200111;000000;5947.0000000;5947.0000000;5932.0000000;5934.0000000;108
SPFB.HYDR-3.20;60;20200113;110000;5958.0000000;6070.0000000;5958.0000000;6036.0000000;2229
SPFB.HYDR-3.20;60;20200113;120000;6032.0000000;6045.0000000;5995.0000000;6041.0000000;1388
SPFB.HYDR-3.20;60;20200113;130000;6034.0000000;6132.0000000;6033.0000000;6103.0000000;2465
SPFB.HYDR-3.20;60;20200113;140000;6094.0000000;6103.0000000;6064.0000000;6071.0000000;827
SPFB.HYDR-3.20;60;20200113;150000;6085.0000000;6089.0000000;6046.0000000;6067.0000000;838
SPFB.HYDR-3.20;60;20200113;160000;6077.0000000;6135.0000000;6070.0000000;6125.0000000;2005
SPFB.HYDR-3.20;60;20200113;170000;6125.0000000;6146.0000000;6119.0000000;6144.0000000;1890
SPFB.HYDR-3.20;60;20200113;180000;6144.0000000;6147.0000000;6092.0000000;6115.0000000;2320
SPFB.HYDR-3.20;60;20200113;190000;6115.0000000;6165.0000000;6109.0000000;6150.0000000;3116
SPFB.HYDR-3.20;60;20200113;200000;6165.0000000;6240.0000000;6135.0000000;6180.0000000;260
SPFB.HYDR-3.20;60;20200113;210000;6161.0000000;6190.0000000;6156.0000000;6181.0000000;121
SPFB.HYDR-3.20;60;20200113;220000;6193.0000000;6200.0000000;6190.0000000;6190.0000000;87
SPFB.HYDR-3.20;60;20200113;230000;6196.0000000;6200.0000000;6190.0000000;6190.0000000;169
SPFB.HYDR-3.20;60;20200114;000000;6191.0000000;6208.0000000;6191.0000000;6208.0000000;112
SPFB.HYDR-3.20;60;20200114;110000;6210.0000000;6538.0000000;6210.0000000;6471.0000000;11053
SPFB.HYDR-3.20;60;20200114;120000;6484.0000000;6557.0000000;6426.0000000;6465.0000000;8880
SPFB.HYDR-3.20;60;20200114;130000;6468.0000000;6549.0000000;6468.0000000;6546.0000000;3517
SPFB.HYDR-3.20;60;20200114;140000;6540.0000000;6747.0000000;6539.0000000;6740.0000000;14547
SPFB.HYDR-3.20;60;20200114;150000;6748.0000000;7217.0000000;6732.0000000;7014.0000000;43985
SPFB.HYDR-3.20;60;20200114;160000;7015.0000000;7087.0000000;6830.0000000;6946.0000000;19474
SPFB.HYDR-3.20;60;20200114;170000;6955.0000000;7052.0000000;6893.0000000;6983.0000000;10270
SPFB.HYDR-3.20;60;20200114;180000;6972.0000000;7017.0000000;6936.0000000;6937.0000000;5434
SPFB.HYDR-3.20;60;20200114;190000;6935.0000000;7020.0000000;6892.0000000;6960.0000000;10993
SPFB.HYDR-3.20;60;20200114;200000;6999.0000000;7100.0000000;6989.0000000;7100.0000000;3259
SPFB.HYDR-3.20;60;20200114;210000;7089.0000000;7117.0000000;7070.0000000;7081.0000000;2111
SPFB.HYDR-3.20;60;20200114;220000;7088.0000000;7095.0000000;7041.0000000;7095.0000000;1011
SPFB.HYDR-3.20;60;20200114;230000;7092.0000000;7107.0000000;7057.0000000;7084.0000000;1742
SPFB.HYDR-3.20;60;20200115;000000;7088.0000000;7167.0000000;7088.0000000;7140.0000000;1630
SPFB.HYDR-3.20;60;20200115;110000;7125.0000000;7133.0000000;6751.0000000;6902.0000000;38899
SPFB.HYDR-3.20;60;20200115;120000;6910.0000000;6963.0000000;6860.0000000;6927.0000000;10269
SPFB.HYDR-3.20;60;20200115;130000;6925.0000000;6925.0000000;6800.0000000;6850.0000000;4811
SPFB.HYDR-3.20;60;20200115;140000;6843.0000000;6866.0000000;6786.0000000;6842.0000000;5260
SPFB.HYDR-3.20;60;20200115;150000;6839.0000000;6890.0000000;6806.0000000;6838.0000000;6295
SPFB.HYDR-3.20;60;20200115;160000;6836.0000000;6874.0000000;6836.0000000;6853.0000000;1684
SPFB.HYDR-3.20;60;20200115;170000;6855.0000000;6891.0000000;6666.0000000;6763.0000000;20463
SPFB.HYDR-3.20;60;20200115;180000;6756.0000000;6863.0000000;6642.0000000;6827.0000000;14127
SPFB.HYDR-3.20;60;20200115;190000;6823.0000000;6823.0000000;6704.0000000;6747.0000000;15085
SPFB.HYDR-3.20;60;20200115;200000;6748.0000000;6780.0000000;6728.0000000;6757.0000000;595
SPFB.HYDR-3.20;60;20200115;210000;6776.0000000;6776.0000000;6750.0000000;6770.0000000;126
SPFB.HYDR-3.20;60;20200115;220000;6773.0000000;6774.0000000;6757.0000000;6768.0000000;101
SPFB.HYDR-3.20;60;20200115;230000;6757.0000000;6779.0000000;6710.0000000;6733.0000000;346
SPFB.HYDR-3.20;60;20200116;000000;6727.0000000;6747.0000000;6712.0000000;6747.0000000;163
SPFB.HYDR-3.20;60;20200116;110000;6747.0000000;6993.0000000;6747.0000000;6923.0000000;23874
SPFB.HYDR-3.20;60;20200116;120000;6923.0000000;6927.0000000;6783.0000000;6849.0000000;8995
SPFB.HYDR-3.20;60;20200116;130000;6843.0000000;6858.0000000;6805.0000000;6820.0000000;5698
SPFB.HYDR-3.20;60;20200116;140000;6821.0000000;6849.0000000;6804.0000000;6842.0000000;2928
SPFB.HYDR-3.20;60;20200116;150000;6840.0000000;6840.0000000;6805.0000000;6805.0000000;2050
SPFB.HYDR-3.20;60;20200116;160000;6817.0000000;6820.0000000;6765.0000000;6775.0000000;3187
SPFB.HYDR-3.20;60;20200116;170000;6770.0000000;6783.0000000;6743.0000000;6758.0000000;1519
SPFB.HYDR-3.20;60;20200116;180000;6760.0000000;6779.0000000;6754.0000000;6770.0000000;1024
SPFB.HYDR-3.20;60;20200116;190000;6772.0000000;6781.0000000;6418.0000000;6495.0000000;40380
SPFB.HYDR-3.20;60;20200116;200000;6443.0000000;6489.0000000;6407.0000000;6424.0000000;3469
SPFB.HYDR-3.20;60;20200116;210000;6428.0000000;6444.0000000;6303.0000000;6318.0000000;6478
SPFB.HYDR-3.20;60;20200116;220000;6330.0000000;6368.0000000;6330.0000000;6354.0000000;1393
SPFB.HYDR-3.20;60;20200116;230000;6354.0000000;6383.0000000;6347.0000000;6372.0000000;1418
SPFB.HYDR-3.20;60;20200117;000000;6372.0000000;6376.0000000;6345.0000000;6372.0000000;675
SPFB.HYDR-3.20;60;20200117;110000;6351.0000000;6595.0000000;6340.0000000;6487.0000000;23308
SPFB.HYDR-3.20;60;20200117;120000;6488.0000000;6559.0000000;6481.0000000;6517.0000000;8780
SPFB.HYDR-3.20;60;20200117;130000;6521.0000000;6630.0000000;6506.0000000;6594.0000000;7354
SPFB.HYDR-3.20;60;20200117;140000;6586.0000000;6696.0000000;6570.0000000;6651.0000000;11903
SPFB.HYDR-3.20;60;20200117;150000;6650.0000000;6676.0000000;6530.0000000;6645.0000000;9908
SPFB.HYDR-3.20;60;20200117;160000;6646.0000000;6662.0000000;6580.0000000;6601.0000000;4514
SPFB.HYDR-3.20;60;20200117;170000;6606.0000000;6609.0000000;6547.0000000;6581.0000000;2502
SPFB.HYDR-3.20;60;20200117;180000;6582.0000000;6630.0000000;6567.0000000;6628.0000000;4008
SPFB.HYDR-3.20;60;20200117;190000;6626.0000000;6692.0000000;6604.0000000;6663.0000000;2876
SPFB.HYDR-3.20;60;20200117;200000;6618.0000000;6618.0000000;6275.0000000;6550.0000000;4846
SPFB.HYDR-3.20;60;20200117;210000;6545.0000000;6570.0000000;6532.0000000;6539.0000000;261
SPFB.HYDR-3.20;60;20200117;220000;6554.0000000;6600.0000000;6508.0000000;6508.0000000;2181
SPFB.HYDR-3.20;60;20200117;230000;6525.0000000;6560.0000000;6520.0000000;6550.0000000;196
SPFB.HYDR-3.20;60;20200118;000000;6558.0000000;6588.0000000;6550.0000000;6588.0000000;352
SPFB.HYDR-3.20;60;20200120;110000;6594.0000000;6835.0000000;6594.0000000;6764.0000000;13529
SPFB.HYDR-3.20;60;20200120;120000;6768.0000000;6790.0000000;6741.0000000;6770.0000000;5023
SPFB.HYDR-3.20;60;20200120;130000;6769.0000000;6899.0000000;6756.0000000;6869.0000000;7799
SPFB.HYDR-3.20;60;20200120;140000;6871.0000000;6899.0000000;6843.0000000;6883.0000000;3614
SPFB.HYDR-3.20;60;20200120;150000;6888.0000000;6988.0000000;6879.0000000;6887.0000000;18920
SPFB.HYDR-3.20;60;20200120;160000;6890.0000000;6892.0000000;6818.0000000;6887.0000000;4495
SPFB.HYDR-3.20;60;20200120;170000;6889.0000000;6893.0000000;6824.0000000;6860.0000000;5060
SPFB.HYDR-3.20;60;20200120;180000;6857.0000000;6920.0000000;6848.0000000;6897.0000000;1968
SPFB.HYDR-3.20;60;20200120;190000;6901.0000000;6901.0000000;6795.0000000;6832.0000000;9827
SPFB.HYDR-3.20;60;20200120;200000;6834.0000000;6879.0000000;6802.0000000;6854.0000000;640
SPFB.HYDR-3.20;60;20200120;210000;6850.0000000;6890.0000000;6802.0000000;6825.0000000;1060
SPFB.HYDR-3.20;60;20200120;220000;6825.0000000;6842.0000000;6802.0000000;6827.0000000;664
SPFB.HYDR-3.20;60;20200120;230000;6836.0000000;6867.0000000;6830.0000000;6860.0000000;143
SPFB.HYDR-3.20;60;20200121;000000;6859.0000000;6893.0000000;6854.0000000;6868.0000000;532
SPFB.HYDR-3.20;60;20200121;110000;6845.0000000;6845.0000000;6701.0000000;6779.0000000;7947
SPFB.HYDR-3.20;60;20200121;120000;6780.0000000;6815.0000000;6763.0000000;6775.0000000;1616
SPFB.HYDR-3.20;60;20200121;130000;6775.0000000;6791.0000000;6738.0000000;6767.0000000;2191
SPFB.HYDR-3.20;60;20200121;140000;6767.0000000;6797.0000000;6738.0000000;6745.0000000;731
SPFB.HYDR-3.20;60;20200121;150000;6750.0000000;6769.0000000;6740.0000000;6768.0000000;600
SPFB.HYDR-3.20;60;20200121;160000;6769.0000000;6770.0000000;6721.0000000;6736.0000000;764
SPFB.HYDR-3.20;60;20200121;170000;6733.0000000;6735.0000000;6659.0000000;6682.0000000;4339
SPFB.HYDR-3.20;60;20200121;180000;6682.0000000;6716.0000000;6680.0000000;6714.0000000;1919
SPFB.HYDR-3.20;60;20200121;190000;6704.0000000;6717.0000000;6662.0000000;6706.0000000;2912
SPFB.HYDR-3.20;60;20200121;200000;6700.0000000;6800.0000000;6680.0000000;6758.0000000;1101
SPFB.HYDR-3.20;60;20200121;210000;6759.0000000;6770.0000000;6748.0000000;6770.0000000;284
SPFB.HYDR-3.20;60;20200121;220000;6773.0000000;6780.0000000;6752.0000000;6765.0000000;245
SPFB.HYDR-3.20;60;20200121;230000;6765.0000000;6765.0000000;6745.0000000;6750.0000000;312
SPFB.HYDR-3.20;60;20200122;000000;6756.0000000;6764.0000000;6739.0000000;6757.0000000;175
SPFB.HYDR-3.20;60;20200122;110000;6766.0000000;6815.0000000;6671.0000000;6719.0000000;5072
SPFB.HYDR-3.20;60;20200122;120000;6719.0000000;6742.0000000;6690.0000000;6716.0000000;2582
SPFB.HYDR-3.20;60;20200122;130000;6712.0000000;6806.0000000;6699.0000000;6756.0000000;5418
SPFB.HYDR-3.20;60;20200122;140000;6758.0000000;6770.0000000;6713.0000000;6726.0000000;1582
SPFB.HYDR-3.20;60;20200122;150000;6736.0000000;6782.0000000;6601.0000000;6651.0000000;5826
SPFB.HYDR-3.20;60;20200122;160000;6652.0000000;6697.0000000;6606.0000000;6675.0000000;3302
SPFB.HYDR-3.20;60;20200122;170000;6669.0000000;6706.0000000;6649.0000000;6675.0000000;1322
SPFB.HYDR-3.20;60;20200122;180000;6685.0000000;6697.0000000;6671.0000000;6692.0000000;780
SPFB.HYDR-3.20;60;20200122;190000;6694.0000000;6718.0000000;6670.0000000;6688.0000000;1455
SPFB.HYDR-3.20;60;20200122;200000;6688.0000000;6688.0000000;6664.0000000;6665.0000000;41
SPFB.HYDR-3.20;60;20200122;210000;6669.0000000;6669.0000000;6630.0000000;6641.0000000;256
SPFB.HYDR-3.20;60;20200122;220000;6657.0000000;6676.0000000;6657.0000000;6675.0000000;43
SPFB.HYDR-3.20;60;20200122;230000;6676.0000000;6677.0000000;6654.0000000;6674.0000000;41
SPFB.HYDR-3.20;60;20200123;000000;6675.0000000;6675.0000000;6659.0000000;6659.0000000;128
SPFB.HYDR-3.20;60;20200123;110000;6659.0000000;6659.0000000;6512.0000000;6561.0000000;5975
SPFB.HYDR-3.20;60;20200123;120000;6563.0000000;6631.0000000;6561.0000000;6623.0000000;3144
SPFB.HYDR-3.20;60;20200123;130000;6624.0000000;6898.0000000;6612.0000000;6830.0000000;10806
SPFB.HYDR-3.20;60;20200123;140000;6827.0000000;6848.0000000;6761.0000000;6839.0000000;3716
SPFB.HYDR-3.20;60;20200123;150000;6834.0000000;6849.0000000;6805.0000000;6824.0000000;1914
SPFB.HYDR-3.20;60;20200123;160000;6831.0000000;6849.0000000;6790.0000000;6814.0000000;1824
SPFB.HYDR-3.20;60;20200123;170000;6817.0000000;6823.0000000;6740.0000000;6766.0000000;1238
SPFB.HYDR-3.20;60;20200123;180000;6770.0000000;6990.0000000;6770.0000000;6883.0000000;16043
SPFB.HYDR-3.20;60;20200123;190000;6878.0000000;6910.0000000;6839.0000000;6894.0000000;2792
SPFB.HYDR-3.20;60;20200123;200000;6901.0000000;6905.0000000;6871.0000000;6881.0000000;219
SPFB.HYDR-3.20;60;20200123;210000;6877.0000000;6894.0000000;6867.0000000;6879.0000000;184
SPFB.HYDR-3.20;60;20200123;220000;6879.0000000;6889.0000000;6851.0000000;6887.0000000;201
SPFB.HYDR-3.20;60;20200123;230000;6871.0000000;6966.0000000;6871.0000000;6935.0000000;1367
SPFB.HYDR-3.20;60;20200124;000000;6934.0000000;7149.0000000;6921.0000000;7082.0000000;9258
SPFB.HYDR-3.20;60;20200124;110000;7060.0000000;7120.0000000;7002.0000000;7070.0000000;15976
SPFB.HYDR-3.20;60;20200124;120000;7072.0000000;7102.0000000;7031.0000000;7046.0000000;4900
SPFB.HYDR-3.20;60;20200124;130000;7053.0000000;7057.0000000;6919.0000000;6938.0000000;7456
SPFB.HYDR-3.20;60;20200124;140000;6944.0000000;7068.0000000;6929.0000000;7046.0000000;3678
SPFB.HYDR-3.20;60;20200124;150000;7043.0000000;7049.0000000;7001.0000000;7008.0000000;2073
SPFB.HYDR-3.20;60;20200124;160000;7011.0000000;7075.0000000;6997.0000000;7038.0000000;2961
SPFB.HYDR-3.20;60;20200124;170000;7036.0000000;7043.0000000;6999.0000000;7005.0000000;2542
SPFB.HYDR-3.20;60;20200124;180000;7010.0000000;7022.0000000;6961.0000000;7005.0000000;4160
SPFB.HYDR-3.20;60;20200124;190000;7006.0000000;7031.0000000;6992.0000000;7029.0000000;1006
SPFB.HYDR-3.20;60;20200124;200000;7030.0000000;7041.0000000;6913.0000000;6962.0000000;1563
SPFB.HYDR-3.20;60;20200124;210000;6962.0000000;7008.0000000;6880.0000000;7004.0000000;3313
SPFB.HYDR-3.20;60;20200124;220000;6993.0000000;7086.0000000;6979.0000000;7009.0000000;1580
SPFB.HYDR-3.20;60;20200124;230000;7026.0000000;7026.0000000;6981.0000000;7008.0000000;294
SPFB.HYDR-3.20;60;20200125;000000;7008.0000000;7025.0000000;6983.0000000;6991.0000000;193
SPFB.HYDR-3.20;60;20200127;110000;6990.0000000;7005.0000000;6883.0000000;6951.0000000;6763
SPFB.HYDR-3.20;60;20200127;120000;6954.0000000;6968.0000000;6857.0000000;6895.0000000;10108
SPFB.HYDR-3.20;60;20200127;130000;6897.0000000;6897.0000000;6730.0000000;6740.0000000;11070
SPFB.HYDR-3.20;60;20200127;140000;6745.0000000;6803.0000000;6695.0000000;6749.0000000;4619
SPFB.HYDR-3.20;60;20200127;150000;6747.0000000;6833.0000000;6710.0000000;6787.0000000;4152
SPFB.HYDR-3.20;60;20200127;160000;6800.0000000;6839.0000000;6778.0000000;6788.0000000;1826
SPFB.HYDR-3.20;60;20200127;170000;6782.0000000;6797.0000000;6745.0000000;6777.0000000;1993
SPFB.HYDR-3.20;60;20200127;180000;6770.0000000;6922.0000000;6764.0000000;6882.0000000;3506
SPFB.HYDR-3.20;60;20200127;190000;6890.0000000;6896.0000000;6817.0000000;6825.0000000;1999
SPFB.HYDR-3.20;60;20200127;200000;6816.0000000;6834.0000000;6810.0000000;6834.0000000;148
SPFB.HYDR-3.20;60;20200127;210000;6836.0000000;6849.0000000;6821.0000000;6830.0000000;133
SPFB.HYDR-3.20;60;20200127;220000;6840.0000000;6840.0000000;6821.0000000;6830.0000000;34
SPFB.HYDR-3.20;60;20200127;230000;6830.0000000;6834.0000000;6810.0000000;6810.0000000;71
SPFB.HYDR-3.20;60;20200128;000000;6811.0000000;6826.0000000;6807.0000000;6826.0000000;207
SPFB.HYDR-3.20;60;20200128;110000;6828.0000000;6919.0000000;6828.0000000;6875.0000000;3732
SPFB.HYDR-3.20;60;20200128;120000;6862.0000000;6949.0000000;6823.0000000;6863.0000000;5049
SPFB.HYDR-3.20;60;20200128;130000;6862.0000000;6862.0000000;6760.0000000;6835.0000000;5269
SPFB.HYDR-3.20;60;20200128;140000;6830.0000000;6874.0000000;6805.0000000;6850.0000000;1446
SPFB.HYDR-3.20;60;20200128;150000;6862.0000000;6923.0000000;6854.0000000;6923.0000000;1126
SPFB.HYDR-3.20;60;20200128;160000;6920.0000000;6923.0000000;6881.0000000;6881.0000000;2005
SPFB.HYDR-3.20;60;20200128;170000;6885.0000000;6948.0000000;6881.0000000;6910.0000000;1911
SPFB.HYDR-3.20;60;20200128;180000;6915.0000000;6919.0000000;6887.0000000;6892.0000000;974
SPFB.HYDR-3.20;60;20200128;190000;6901.0000000;6940.0000000;6900.0000000;6922.0000000;1361
SPFB.HYDR-3.20;60;20200128;200000;6897.0000000;6939.0000000;6896.0000000;6928.0000000;153
SPFB.HYDR-3.20;60;20200128;210000;6930.0000000;6944.0000000;6924.0000000;6940.0000000;172
SPFB.HYDR-3.20;60;20200128;220000;6929.0000000;6935.0000000;6922.0000000;6922.0000000;24
SPFB.HYDR-3.20;60;20200128;230000;6925.0000000;6938.0000000;6925.0000000;6938.0000000;90
SPFB.HYDR-3.20;60;20200129;000000;6930.0000000;6940.0000000;6926.0000000;6938.0000000;126
SPFB.HYDR-3.20;60;20200129;110000;6939.0000000;6988.0000000;6874.0000000;6901.0000000;3077
SPFB.HYDR-3.20;60;20200129;120000;6905.0000000;6939.0000000;6863.0000000;6939.0000000;1834
SPFB.HYDR-3.20;60;20200129;130000;6939.0000000;7139.0000000;6927.0000000;7086.0000000;17263
SPFB.HYDR-3.20;60;20200129;140000;7083.0000000;7228.0000000;7083.0000000;7152.0000000;20218
SPFB.HYDR-3.20;60;20200129;150000;7155.0000000;7174.0000000;7082.0000000;7111.0000000;6608
SPFB.HYDR-3.20;60;20200129;160000;7105.0000000;7145.0000000;7061.0000000;7082.0000000;2552
SPFB.HYDR-3.20;60;20200129;170000;7078.0000000;7159.0000000;7050.0000000;7138.0000000;5880
SPFB.HYDR-3.20;60;20200129;180000;7138.0000000;7150.0000000;7063.0000000;7069.0000000;3853
SPFB.HYDR-3.20;60;20200129;190000;7067.0000000;7121.0000000;7041.0000000;7115.0000000;3127
SPFB.HYDR-3.20;60;20200129;200000;7113.0000000;7195.0000000;7109.0000000;7165.0000000;1861
SPFB.HYDR-3.20;60;20200129;210000;7164.0000000;7166.0000000;7147.0000000;7163.0000000;379
SPFB.HYDR-3.20;60;20200129;220000;7162.0000000;7175.0000000;7161.0000000;7168.0000000;199
SPFB.HYDR-3.20;60;20200129;230000;7170.0000000;7179.0000000;7151.0000000;7179.0000000;282
SPFB.HYDR-3.20;60;20200130;000000;7179.0000000;7180.0000000;7159.0000000;7160.0000000;299
SPFB.HYDR-3.20;60;20200130;110000;7167.0000000;7167.0000000;6992.0000000;7023.0000000;8539
SPFB.HYDR-3.20;60;20200130;120000;7017.0000000;7214.0000000;7014.0000000;7162.0000000;7766
SPFB.HYDR-3.20;60;20200130;130000;7174.0000000;7208.0000000;7125.0000000;7132.0000000;5981
SPFB.HYDR-3.20;60;20200130;140000;7133.0000000;7221.0000000;7105.0000000;7178.0000000;4384
SPFB.HYDR-3.20;60;20200130;150000;7177.0000000;7187.0000000;7038.0000000;7108.0000000;8852
SPFB.HYDR-3.20;60;20200130;160000;7107.0000000;7117.0000000;7071.0000000;7090.0000000;1795
SPFB.HYDR-3.20;60;20200130;170000;7102.0000000;7168.0000000;7091.0000000;7133.0000000;3304
SPFB.HYDR-3.20;60;20200130;180000;7122.0000000;7179.0000000;7122.0000000;7146.0000000;3004
SPFB.HYDR-3.20;60;20200130;190000;7146.0000000;7153.0000000;7081.0000000;7091.0000000;2842
SPFB.HYDR-3.20;60;20200130;200000;7071.0000000;7129.0000000;7057.0000000;7126.0000000;278
SPFB.HYDR-3.20;60;20200130;210000;7126.0000000;7126.0000000;7073.0000000;7082.0000000;905
SPFB.HYDR-3.20;60;20200130;220000;7082.0000000;7084.0000000;7030.0000000;7050.0000000;1035
SPFB.HYDR-3.20;60;20200130;230000;7045.0000000;7092.0000000;7042.0000000;7092.0000000;272
SPFB.HYDR-3.20;60;20200131;000000;7088.0000000;7115.0000000;7067.0000000;7114.0000000;848
SPFB.HYDR-3.20;60;20200131;110000;7114.0000000;7277.0000000;7113.0000000;7239.0000000;16368
SPFB.HYDR-3.20;60;20200131;120000;7238.0000000;7293.0000000;7203.0000000;7263.0000000;7187
SPFB.HYDR-3.20;60;20200131;130000;7264.0000000;7272.0000000;7187.0000000;7212.0000000;10414
SPFB.HYDR-3.20;60;20200131;140000;7218.0000000;7223.0000000;7100.0000000;7143.0000000;12491
SPFB.HYDR-3.20;60;20200131;150000;7144.0000000;7189.0000000;7065.0000000;7098.0000000;9491
SPFB.HYDR-3.20;60;20200131;160000;7090.0000000;7144.0000000;7076.0000000;7085.0000000;3159
SPFB.HYDR-3.20;60;20200131;170000;7077.0000000;7104.0000000;7066.0000000;7097.0000000;1863
SPFB.HYDR-3.20;60;20200131;180000;7093.0000000;7130.0000000;6995.0000000;7020.0000000;5753
SPFB.HYDR-3.20;60;20200131;190000;7017.0000000;7025.0000000;6914.0000000;6936.0000000;10243
SPFB.HYDR-3.20;60;20200131;200000;6927.0000000;6982.0000000;6851.0000000;6959.0000000;887
SPFB.HYDR-3.20;60;20200131;210000;6953.0000000;6960.0000000;6926.0000000;6950.0000000;192
SPFB.HYDR-3.20;60;20200131;220000;6950.0000000;6959.0000000;6930.0000000;6956.0000000;495
SPFB.HYDR-3.20;60;20200131;230000;6955.0000000;6970.0000000;6934.0000000;6939.0000000;359
SPFB.HYDR-3.20;60;20200201;000000;6945.0000000;6945.0000000;6931.0000000;6939.0000000;332
SPFB.HYDR-3.20;60;20200203;110000;6932.0000000;7040.0000000;6862.0000000;7032.0000000;12731
SPFB.HYDR-3.20;60;20200203;120000;7033.0000000;7056.0000000;6945.0000000;7007.0000000;6551
SPFB.HYDR-3.20;60;20200203;130000;7005.0000000;7063.0000000;6999.0000000;7016.0000000;2741
SPFB.HYDR-3.20;60;20200203;140000;7020.0000000;7064.0000000;7018.0000000;7041.0000000;2036
SPFB.HYDR-3.20;60;20200203;150000;7039.0000000;7059.0000000;7035.0000000;7054.0000000;910
SPFB.HYDR-3.20;60;20200203;160000;7051.0000000;7056.0000000;6968.0000000;7019.0000000;2757
SPFB.HYDR-3.20;60;20200203;170000;7024.0000000;7050.0000000;6991.0000000;7029.0000000;1435
SPFB.HYDR-3.20;60;20200203;180000;7031.0000000;7058.0000000;7015.0000000;7055.0000000;2079
SPFB.HYDR-3.20;60;20200203;190000;7053.0000000;7075.0000000;7038.0000000;7050.0000000;3583
SPFB.HYDR-3.20;60;20200203;200000;7064.0000000;7136.0000000;7045.0000000;7050.0000000;1225
SPFB.HYDR-3.20;60;20200203;210000;7059.0000000;7060.0000000;7022.0000000;7045.0000000;212
SPFB.HYDR-3.20;60;20200203;220000;7043.0000000;7110.0000000;7043.0000000;7064.0000000;338
SPFB.HYDR-3.20;60;20200203;230000;7067.0000000;7094.0000000;7065.0000000;7084.0000000;58
SPFB.HYDR-3.20;60;20200204;000000;7086.0000000;7098.0000000;7069.0000000;7080.0000000;499
SPFB.HYDR-3.20;60;20200204;110000;7096.0000000;7249.0000000;7095.0000000;7182.0000000;12500
SPFB.HYDR-3.20;60;20200204;120000;7183.0000000;7191.0000000;7100.0000000;7150.0000000;4444
SPFB.HYDR-3.20;60;20200204;130000;7145.0000000;7150.0000000;7109.0000000;7133.0000000;1649
SPFB.HYDR-3.20;60;20200204;140000;7124.0000000;7166.0000000;7123.0000000;7154.0000000;1892
SPFB.HYDR-3.20;60;20200204;150000;7145.0000000;7188.0000000;7137.0000000;7159.0000000;1268
SPFB.HYDR-3.20;60;20200204;160000;7165.0000000;7165.0000000;7131.0000000;7149.0000000;1309
SPFB.HYDR-3.20;60;20200204;170000;7147.0000000;7156.0000000;7101.0000000;7120.0000000;1528
SPFB.HYDR-3.20;60;20200204;180000;7126.0000000;7133.0000000;7110.0000000;7123.0000000;818
SPFB.HYDR-3.20;60;20200204;190000;7125.0000000;7147.0000000;7119.0000000;7127.0000000;897
SPFB.HYDR-3.20;60;20200204;200000;7126.0000000;7131.0000000;7061.0000000;7095.0000000;892
SPFB.HYDR-3.20;60;20200204;210000;7095.0000000;7115.0000000;7095.0000000;7109.0000000;88
SPFB.HYDR-3.20;60;20200204;220000;7109.0000000;7118.0000000;7107.0000000;7118.0000000;77
SPFB.HYDR-3.20;60;20200204;230000;7118.0000000;7125.0000000;7118.0000000;7119.0000000;126
SPFB.HYDR-3.20;60;20200205;000000;7119.0000000;7129.0000000;7118.0000000;7128.0000000;52
SPFB.HYDR-3.20;60;20200205;110000;7141.0000000;7170.0000000;7103.0000000;7159.0000000;3229
SPFB.HYDR-3.20;60;20200205;120000;7160.0000000;7175.0000000;7128.0000000;7159.0000000;2989
SPFB.HYDR-3.20;60;20200205;130000;7158.0000000;7209.0000000;7155.0000000;7202.0000000;3522
SPFB.HYDR-3.20;60;20200205;140000;7199.0000000;7235.0000000;7160.0000000;7195.0000000;5181
SPFB.HYDR-3.20;60;20200205;150000;7186.0000000;7197.0000000;7126.0000000;7144.0000000;2240
SPFB.HYDR-3.20;60;20200205;160000;7153.0000000;7161.0000000;7110.0000000;7133.0000000;2296
SPFB.HYDR-3.20;60;20200205;170000;7130.0000000;7159.0000000;7120.0000000;7150.0000000;1525
SPFB.HYDR-3.20;60;20200205;180000;7150.0000000;7151.0000000;7120.0000000;7139.0000000;1391
SPFB.HYDR-3.20;60;20200205;190000;7147.0000000;7149.0000000;7110.0000000;7120.0000000;973
SPFB.HYDR-3.20;60;20200205;200000;7111.0000000;7125.0000000;7101.0000000;7115.0000000;169
SPFB.HYDR-3.20;60;20200205;210000;7115.0000000;7127.0000000;7115.0000000;7126.0000000;102
SPFB.HYDR-3.20;60;20200205;220000;7126.0000000;7126.0000000;7116.0000000;7119.0000000;3
SPFB.HYDR-3.20;60;20200205;230000;7120.0000000;7126.0000000;7111.0000000;7120.0000000;67
SPFB.HYDR-3.20;60;20200206;000000;7121.0000000;7169.0000000;7121.0000000;7151.0000000;277
SPFB.HYDR-3.20;60;20200206;110000;7172.0000000;7202.0000000;7158.0000000;7165.0000000;3166
SPFB.HYDR-3.20;60;20200206;120000;7167.0000000;7175.0000000;7136.0000000;7143.0000000;1977
SPFB.HYDR-3.20;60;20200206;130000;7142.0000000;7181.0000000;7142.0000000;7165.0000000;2052
SPFB.HYDR-3.20;60;20200206;140000;7164.0000000;7194.0000000;7164.0000000;7171.0000000;2033
SPFB.HYDR-3.20;60;20200206;150000;7168.0000000;7177.0000000;7142.0000000;7165.0000000;4167
SPFB.HYDR-3.20;60;20200206;160000;7165.0000000;7171.0000000;7120.0000000;7129.0000000;3579
SPFB.HYDR-3.20;60;20200206;170000;7128.0000000;7128.0000000;7034.0000000;7048.0000000;5434
SPFB.HYDR-3.20;60;20200206;180000;7054.0000000;7054.0000000;6976.0000000;7005.0000000;4694
SPFB.HYDR-3.20;60;20200206;190000;7005.0000000;7094.0000000;7005.0000000;7093.0000000;2643
SPFB.HYDR-3.20;60;20200206;200000;7094.0000000;7123.0000000;7081.0000000;7081.0000000;240
SPFB.HYDR-3.20;60;20200206;210000;7080.0000000;7101.0000000;7079.0000000;7090.0000000;96
SPFB.HYDR-3.20;60;20200206;220000;7098.0000000;7114.0000000;7098.0000000;7111.0000000;155
SPFB.HYDR-3.20;60;20200206;230000;7112.0000000;7114.0000000;7104.0000000;7113.0000000;30
SPFB.HYDR-3.20;60;20200207;000000;7112.0000000;7113.0000000;7106.0000000;7106.0000000;65
SPFB.HYDR-3.20;60;20200207;110000;7106.0000000;7348.0000000;7106.0000000;7252.0000000;20939
SPFB.HYDR-3.20;60;20200207;120000;7262.0000000;7303.0000000;7205.0000000;7212.0000000;9927
SPFB.HYDR-3.20;60;20200207;130000;7211.0000000;7247.0000000;7151.0000000;7185.0000000;7031
SPFB.HYDR-3.20;60;20200207;140000;7188.0000000;7217.0000000;7161.0000000;7175.0000000;3994
SPFB.HYDR-3.20;60;20200207;150000;7178.0000000;7210.0000000;7162.0000000;7193.0000000;2154
SPFB.HYDR-3.20;60;20200207;160000;7197.0000000;7201.0000000;7177.0000000;7194.0000000;640
SPFB.HYDR-3.20;60;20200207;170000;7189.0000000;7263.0000000;7186.0000000;7226.0000000;4906
SPFB.HYDR-3.20;60;20200207;180000;7231.0000000;7241.0000000;7200.0000000;7222.0000000;2130
SPFB.HYDR-3.20;60;20200207;190000;7220.0000000;7445.0000000;7213.0000000;7393.0000000;10292
SPFB.HYDR-3.20;60;20200207;200000;7389.0000000;7465.0000000;7370.0000000;7428.0000000;5280
SPFB.HYDR-3.20;60;20200207;210000;7425.0000000;7445.0000000;7411.0000000;7435.0000000;745
SPFB.HYDR-3.20;60;20200207;220000;7437.0000000;7445.0000000;7417.0000000;7418.0000000;533
SPFB.HYDR-3.20;60;20200207;230000;7414.0000000;7430.0000000;7397.0000000;7430.0000000;674
SPFB.HYDR-3.20;60;20200208;000000;7427.0000000;7440.0000000;7412.0000000;7412.0000000;537
SPFB.HYDR-3.20;60;20200210;110000;7425.0000000;7439.0000000;7300.0000000;7301.0000000;15650
SPFB.HYDR-3.20;60;20200210;120000;7305.0000000;7330.0000000;7247.0000000;7299.0000000;6872
SPFB.HYDR-3.20;60;20200210;130000;7299.0000000;7311.0000000;7265.0000000;7283.0000000;1536
SPFB.HYDR-3.20;60;20200210;140000;7280.0000000;7298.0000000;7250.0000000;7277.0000000;1918
SPFB.HYDR-3.20;60;20200210;150000;7270.0000000;7276.0000000;7208.0000000;7274.0000000;3632
SPFB.HYDR-3.20;60;20200210;160000;7273.0000000;7278.0000000;7210.0000000;7211.0000000;3376
SPFB.HYDR-3.20;60;20200210;170000;7218.0000000;7223.0000000;7150.0000000;7184.0000000;8465
SPFB.HYDR-3.20;60;20200210;180000;7185.0000000;7205.0000000;7135.0000000;7203.0000000;3694
SPFB.HYDR-3.20;60;20200210;190000;7209.0000000;7259.0000000;7192.0000000;7259.0000000;1575
SPFB.HYDR-3.20;60;20200210;200000;7259.0000000;7259.0000000;7181.0000000;7181.0000000;351
SPFB.HYDR-3.20;60;20200210;210000;7185.0000000;7217.0000000;7180.0000000;7208.0000000;278
SPFB.HYDR-3.20;60;20200210;220000;7196.0000000;7257.0000000;7181.0000000;7237.0000000;436
SPFB.HYDR-3.20;60;20200210;230000;7220.0000000;7244.0000000;7220.0000000;7234.0000000;74
SPFB.HYDR-3.20;60;20200211;000000;7240.0000000;7250.0000000;7231.0000000;7250.0000000;91
SPFB.HYDR-3.20;60;20200211;110000;7250.0000000;7266.0000000;7179.0000000;7205.0000000;6380
SPFB.HYDR-3.20;60;20200211;120000;7210.0000000;7218.0000000;7164.0000000;7185.0000000;2906
SPFB.HYDR-3.20;60;20200211;130000;7189.0000000;7278.0000000;7173.0000000;7277.0000000;2570
SPFB.HYDR-3.20;60;20200211;140000;7273.0000000;7288.0000000;7237.0000000;7281.0000000;1702
SPFB.HYDR-3.20;60;20200211;150000;7287.0000000;7325.0000000;7273.0000000;7277.0000000;3647
SPFB.HYDR-3.20;60;20200211;160000;7279.0000000;7289.0000000;7211.0000000;7235.0000000;3537
SPFB.HYDR-3.20;60;20200211;170000;7241.0000000;7268.0000000;7183.0000000;7265.0000000;3418
SPFB.HYDR-3.20;60;20200211;180000;7258.0000000;7280.0000000;7220.0000000;7225.0000000;2696
SPFB.HYDR-3.20;60;20200211;190000;7231.0000000;7237.0000000;7208.0000000;7217.0000000;973
SPFB.HYDR-3.20;60;20200211;200000;7223.0000000;7224.0000000;7198.0000000;7217.0000000;118
SPFB.HYDR-3.20;60;20200211;210000;7210.0000000;7216.0000000;7208.0000000;7216.0000000;18
SPFB.HYDR-3.20;60;20200211;220000;7216.0000000;7223.0000000;7200.0000000;7209.0000000;154
SPFB.HYDR-3.20;60;20200211;230000;7200.0000000;7203.0000000;7192.0000000;7203.0000000;46
SPFB.HYDR-3.20;60;20200212;000000;7200.0000000;7216.0000000;7194.0000000;7208.0000000;109
SPFB.HYDR-3.20;60;20200212;110000;7212.0000000;7270.0000000;7197.0000000;7221.0000000;2169
SPFB.HYDR-3.20;60;20200212;120000;7216.0000000;7230.0000000;7190.0000000;7209.0000000;1967
SPFB.HYDR-3.20;60;20200212;130000;7204.0000000;7228.0000000;7199.0000000;7225.0000000;796
SPFB.HYDR-3.20;60;20200212;140000;7218.0000000;7224.0000000;7189.0000000;7206.0000000;1777
SPFB.HYDR-3.20;60;20200212;150000;7213.0000000;7223.0000000;7207.0000000;7218.0000000;301
SPFB.HYDR-3.20;60;20200212;160000;7218.0000000;7222.0000000;7204.0000000;7204.0000000;694
SPFB.HYDR-3.20;60;20200212;170000;7204.0000000;7219.0000000;7200.0000000;7217.0000000;755
SPFB.HYDR-3.20;60;20200212;180000;7209.0000000;7319.0000000;7209.0000000;7314.0000000;6466
SPFB.HYDR-3.20;60;20200212;190000;7308.0000000;7392.0000000;7298.0000000;7357.0000000;10655
SPFB.HYDR-3.20;60;20200212;200000;7365.0000000;7389.0000000;7340.0000000;7384.0000000;896
SPFB.HYDR-3.20;60;20200212;210000;7373.0000000;7387.0000000;7372.0000000;7379.0000000;207
SPFB.HYDR-3.20;60;20200212;220000;7387.0000000;7389.0000000;7367.0000000;7379.0000000;389
SPFB.HYDR-3.20;60;20200212;230000;7379.0000000;7379.0000000;7369.0000000;7369.0000000;34
SPFB.HYDR-3.20;60;20200213;000000;7376.0000000;7398.0000000;7362.0000000;7398.0000000;380
SPFB.HYDR-3.20;60;20200213;110000;7360.0000000;7608.0000000;7313.0000000;7574.0000000;26674
SPFB.HYDR-3.20;60;20200213;120000;7574.0000000;7621.0000000;7501.0000000;7550.0000000;14897
SPFB.HYDR-3.20;60;20200213;130000;7553.0000000;7590.0000000;7526.0000000;7564.0000000;4739
SPFB.HYDR-3.20;60;20200213;140000;7560.0000000;7560.0000000;7515.0000000;7530.0000000;2123
SPFB.HYDR-3.20;60;20200213;150000;7536.0000000;7538.0000000;7515.0000000;7531.0000000;1612
SPFB.HYDR-3.20;60;20200213;160000;7524.0000000;7600.0000000;7522.0000000;7597.0000000;4224
SPFB.HYDR-3.20;60;20200213;170000;7594.0000000;7610.0000000;7550.0000000;7565.0000000;3743
SPFB.HYDR-3.20;60;20200213;180000;7563.0000000;7624.0000000;7541.0000000;7541.0000000;11757
SPFB.HYDR-3.20;60;20200213;190000;7541.0000000;7541.0000000;7466.0000000;7507.0000000;9093
SPFB.HYDR-3.20;60;20200213;200000;7483.0000000;7523.0000000;7483.0000000;7506.0000000;371
SPFB.HYDR-3.20;60;20200213;210000;7502.0000000;7515.0000000;7501.0000000;7503.0000000;381
SPFB.HYDR-3.20;60;20200213;220000;7512.0000000;7515.0000000;7503.0000000;7515.0000000;170
SPFB.HYDR-3.20;60;20200213;230000;7515.0000000;7520.0000000;7510.0000000;7520.0000000;103
SPFB.HYDR-3.20;60;20200214;000000;7525.0000000;7528.0000000;7520.0000000;7520.0000000;56
SPFB.HYDR-3.20;60;20200214;110000;7520.0000000;7569.0000000;7430.0000000;7463.0000000;9266
SPFB.HYDR-3.20;60;20200214;120000;7463.0000000;7481.0000000;7398.0000000;7409.0000000;8129
SPFB.HYDR-3.20;60;20200214;130000;7407.0000000;7461.0000000;7364.0000000;7457.0000000;4097
SPFB.HYDR-3.20;60;20200214;140000;7447.0000000;7496.0000000;7410.0000000;7445.0000000;5658
SPFB.HYDR-3.20;60;20200214;150000;7437.0000000;7482.0000000;7425.0000000;7455.0000000;1544
SPFB.HYDR-3.20;60;20200214;160000;7456.0000000;7515.0000000;7451.0000000;7487.0000000;2751
SPFB.HYDR-3.20;60;20200214;170000;7490.0000000;7499.0000000;7469.0000000;7475.0000000;1560
SPFB.HYDR-3.20;60;20200214;180000;7480.0000000;7496.0000000;7430.0000000;7437.0000000;2915
SPFB.HYDR-3.20;60;20200214;190000;7439.0000000;7482.0000000;7437.0000000;7470.0000000;2692
SPFB.HYDR-3.20;60;20200214;200000;7470.0000000;7471.0000000;7453.0000000;7453.0000000;117
SPFB.HYDR-3.20;60;20200214;210000;7454.0000000;7475.0000000;7454.0000000;7475.0000000;153
SPFB.HYDR-3.20;60;20200214;220000;7474.0000000;7490.0000000;7473.0000000;7476.0000000;89
SPFB.HYDR-3.20;60;20200214;230000;7488.0000000;7488.0000000;7476.0000000;7482.0000000;23
SPFB.HYDR-3.20;60;20200215;000000;7477.0000000;7489.0000000;7476.0000000;7477.0000000;75
SPFB.HYDR-3.20;60;20200217;110000;7489.0000000;7578.0000000;7489.0000000;7532.0000000;4821
SPFB.HYDR-3.20;60;20200217;120000;7532.0000000;7558.0000000;7508.0000000;7521.0000000;2848
SPFB.HYDR-3.20;60;20200217;130000;7526.0000000;7545.0000000;7515.0000000;7541.0000000;2043
SPFB.HYDR-3.20;60;20200217;140000;7538.0000000;7562.0000000;7534.0000000;7558.0000000;1092
SPFB.HYDR-3.20;60;20200217;150000;7558.0000000;7584.0000000;7552.0000000;7561.0000000;2017
SPFB.HYDR-3.20;60;20200217;160000;7566.0000000;7574.0000000;7523.0000000;7524.0000000;1727
SPFB.HYDR-3.20;60;20200217;170000;7529.0000000;7540.0000000;7517.0000000;7533.0000000;891
SPFB.HYDR-3.20;60;20200217;180000;7530.0000000;7539.0000000;7525.0000000;7535.0000000;210
SPFB.HYDR-3.20;60;20200217;190000;7539.0000000;7540.0000000;7520.0000000;7540.0000000;1365
SPFB.HYDR-3.20;60;20200217;200000;7537.0000000;7571.0000000;7527.0000000;7540.0000000;240
SPFB.HYDR-3.20;60;20200217;210000;7550.0000000;7566.0000000;7550.0000000;7560.0000000;105
SPFB.HYDR-3.20;60;20200217;220000;7560.0000000;7560.0000000;7522.0000000;7535.0000000;257
SPFB.HYDR-3.20;60;20200217;230000;7531.0000000;7543.0000000;7528.0000000;7538.0000000;66
SPFB.HYDR-3.20;60;20200218;000000;7538.0000000;7550.0000000;7538.0000000;7547.0000000;19
SPFB.HYDR-3.20;60;20200218;110000;7538.0000000;7538.0000000;7444.0000000;7459.0000000;3372
SPFB.HYDR-3.20;60;20200218;120000;7455.0000000;7491.0000000;7445.0000000;7480.0000000;1613
SPFB.HYDR-3.20;60;20200218;130000;7479.0000000;7501.0000000;7457.0000000;7485.0000000;1585
SPFB.HYDR-3.20;60;20200218;140000;7491.0000000;7495.0000000;7483.0000000;7485.0000000;521
SPFB.HYDR-3.20;60;20200218;150000;7485.0000000;7488.0000000;7390.0000000;7396.0000000;6486
SPFB.HYDR-3.20;60;20200218;160000;7397.0000000;7455.0000000;7381.0000000;7430.0000000;7473
SPFB.HYDR-3.20;60;20200218;170000;7424.0000000;7447.0000000;7389.0000000;7400.0000000;951
SPFB.HYDR-3.20;60;20200218;180000;7393.0000000;7421.0000000;7390.0000000;7418.0000000;949
SPFB.HYDR-3.20;60;20200218;190000;7418.0000000;7421.0000000;7389.0000000;7409.0000000;2281
SPFB.HYDR-3.20;60;20200218;200000;7387.0000000;7400.0000000;7321.0000000;7360.0000000;1712
SPFB.HYDR-3.20;60;20200218;210000;7350.0000000;7383.0000000;7350.0000000;7380.0000000;336
SPFB.HYDR-3.20;60;20200218;220000;7381.0000000;7393.0000000;7376.0000000;7389.0000000;196
SPFB.HYDR-3.20;60;20200218;230000;7390.0000000;7398.0000000;7380.0000000;7398.0000000;222
SPFB.HYDR-3.20;60;20200219;000000;7397.0000000;7404.0000000;7386.0000000;7386.0000000;151
SPFB.HYDR-3.20;60;20200219;110000;7386.0000000;7462.0000000;7286.0000000;7340.0000000;8094
SPFB.HYDR-3.20;60;20200219;120000;7342.0000000;7412.0000000;7299.0000000;7381.0000000;5417
SPFB.HYDR-3.20;60;20200219;130000;7376.0000000;7393.0000000;7344.0000000;7393.0000000;2537
SPFB.HYDR-3.20;60;20200219;140000;7388.0000000;7411.0000000;7379.0000000;7392.0000000;1141
SPFB.HYDR-3.20;60;20200219;150000;7385.0000000;7422.0000000;7373.0000000;7379.0000000;871
SPFB.HYDR-3.20;60;20200219;160000;7371.0000000;7389.0000000;7355.0000000;7355.0000000;677
SPFB.HYDR-3.20;60;20200219;170000;7357.0000000;7387.0000000;7353.0000000;7387.0000000;400
SPFB.HYDR-3.20;60;20200219;180000;7382.0000000;7440.0000000;7374.0000000;7435.0000000;1966
SPFB.HYDR-3.20;60;20200219;190000;7434.0000000;7496.0000000;7428.0000000;7486.0000000;4124
SPFB.HYDR-3.20;60;20200219;200000;7487.0000000;7515.0000000;7465.0000000;7479.0000000;574
SPFB.HYDR-3.20;60;20200219;210000;7479.0000000;7488.0000000;7479.0000000;7479.0000000;104
SPFB.HYDR-3.20;60;20200219;220000;7479.0000000;7481.0000000;7471.0000000;7471.0000000;32
SPFB.HYDR-3.20;60;20200219;230000;7471.0000000;7500.0000000;7467.0000000;7500.0000000;486
SPFB.HYDR-3.20;60;20200220;000000;7500.0000000;7511.0000000;7470.0000000;7499.0000000;397
SPFB.HYDR-3.20;60;20200220;110000;7501.0000000;7514.0000000;7444.0000000;7509.0000000;2633
SPFB.HYDR-3.20;60;20200220;120000;7503.0000000;7503.0000000;7441.0000000;7445.0000000;1818
SPFB.HYDR-3.20;60;20200220;130000;7441.0000000;7456.0000000;7413.0000000;7451.0000000;1818
SPFB.HYDR-3.20;60;20200220;140000;7451.0000000;7476.0000000;7431.0000000;7450.0000000;597
SPFB.HYDR-3.20;60;20200220;150000;7444.0000000;7469.0000000;7432.0000000;7447.0000000;817
SPFB.HYDR-3.20;60;20200220;160000;7449.0000000;7456.0000000;7424.0000000;7441.0000000;2454
SPFB.HYDR-3.20;60;20200220;170000;7438.0000000;7475.0000000;7432.0000000;7461.0000000;1313
SPFB.HYDR-3.20;60;20200220;180000;7460.0000000;7495.0000000;7447.0000000;7482.0000000;824
SPFB.HYDR-3.20;60;20200220;190000;7482.0000000;7512.0000000;7467.0000000;7474.0000000;1883
SPFB.HYDR-3.20;60;20200220;200000;7464.0000000;7481.0000000;7414.0000000;7425.0000000;560
SPFB.HYDR-3.20;60;20200220;210000;7424.0000000;7430.0000000;7414.0000000;7424.0000000;389
SPFB.HYDR-3.20;60;20200220;220000;7433.0000000;7445.0000000;7429.0000000;7435.0000000;113
SPFB.HYDR-3.20;60;20200220;230000;7434.0000000;7434.0000000;7429.0000000;7429.0000000;18
SPFB.HYDR-3.20;60;20200221;000000;7433.0000000;7434.0000000;7421.0000000;7422.0000000;60
SPFB.HYDR-3.20;60;20200221;110000;7417.0000000;7444.0000000;7392.0000000;7431.0000000;3009
SPFB.HYDR-3.20;60;20200221;120000;7433.0000000;7474.0000000;7424.0000000;7472.0000000;2808
SPFB.HYDR-3.20;60;20200221;130000;7472.0000000;7474.0000000;7440.0000000;7440.0000000;328
SPFB.HYDR-3.20;60;20200221;140000;7450.0000000;7461.0000000;7450.0000000;7450.0000000;143
SPFB.HYDR-3.20;60;20200221;150000;7446.0000000;7494.0000000;7445.0000000;7487.0000000;1080
SPFB.HYDR-3.20;60;20200221;160000;7490.0000000;7507.0000000;7477.0000000;7490.0000000;1165
SPFB.HYDR-3.20;60;20200221;170000;7489.0000000;7490.0000000;7461.0000000;7478.0000000;588
SPFB.HYDR-3.20;60;20200221;180000;7475.0000000;7522.0000000;7475.0000000;7504.0000000;2630
SPFB.HYDR-3.20;60;20200221;190000;7504.0000000;7508.0000000;7468.0000000;7468.0000000;1365
SPFB.HYDR-3.20;60;20200221;200000;7485.0000000;7487.0000000;7420.0000000;7461.0000000;198
SPFB.HYDR-3.20;60;20200221;210000;7461.0000000;7461.0000000;7461.0000000;7461.0000000;2
SPFB.HYDR-3.20;60;20200221;220000;7465.0000000;7486.0000000;7465.0000000;7479.0000000;90
SPFB.HYDR-3.20;60;20200222;000000;7469.0000000;7469.0000000;7461.0000000;7461.0000000;56
SPFB.HYDR-3.20;60;20200225;110000;7461.0000000;7461.0000000;7280.0000000;7406.0000000;8479
SPFB.HYDR-3.20;60;20200225;120000;7406.0000000;7433.0000000;7377.0000000;7410.0000000;2747
SPFB.HYDR-3.20;60;20200225;130000;7415.0000000;7419.0000000;7365.0000000;7373.0000000;2013
SPFB.HYDR-3.20;60;20200225;140000;7373.0000000;7400.0000000;7339.0000000;7351.0000000;2452
SPFB.HYDR-3.20;60;20200225;150000;7341.0000000;7348.0000000;7307.0000000;7329.0000000;3054
SPFB.HYDR-3.20;60;20200225;160000;7332.0000000;7355.0000000;7311.0000000;7340.0000000;2438
SPFB.HYDR-3.20;60;20200225;170000;7340.0000000;7348.0000000;7316.0000000;7316.0000000;1365
SPFB.HYDR-3.20;60;20200225;180000;7322.0000000;7348.0000000;7263.0000000;7264.0000000;3611
SPFB.HYDR-3.20;60;20200225;190000;7260.0000000;7274.0000000;7182.0000000;7208.0000000;4065
SPFB.HYDR-3.20;60;20200225;200000;7210.0000000;7233.0000000;7174.0000000;7185.0000000;402
SPFB.HYDR-3.20;60;20200225;210000;7189.0000000;7192.0000000;7160.0000000;7160.0000000;348
SPFB.HYDR-3.20;60;20200225;220000;7160.0000000;7179.0000000;7076.0000000;7076.0000000;957
SPFB.HYDR-3.20;60;20200225;230000;7087.0000000;7181.0000000;7045.0000000;7114.0000000;1688
SPFB.HYDR-3.20;60;20200226;000000;7110.0000000;7114.0000000;7055.0000000;7088.0000000;397
SPFB.HYDR-3.20;60;20200226;110000;7090.0000000;7120.0000000;6843.0000000;6977.0000000;18269
SPFB.HYDR-3.20;60;20200226;120000;6978.0000000;7107.0000000;6960.0000000;7020.0000000;5284
SPFB.HYDR-3.20;60;20200226;130000;7013.0000000;7017.0000000;6913.0000000;6919.0000000;7026
SPFB.HYDR-3.20;60;20200226;140000;6919.0000000;6955.0000000;6875.0000000;6931.0000000;2021
SPFB.HYDR-3.20;60;20200226;150000;6937.0000000;7025.0000000;6933.0000000;6995.0000000;2843
SPFB.HYDR-3.20;60;20200226;160000;6992.0000000;7004.0000000;6961.0000000;6978.0000000;2290
SPFB.HYDR-3.20;60;20200226;170000;6977.0000000;7077.0000000;6967.0000000;7052.0000000;2570
SPFB.HYDR-3.20;60;20200226;180000;7061.0000000;7124.0000000;7001.0000000;7095.0000000;5081
SPFB.HYDR-3.20;60;20200226;190000;7098.0000000;7102.0000000;7055.0000000;7091.0000000;1658
SPFB.HYDR-3.20;60;20200226;200000;7090.0000000;7111.0000000;7006.0000000;7026.0000000;1000
SPFB.HYDR-3.20;60;20200226;210000;7025.0000000;7059.0000000;6999.0000000;7021.0000000;556
SPFB.HYDR-3.20;60;20200226;220000;7029.0000000;7033.0000000;6967.0000000;6989.0000000;112
SPFB.HYDR-3.20;60;20200226;230000;6995.0000000;7020.0000000;6982.0000000;6983.0000000;83
SPFB.HYDR-3.20;60;20200227;000000;6984.0000000;7009.0000000;6982.0000000;7009.0000000;44
SPFB.HYDR-3.20;60;20200227;110000;7002.0000000;7035.0000000;6931.0000000;6975.0000000;8179
SPFB.HYDR-3.20;60;20200227;120000;6986.0000000;7014.0000000;6960.0000000;6992.0000000;2426
SPFB.HYDR-3.20;60;20200227;130000;6993.0000000;7011.0000000;6972.0000000;6973.0000000;284
SPFB.HYDR-3.20;60;20200227;140000;6974.0000000;7000.0000000;6974.0000000;6978.0000000;385
SPFB.HYDR-3.20;60;20200227;150000;6978.0000000;6984.0000000;6889.0000000;6889.0000000;3631
SPFB.HYDR-3.20;60;20200227;160000;6887.0000000;6937.0000000;6781.0000000;6781.0000000;6967
SPFB.HYDR-3.20;60;20200227;170000;6780.0000000;6832.0000000;6728.0000000;6804.0000000;9645
SPFB.HYDR-3.20;60;20200227;180000;6792.0000000;6813.0000000;6723.0000000;6737.0000000;7894
SPFB.HYDR-3.20;60;20200227;190000;6737.0000000;6747.0000000;6554.0000000;6576.0000000;10795
SPFB.HYDR-3.20;60;20200227;200000;6613.0000000;6703.0000000;6571.0000000;6671.0000000;2530
SPFB.HYDR-3.20;60;20200227;210000;6670.0000000;6717.0000000;6666.0000000;6709.0000000;397
SPFB.HYDR-3.20;60;20200227;220000;6700.0000000;6705.0000000;6670.0000000;6670.0000000;574
SPFB.HYDR-3.20;60;20200227;230000;6671.0000000;6691.0000000;6630.0000000;6655.0000000;375
SPFB.HYDR-3.20;60;20200228;000000;6644.0000000;6671.0000000;6622.0000000;6622.0000000;199
SPFB.HYDR-3.20;60;20200228;110000;6620.0000000;6620.0000000;5994.0000000;6183.0000000;39471
SPFB.HYDR-3.20;60;20200228;120000;6179.0000000;6450.0000000;6157.0000000;6272.0000000;8315
SPFB.HYDR-3.20;60;20200228;130000;6270.0000000;6418.0000000;6090.0000000;6213.0000000;6865
SPFB.HYDR-3.20;60;20200228;140000;6209.0000000;6314.0000000;6158.0000000;6314.0000000;3341
SPFB.HYDR-3.20;60;20200228;150000;6323.0000000;6337.0000000;6276.0000000;6297.0000000;3883
SPFB.HYDR-3.20;60;20200228;160000;6290.0000000;6481.0000000;6277.0000000;6419.0000000;7203
SPFB.HYDR-3.20;60;20200228;170000;6423.0000000;6500.0000000;6359.0000000;6422.0000000;11844
SPFB.HYDR-3.20;60;20200228;180000;6413.0000000;6414.0000000;6234.0000000;6283.0000000;8756
SPFB.HYDR-3.20;60;20200228;190000;6273.0000000;6459.0000000;6202.0000000;6437.0000000;6353
SPFB.HYDR-3.20;60;20200228;200000;6450.0000000;6543.0000000;6300.0000000;6450.0000000;632
SPFB.HYDR-3.20;60;20200228;210000;6442.0000000;6499.0000000;6409.0000000;6481.0000000;115
SPFB.HYDR-3.20;60;20200228;220000;6490.0000000;6528.0000000;6432.0000000;6472.0000000;251
SPFB.HYDR-3.20;60;20200228;230000;6441.0000000;6475.0000000;6378.0000000;6465.0000000;442
SPFB.HYDR-3.20;60;20200229;000000;6439.0000000;6450.0000000;6407.0000000;6424.0000000;137
SPFB.HYDR-3.20;60;20200302;110000;6449.0000000;6697.0000000;6449.0000000;6685.0000000;13380
SPFB.HYDR-3.20;60;20200302;120000;6683.0000000;6741.0000000;6654.0000000;6654.0000000;5755
SPFB.HYDR-3.20;60;20200302;130000;6651.0000000;6675.0000000;6579.0000000;6623.0000000;5214
SPFB.HYDR-3.20;60;20200302;140000;6622.0000000;6654.0000000;6531.0000000;6595.0000000;4744
SPFB.HYDR-3.20;60;20200302;150000;6600.0000000;6620.0000000;6469.0000000;6477.0000000;5098
SPFB.HYDR-3.20;60;20200302;160000;6472.0000000;6562.0000000;6356.0000000;6515.0000000;7694
SPFB.HYDR-3.20;60;20200302;170000;6513.0000000;6555.0000000;6432.0000000;6526.0000000;1996
SPFB.HYDR-3.20;60;20200302;180000;6526.0000000;6669.0000000;6522.0000000;6560.0000000;2963
SPFB.HYDR-3.20;60;20200302;190000;6553.0000000;6634.0000000;6492.0000000;6622.0000000;2592
SPFB.HYDR-3.20;60;20200302;200000;6640.0000000;6675.0000000;6640.0000000;6671.0000000;218
SPFB.HYDR-3.20;60;20200302;210000;6671.0000000;6685.0000000;6622.0000000;6650.0000000;112
SPFB.HYDR-3.20;60;20200302;220000;6651.0000000;6720.0000000;6651.0000000;6708.0000000;344
SPFB.HYDR-3.20;60;20200302;230000;6708.0000000;6737.0000000;6707.0000000;6718.0000000;804
SPFB.HYDR-3.20;60;20200303;000000;6717.0000000;6732.0000000;6707.0000000;6716.0000000;195
SPFB.HYDR-3.20;60;20200303;110000;6732.0000000;6775.0000000;6688.0000000;6731.0000000;5519
SPFB.HYDR-3.20;60;20200303;120000;6729.0000000;6826.0000000;6718.0000000;6814.0000000;7000
SPFB.HYDR-3.20;60;20200303;130000;6806.0000000;6829.0000000;6787.0000000;6816.0000000;1134
SPFB.HYDR-3.20;60;20200303;140000;6825.0000000;6872.0000000;6801.0000000;6844.0000000;1741
SPFB.HYDR-3.20;60;20200303;150000;6848.0000000;6856.0000000;6768.0000000;6810.0000000;2049
SPFB.HYDR-3.20;60;20200303;160000;6820.0000000;6871.0000000;6736.0000000;6761.0000000;5557
SPFB.HYDR-3.20;60;20200303;170000;6757.0000000;6795.0000000;6726.0000000;6747.0000000;2881
SPFB.HYDR-3.20;60;20200303;180000;6746.0000000;6781.0000000;6718.0000000;6732.0000000;1523
SPFB.HYDR-3.20;60;20200303;190000;6732.0000000;6841.0000000;6725.0000000;6820.0000000;3616
SPFB.HYDR-3.20;60;20200303;200000;6813.0000000;6827.0000000;6721.0000000;6784.0000000;122
SPFB.HYDR-3.20;60;20200303;210000;6784.0000000;6787.0000000;6740.0000000;6740.0000000;127
SPFB.HYDR-3.20;60;20200303;220000;6735.0000000;6757.0000000;6650.0000000;6650.0000000;319
SPFB.HYDR-3.20;60;20200303;230000;6655.0000000;6705.0000000;6561.0000000;6688.0000000;510
SPFB.HYDR-3.20;60;20200304;000000;6690.0000000;6732.0000000;6640.0000000;6660.0000000;141
SPFB.HYDR-3.20;60;20200304;110000;6720.0000000;6941.0000000;6688.0000000;6899.0000000;12014
SPFB.HYDR-3.20;60;20200304;120000;6907.0000000;6916.0000000;6822.0000000;6877.0000000;4008
SPFB.HYDR-3.20;60;20200304;130000;6869.0000000;6909.0000000;6861.0000000;6903.0000000;1031
SPFB.HYDR-3.20;60;20200304;140000;6882.0000000;6946.0000000;6874.0000000;6926.0000000;4152
SPFB.HYDR-3.20;60;20200304;150000;6930.0000000;7041.0000000;6925.0000000;6968.0000000;6136
SPFB.HYDR-3.20;60;20200304;160000;6962.0000000;7029.0000000;6962.0000000;7007.0000000;3535
SPFB.HYDR-3.20;60;20200304;170000;6994.0000000;7027.0000000;6967.0000000;7023.0000000;1707
SPFB.HYDR-3.20;60;20200304;180000;7024.0000000;7024.0000000;6919.0000000;6926.0000000;1928
SPFB.HYDR-3.20;60;20200304;190000;6928.0000000;6963.0000000;6910.0000000;6940.0000000;1994
SPFB.HYDR-3.20;60;20200304;200000;6930.0000000;6950.0000000;6860.0000000;6900.0000000;278
SPFB.HYDR-3.20;60;20200304;210000;6906.0000000;6924.0000000;6900.0000000;6920.0000000;65
SPFB.HYDR-3.20;60;20200304;220000;6925.0000000;6975.0000000;6923.0000000;6961.0000000;103
SPFB.HYDR-3.20;60;20200304;230000;6968.0000000;6975.0000000;6940.0000000;6940.0000000;51
SPFB.HYDR-3.20;60;20200305;000000;6950.0000000;6993.0000000;6923.0000000;6993.0000000;188
SPFB.HYDR-3.20;60;20200305;110000;6971.0000000;7064.0000000;6931.0000000;7015.0000000;4275
SPFB.HYDR-3.20;60;20200305;120000;7020.0000000;7027.0000000;6963.0000000;7027.0000000;1917
SPFB.HYDR-3.20;60;20200305;130000;7024.0000000;7027.0000000;6945.0000000;6958.0000000;2322
SPFB.HYDR-3.20;60;20200305;140000;6953.0000000;6992.0000000;6863.0000000;6880.0000000;4631
SPFB.HYDR-3.20;60;20200305;150000;6877.0000000;6877.0000000;6692.0000000;6747.0000000;9627
SPFB.HYDR-3.20;60;20200305;160000;6752.0000000;6795.0000000;6713.0000000;6744.0000000;1655
SPFB.HYDR-3.20;60;20200305;170000;6744.0000000;6783.0000000;6677.0000000;6711.0000000;4048
SPFB.HYDR-3.20;60;20200305;180000;6703.0000000;6753.0000000;6691.0000000;6702.0000000;1915
SPFB.HYDR-3.20;60;20200305;190000;6704.0000000;6750.0000000;6700.0000000;6728.0000000;957
SPFB.HYDR-3.20;60;20200305;200000;6724.0000000;6746.0000000;6689.0000000;6698.0000000;188
SPFB.HYDR-3.20;60;20200305;210000;6696.0000000;6705.0000000;6632.0000000;6633.0000000;316
SPFB.HYDR-3.20;60;20200305;220000;6660.0000000;6669.0000000;6612.0000000;6658.0000000;233
SPFB.HYDR-3.20;60;20200305;230000;6659.0000000;6669.0000000;6612.0000000;6631.0000000;177
SPFB.HYDR-3.20;60;20200306;000000;6630.0000000;6632.0000000;6580.0000000;6604.0000000;198
SPFB.HYDR-3.20;60;20200306;110000;6580.0000000;6650.0000000;6521.0000000;6547.0000000;4918
SPFB.HYDR-3.20;60;20200306;120000;6539.0000000;6562.0000000;6409.0000000;6415.0000000;4998
SPFB.HYDR-3.20;60;20200306;130000;6417.0000000;6441.0000000;6370.0000000;6397.0000000;4236
SPFB.HYDR-3.20;60;20200306;140000;6401.0000000;6471.0000000;6301.0000000;6406.0000000;6089
SPFB.HYDR-3.20;60;20200306;150000;6422.0000000;6429.0000000;6277.0000000;6282.0000000;4531
SPFB.HYDR-3.20;60;20200306;160000;6282.0000000;6369.0000000;6279.0000000;6359.0000000;2150
SPFB.HYDR-3.20;60;20200306;170000;6366.0000000;6436.0000000;6329.0000000;6395.0000000;2138
SPFB.HYDR-3.20;60;20200306;180000;6389.0000000;6433.0000000;6357.0000000;6379.0000000;1843
SPFB.HYDR-3.20;60;20200306;190000;6380.0000000;6447.0000000;6345.0000000;6425.0000000;2074
SPFB.HYDR-3.20;60;20200306;200000;6427.0000000;6427.0000000;6312.0000000;6411.0000000;266
SPFB.HYDR-3.20;60;20200306;210000;6376.0000000;6493.0000000;6376.0000000;6455.0000000;82
SPFB.HYDR-3.20;60;20200306;220000;6453.0000000;6493.0000000;6430.0000000;6430.0000000;150
SPFB.HYDR-3.20;60;20200306;230000;6449.0000000;6449.0000000;6430.0000000;6441.0000000;83
SPFB.HYDR-3.20;60;20200307;000000;6447.0000000;6497.0000000;6447.0000000;6471.0000000;163
SPFB.HYDR-3.20;60;20200310;110000;6470.0000000;6470.0000000;5600.0000000;5768.0000000;11655
SPFB.HYDR-3.20;60;20200310;120000;5762.0000000;5786.0000000;5686.0000000;5707.0000000;4404
SPFB.HYDR-3.20;60;20200310;130000;5709.0000000;5948.0000000;5707.0000000;5890.0000000;7504
SPFB.HYDR-3.20;60;20200310;140000;5897.0000000;6100.0000000;5864.0000000;6007.0000000;6918
SPFB.HYDR-3.20;60;20200310;150000;6001.0000000;6118.0000000;5914.0000000;6081.0000000;3320
SPFB.HYDR-3.20;60;20200310;160000;6080.0000000;6080.0000000;5913.0000000;6003.0000000;2675
SPFB.HYDR-3.20;60;20200310;170000;6004.0000000;6051.0000000;5909.0000000;5943.0000000;3812
SPFB.HYDR-3.20;60;20200310;180000;5940.0000000;5971.0000000;5746.0000000;5800.0000000;4158
SPFB.HYDR-3.20;60;20200310;190000;5793.0000000;5807.0000000;5700.0000000;5700.0000000;1165
SPFB.HYDR-3.20;60;20200310;200000;5708.0000000;5800.0000000;5676.0000000;5714.0000000;183
SPFB.HYDR-3.20;60;20200310;210000;5749.0000000;5753.0000000;5710.0000000;5710.0000000;36
SPFB.HYDR-3.20;60;20200310;220000;5699.0000000;5790.0000000;5680.0000000;5788.0000000;208
SPFB.HYDR-3.20;60;20200310;230000;5788.0000000;5875.0000000;5788.0000000;5875.0000000;275
SPFB.HYDR-3.20;60;20200311;000000;5875.0000000;5918.0000000;5875.0000000;5882.0000000;75
SPFB.HYDR-3.20;60;20200311;110000;5854.0000000;5952.0000000;5754.0000000;5845.0000000;7047
SPFB.HYDR-3.20;60;20200311;120000;5851.0000000;5852.0000000;5592.0000000;5757.0000000;8613
SPFB.HYDR-3.20;60;20200311;130000;5751.0000000;5754.0000000;5659.0000000;5702.0000000;1389
SPFB.HYDR-3.20;60;20200311;140000;5693.0000000;5712.0000000;5668.0000000;5697.0000000;1081
SPFB.HYDR-3.20;60;20200311;150000;5702.0000000;5744.0000000;5686.0000000;5720.0000000;1230
SPFB.HYDR-3.20;60;20200311;160000;5720.0000000;5746.0000000;5352.0000000;5402.0000000;6351
SPFB.HYDR-3.20;60;20200311;170000;5407.0000000;5555.0000000;5390.0000000;5450.0000000;11502
SPFB.HYDR-3.20;60;20200311;180000;5460.0000000;5493.0000000;5413.0000000;5424.0000000;3701
SPFB.HYDR-3.20;60;20200311;190000;5422.0000000;5516.0000000;5337.0000000;5489.0000000;2771
SPFB.HYDR-3.20;60;20200311;200000;5513.0000000;5516.0000000;5375.0000000;5400.0000000;390
SPFB.HYDR-3.20;60;20200311;210000;5400.0000000;5419.0000000;5375.0000000;5394.0000000;37
SPFB.HYDR-3.20;60;20200311;220000;5376.0000000;5490.0000000;5361.0000000;5387.0000000;3526
SPFB.HYDR-3.20;60;20200311;230000;5368.0000000;5372.0000000;5256.0000000;5358.0000000;927
SPFB.HYDR-3.20;60;20200312;000000;5325.0000000;5369.0000000;5301.0000000;5324.0000000;121
SPFB.HYDR-3.20;60;20200312;110000;5294.0000000;5300.0000000;5004.0000000;5027.0000000;9319
SPFB.HYDR-3.20;60;20200312;120000;5025.0000000;5142.0000000;5016.0000000;5080.0000000;4018
SPFB.HYDR-3.20;60;20200312;130000;5077.0000000;5140.0000000;4960.0000000;5009.0000000;5182
SPFB.HYDR-3.20;60;20200312;140000;5005.0000000;5023.0000000;4891.0000000;4911.0000000;6592
SPFB.HYDR-3.20;60;20200312;150000;4922.0000000;5092.0000000;4869.0000000;5046.0000000;6579
SPFB.HYDR-3.20;60;20200312;160000;5045.0000000;5231.0000000;4969.0000000;5075.0000000;2345
SPFB.HYDR-3.20;60;20200312;170000;5082.0000000;5091.0000000;4917.0000000;4984.0000000;3355
SPFB.HYDR-3.20;60;20200312;180000;4986.0000000;5025.0000000;4915.0000000;4947.0000000;2720
SPFB.HYDR-3.20;60;20200312;190000;4938.0000000;4942.0000000;4705.0000000;4753.0000000;9439
SPFB.HYDR-3.20;60;20200312;200000;4701.0000000;4737.0000000;4610.0000000;4667.0000000;375
SPFB.HYDR-3.20;60;20200312;210000;4774.0000000;4867.0000000;4701.0000000;4750.0000000;532
SPFB.HYDR-3.20;60;20200312;220000;4750.0000000;4785.0000000;4655.0000000;4709.0000000;164
SPFB.HYDR-3.20;60;20200312;230000;4708.0000000;4733.0000000;4628.0000000;4628.0000000;291
SPFB.HYDR-3.20;60;20200313;000000;4625.0000000;4628.0000000;4460.0000000;4527.0000000;353
SPFB.HYDR-3.20;60;20200313;110000;4576.0000000;5020.0000000;4576.0000000;4960.0000000;6872
SPFB.HYDR-3.20;60;20200313;120000;4962.0000000;4996.0000000;4878.0000000;4887.0000000;3642
SPFB.HYDR-3.20;60;20200313;130000;4902.0000000;4996.0000000;4892.0000000;4960.0000000;1631
SPFB.HYDR-3.20;60;20200313;140000;4956.0000000;4983.0000000;4934.0000000;4963.0000000;791
SPFB.HYDR-3.20;60;20200313;150000;4959.0000000;5068.0000000;4959.0000000;5055.0000000;2076
SPFB.HYDR-3.20;60;20200313;160000;5040.0000000;5111.0000000;4980.0000000;5037.0000000;3067
SPFB.HYDR-3.20;60;20200313;170000;5035.0000000;5059.0000000;4903.0000000;4992.0000000;3293
SPFB.HYDR-3.20;60;20200313;180000;4995.0000000;5129.0000000;4987.0000000;5034.0000000;2502
SPFB.HYDR-3.20;60;20200313;190000;5034.0000000;5047.0000000;4980.0000000;4990.0000000;1497
SPFB.HYDR-3.20;60;20200313;200000;5070.0000000;5070.0000000;4935.0000000;5060.0000000;244
SPFB.HYDR-3.20;60;20200313;210000;5059.0000000;5059.0000000;5021.0000000;5032.0000000;130
SPFB.HYDR-3.20;60;20200313;220000;5041.0000000;5041.0000000;4983.0000000;5014.0000000;108
SPFB.HYDR-3.20;60;20200313;230000;5020.0000000;5170.0000000;4986.0000000;5123.0000000;195
SPFB.HYDR-3.20;60;20200314;000000;5187.0000000;5288.0000000;5157.0000000;5201.0000000;331
SPFB.HYDR-3.20;60;20200316;110000;5200.0000000;5200.0000000;4734.0000000;4882.0000000;3734
SPFB.HYDR-3.20;60;20200316;120000;4895.0000000;4978.0000000;4874.0000000;4881.0000000;2839
SPFB.HYDR-3.20;60;20200316;130000;4881.0000000;4921.0000000;4806.0000000;4830.0000000;863
SPFB.HYDR-3.20;60;20200316;140000;4823.0000000;4839.0000000;4782.0000000;4836.0000000;1411
SPFB.HYDR-3.20;60;20200316;150000;4830.0000000;4830.0000000;4728.0000000;4734.0000000;586
SPFB.HYDR-3.20;60;20200316;160000;4739.0000000;4754.0000000;4705.0000000;4715.0000000;536
SPFB.HYDR-3.20;60;20200316;170000;4718.0000000;4793.0000000;4685.0000000;4793.0000000;1681
SPFB.HYDR-3.20;60;20200316;180000;4786.0000000;5030.0000000;4721.0000000;4962.0000000;4978
SPFB.HYDR-3.20;60;20200316;190000;4956.0000000;5027.0000000;4916.0000000;4994.0000000;2910
SPFB.HYDR-3.20;60;20200316;200000;4863.0000000;4990.0000000;4843.0000000;4868.0000000;244
SPFB.HYDR-3.20;60;20200316;210000;4880.0000000;4907.0000000;4824.0000000;4905.0000000;45
SPFB.HYDR-3.20;60;20200316;220000;4907.0000000;5045.0000000;4848.0000000;4900.0000000;256
SPFB.HYDR-3.20;60;20200316;230000;4931.0000000;4931.0000000;4743.0000000;4786.0000000;290
SPFB.HYDR-3.20;60;20200317;000000;4767.0000000;4786.0000000;4710.0000000;4783.0000000;71
SPFB.HYDR-3.20;60;20200317;110000;4793.0000000;5065.0000000;4793.0000000;4952.0000000;3642
SPFB.HYDR-3.20;60;20200317;120000;4927.0000000;4952.0000000;4814.0000000;4828.0000000;2987
SPFB.HYDR-3.20;60;20200317;130000;4824.0000000;4893.0000000;4705.0000000;4705.0000000;2654
SPFB.HYDR-3.20;60;20200317;140000;4704.0000000;4787.0000000;4654.0000000;4787.0000000;3775
SPFB.HYDR-3.20;60;20200317;150000;4769.0000000;4793.0000000;4699.0000000;4709.0000000;1920
SPFB.HYDR-3.20;60;20200317;160000;4711.0000000;4760.0000000;4710.0000000;4744.0000000;656
SPFB.HYDR-3.20;60;20200317;170000;4745.0000000;4788.0000000;4726.0000000;4747.0000000;1567
SPFB.HYDR-3.20;60;20200317;180000;4742.0000000;4877.0000000;4715.0000000;4846.0000000;1658
SPFB.HYDR-3.20;60;20200317;190000;4846.0000000;4935.0000000;4818.0000000;4850.0000000;1247
SPFB.HYDR-3.20;60;20200317;200000;4855.0000000;4962.0000000;4808.0000000;4808.0000000;420
SPFB.HYDR-3.20;60;20200317;210000;4810.0000000;4869.0000000;4779.0000000;4869.0000000;66
SPFB.HYDR-3.20;60;20200317;220000;4840.0000000;4874.0000000;4800.0000000;4840.0000000;71
SPFB.HYDR-3.20;60;20200317;230000;4801.0000000;4900.0000000;4801.0000000;4900.0000000;156
SPFB.HYDR-3.20;60;20200318;000000;4900.0000000;4928.0000000;4854.0000000;4854.0000000;26
SPFB.HYDR-3.20;60;20200318;110000;4801.0000000;4801.0000000;4686.0000000;4695.0000000;2431
SPFB.HYDR-3.20;60;20200318;120000;4695.0000000;4726.0000000;4659.0000000;4694.0000000;1227
SPFB.HYDR-3.20;60;20200318;130000;4700.0000000;4729.0000000;4665.0000000;4693.0000000;574
SPFB.HYDR-3.20;60;20200318;140000;4696.0000000;4721.0000000;4680.0000000;4691.0000000;616
SPFB.HYDR-3.20;60;20200318;150000;4693.0000000;4694.0000000;4670.0000000;4670.0000000;312
SPFB.HYDR-3.20;60;20200318;160000;4670.0000000;4726.0000000;4650.0000000;4688.0000000;604
SPFB.HYDR-3.20;60;20200318;170000;4685.0000000;4839.0000000;4673.0000000;4813.0000000;2369
SPFB.HYDR-3.20;60;20200318;180000;4802.0000000;4916.0000000;4794.0000000;4870.0000000;4135
SPFB.HYDR-3.20;60;20200318;190000;4879.0000000;4884.0000000;4835.0000000;4876.0000000;992
SPFB.HYDR-3.20;60;20200318;200000;4876.0000000;4876.0000000;4754.0000000;4768.0000000;136
SPFB.HYDR-3.20;60;20200318;210000;4817.0000000;4817.0000000;4738.0000000;4812.0000000;52
SPFB.HYDR-3.20;60;20200318;220000;4744.0000000;4818.0000000;4720.0000000;4818.0000000;42
SPFB.HYDR-3.20;60;20200318;230000;4818.0000000;4919.0000000;4780.0000000;4780.0000000;22
SPFB.HYDR-3.20;60;20200319;000000;4816.0000000;4901.0000000;4816.0000000;4901.0000000;2
SPFB.HYDR-3.20;60;20200319;110000;4873.0000000;5000.0000000;4723.0000000;4833.0000000;1378
SPFB.HYDR-3.20;60;20200319;120000;4832.0000000;5044.0000000;4827.0000000;4985.0000000;2423
SPFB.HYDR-3.20;60;20200319;130000;4997.0000000;5036.0000000;4966.0000000;5010.0000000;1286
SPFB.HYDR-3.20;60;20200319;140000;5006.0000000;5128.0000000;4986.0000000;5085.0000000;1836
SPFB.HYDR-3.20;60;20200319;150000;5083.0000000;5120.0000000;4984.0000000;5034.0000000;1988
SPFB.HYDR-3.20;60;20200319;160000;5057.0000000;5109.0000000;5049.0000000;5056.0000000;490
SPFB.HYDR-3.20;60;20200319;170000;5053.0000000;5053.0000000;4982.0000000;5040.0000000;483
SPFB.HYDR-3.20;60;20200319;180000;5010.0000000;5055.0000000;5004.0000000;5017.0000000;179
SPFB.HYDR-3.20;60;20200319;190000;5036.0000000;5105.0000000;5035.0000000;5093.0000000;193
