<TICKER>;<PER>;<DATE>;<TIME>;<OPEN>;<HIGH>;<LOW>;<CLOSE>;<VOL>
SPFB.HYDR-6.19;60;20181224;230000;4901.0000000;4901.0000000;4900.0000000;4900.0000000;7
SPFB.HYDR-6.19;60;20181225;110000;4881.0000000;4881.0000000;4881.0000000;4881.0000000;2
SPFB.HYDR-6.19;60;20181225;140000;4892.0000000;4892.0000000;4892.0000000;4892.0000000;5
SPFB.HYDR-6.19;60;20181226;180000;5008.0000000;5008.0000000;4989.0000000;4989.0000000;2
SPFB.HYDR-6.19;60;20181227;110000;5089.0000000;5089.0000000;5089.0000000;5089.0000000;2
SPFB.HYDR-6.19;60;20181227;150000;5002.0000000;5003.0000000;5000.0000000;5000.0000000;18
SPFB.HYDR-6.19;60;20181228;130000;4992.0000000;4992.0000000;4992.0000000;4992.0000000;5
SPFB.HYDR-6.19;60;20181228;170000;4965.0000000;4965.0000000;4965.0000000;4965.0000000;1
SPFB.HYDR-6.19;60;20190104;150000;5155.0000000;5155.0000000;5155.0000000;5155.0000000;1
SPFB.HYDR-6.19;60;20190109;210000;5208.0000000;5208.0000000;5208.0000000;5208.0000000;1
SPFB.HYDR-6.19;60;20190110;110000;5032.0000000;5032.0000000;5032.0000000;5032.0000000;1
SPFB.HYDR-6.19;60;20190111;110000;5229.0000000;5230.0000000;5229.0000000;5230.0000000;3
SPFB.HYDR-6.19;60;20190111;120000;5211.0000000;5211.0000000;5211.0000000;5211.0000000;1
SPFB.HYDR-6.19;60;20190114;110000;5113.0000000;5129.0000000;4712.0000000;5129.0000000;4
SPFB.HYDR-6.19;60;20190114;130000;5265.0000000;5302.0000000;5265.0000000;5302.0000000;4
SPFB.HYDR-6.19;60;20190114;180000;5214.0000000;5214.0000000;5214.0000000;5214.0000000;1
SPFB.HYDR-6.19;60;20190116;110000;5295.0000000;5345.0000000;5295.0000000;5345.0000000;5
SPFB.HYDR-6.19;60;20190116;190000;5340.0000000;5340.0000000;5288.0000000;5288.0000000;3
SPFB.HYDR-6.19;60;20190116;200000;5209.0000000;5209.0000000;5209.0000000;5209.0000000;2
SPFB.HYDR-6.19;60;20190117;180000;5380.0000000;5380.0000000;5237.0000000;5237.0000000;2
SPFB.HYDR-6.19;60;20190123;120000;5250.0000000;5250.0000000;5250.0000000;5250.0000000;3
SPFB.HYDR-6.19;60;20190206;170000;5364.0000000;5364.0000000;5364.0000000;5364.0000000;1
SPFB.HYDR-6.19;60;20190208;200000;5253.0000000;5253.0000000;5253.0000000;5253.0000000;1
SPFB.HYDR-6.19;60;20190214;180000;5270.0000000;5270.0000000;5270.0000000;5270.0000000;10
SPFB.HYDR-6.19;60;20190215;110000;5337.0000000;5337.0000000;5337.0000000;5337.0000000;2
SPFB.HYDR-6.19;60;20190215;160000;5261.0000000;5261.0000000;5261.0000000;5261.0000000;2
SPFB.HYDR-6.19;60;20190219;140000;5253.0000000;5253.0000000;5253.0000000;5253.0000000;1
SPFB.HYDR-6.19;60;20190219;150000;5259.0000000;5298.0000000;5234.0000000;5235.0000000;15
SPFB.HYDR-6.19;60;20190219;160000;5229.0000000;5229.0000000;5229.0000000;5229.0000000;5
SPFB.HYDR-6.19;60;20190219;170000;5223.0000000;5223.0000000;5223.0000000;5223.0000000;1
SPFB.HYDR-6.19;60;20190220;200000;5328.0000000;5328.0000000;5328.0000000;5328.0000000;1
SPFB.HYDR-6.19;60;20190221;130000;5200.0000000;5201.0000000;5180.0000000;5180.0000000;17
SPFB.HYDR-6.19;60;20190221;140000;5190.0000000;5190.0000000;5180.0000000;5180.0000000;20
SPFB.HYDR-6.19;60;20190221;150000;5180.0000000;5180.0000000;5180.0000000;5180.0000000;10
SPFB.HYDR-6.19;60;20190221;160000;5184.0000000;5184.0000000;5184.0000000;5184.0000000;3
SPFB.HYDR-6.19;60;20190221;170000;5171.0000000;5176.0000000;5170.0000000;5170.0000000;91
SPFB.HYDR-6.19;60;20190221;180000;5175.0000000;5175.0000000;5165.0000000;5165.0000000;12
SPFB.HYDR-6.19;60;20190221;200000;5157.0000000;5157.0000000;5157.0000000;5157.0000000;4
SPFB.HYDR-6.19;60;20190222;130000;5231.0000000;5231.0000000;5202.0000000;5202.0000000;2
SPFB.HYDR-6.19;60;20190222;140000;5200.0000000;5200.0000000;5200.0000000;5200.0000000;15
SPFB.HYDR-6.19;60;20190222;180000;5200.0000000;5200.0000000;5200.0000000;5200.0000000;15
SPFB.HYDR-6.19;60;20190225;120000;5302.0000000;5313.0000000;5275.0000000;5275.0000000;50
SPFB.HYDR-6.19;60;20190225;150000;5275.0000000;5275.0000000;5275.0000000;5275.0000000;1
SPFB.HYDR-6.19;60;20190225;160000;5276.0000000;5276.0000000;5275.0000000;5275.0000000;49
SPFB.HYDR-6.19;60;20190225;170000;5250.0000000;5250.0000000;5250.0000000;5250.0000000;15
SPFB.HYDR-6.19;60;20190225;190000;5275.0000000;5275.0000000;5274.0000000;5274.0000000;20
SPFB.HYDR-6.19;60;20190225;210000;5260.0000000;5288.0000000;5260.0000000;5288.0000000;50
SPFB.HYDR-6.19;60;20190226;110000;5279.0000000;5279.0000000;5248.0000000;5269.0000000;36
SPFB.HYDR-6.19;60;20190226;120000;5234.0000000;5234.0000000;5234.0000000;5234.0000000;40
SPFB.HYDR-6.19;60;20190226;140000;5215.0000000;5215.0000000;5200.0000000;5200.0000000;100
SPFB.HYDR-6.19;60;20190226;160000;5251.0000000;5251.0000000;5247.0000000;5247.0000000;10
SPFB.HYDR-6.19;60;20190226;170000;5208.0000000;5215.0000000;5208.0000000;5215.0000000;30
SPFB.HYDR-6.19;60;20190226;180000;5196.0000000;5196.0000000;5175.0000000;5175.0000000;29
SPFB.HYDR-6.19;60;20190226;190000;5200.0000000;5200.0000000;5197.0000000;5197.0000000;40
SPFB.HYDR-6.19;60;20190226;200000;5230.0000000;5230.0000000;5230.0000000;5230.0000000;10
SPFB.HYDR-6.19;60;20190227;110000;5190.0000000;5190.0000000;5190.0000000;5190.0000000;45
SPFB.HYDR-6.19;60;20190227;130000;5170.0000000;5170.0000000;5170.0000000;5170.0000000;6
SPFB.HYDR-6.19;60;20190227;140000;5156.0000000;5164.0000000;5150.0000000;5150.0000000;17
SPFB.HYDR-6.19;60;20190227;150000;5146.0000000;5146.0000000;5140.0000000;5140.0000000;52
SPFB.HYDR-6.19;60;20190227;160000;5155.0000000;5155.0000000;5155.0000000;5155.0000000;2
SPFB.HYDR-6.19;60;20190227;170000;5155.0000000;5155.0000000;5155.0000000;5155.0000000;2
SPFB.HYDR-6.19;60;20190227;180000;5143.0000000;5143.0000000;5130.0000000;5130.0000000;13
SPFB.HYDR-6.19;60;20190227;220000;5137.0000000;5137.0000000;5137.0000000;5137.0000000;12
SPFB.HYDR-6.19;60;20190228;110000;5136.0000000;5167.0000000;5135.0000000;5167.0000000;73
SPFB.HYDR-6.19;60;20190228;130000;5130.0000000;5130.0000000;5130.0000000;5130.0000000;2
SPFB.HYDR-6.19;60;20190228;140000;5121.0000000;5121.0000000;5115.0000000;5115.0000000;49
SPFB.HYDR-6.19;60;20190228;150000;5100.0000000;5100.0000000;5095.0000000;5095.0000000;12
SPFB.HYDR-6.19;60;20190228;170000;5102.0000000;5102.0000000;5102.0000000;5102.0000000;3
SPFB.HYDR-6.19;60;20190228;180000;5147.0000000;5147.0000000;5147.0000000;5147.0000000;1
SPFB.HYDR-6.19;60;20190228;190000;5102.0000000;5141.0000000;5095.0000000;5141.0000000;114
SPFB.HYDR-6.19;60;20190228;220000;5088.0000000;5088.0000000;5087.0000000;5087.0000000;2
SPFB.HYDR-6.19;60;20190228;230000;5120.0000000;5120.0000000;5120.0000000;5120.0000000;1
SPFB.HYDR-6.19;60;20190301;110000;5144.0000000;5144.0000000;5144.0000000;5144.0000000;4
SPFB.HYDR-6.19;60;20190301;120000;5140.0000000;5141.0000000;5140.0000000;5141.0000000;48
SPFB.HYDR-6.19;60;20190301;130000;5139.0000000;5139.0000000;5139.0000000;5139.0000000;40
SPFB.HYDR-6.19;60;20190301;140000;5120.0000000;5136.0000000;5120.0000000;5135.0000000;295
SPFB.HYDR-6.19;60;20190301;150000;5149.0000000;5149.0000000;5149.0000000;5149.0000000;40
SPFB.HYDR-6.19;60;20190301;160000;5147.0000000;5149.0000000;5147.0000000;5148.0000000;42
SPFB.HYDR-6.19;60;20190301;170000;5134.0000000;5134.0000000;5134.0000000;5134.0000000;40
SPFB.HYDR-6.19;60;20190301;190000;5134.0000000;5134.0000000;5134.0000000;5134.0000000;10
SPFB.HYDR-6.19;60;20190301;200000;5126.0000000;5126.0000000;5126.0000000;5126.0000000;90
SPFB.HYDR-6.19;60;20190301;210000;5126.0000000;5126.0000000;5120.0000000;5120.0000000;12
SPFB.HYDR-6.19;60;20190301;220000;5163.0000000;5163.0000000;5159.0000000;5159.0000000;5
SPFB.HYDR-6.19;60;20190301;230000;5130.0000000;5130.0000000;5120.0000000;5120.0000000;70
SPFB.HYDR-6.19;60;20190302;000000;5120.0000000;5120.0000000;5120.0000000;5120.0000000;13
SPFB.HYDR-6.19;60;20190304;110000;5142.0000000;5142.0000000;5142.0000000;5142.0000000;177
SPFB.HYDR-6.19;60;20190304;120000;5123.0000000;5129.0000000;5122.0000000;5123.0000000;51
SPFB.HYDR-6.19;60;20190304;130000;5120.0000000;5120.0000000;5120.0000000;5120.0000000;160
SPFB.HYDR-6.19;60;20190304;140000;5128.0000000;5128.0000000;5128.0000000;5128.0000000;40
SPFB.HYDR-6.19;60;20190304;150000;5110.0000000;5110.0000000;5110.0000000;5110.0000000;1
SPFB.HYDR-6.19;60;20190304;160000;5100.0000000;5113.0000000;5100.0000000;5113.0000000;42
SPFB.HYDR-6.19;60;20190304;200000;5085.0000000;5085.0000000;5085.0000000;5085.0000000;1
SPFB.HYDR-6.19;60;20190304;230000;5086.0000000;5086.0000000;5086.0000000;5086.0000000;1
SPFB.HYDR-6.19;60;20190305;110000;5087.0000000;5087.0000000;4911.0000000;5073.0000000;138
SPFB.HYDR-6.19;60;20190305;120000;5081.0000000;5082.0000000;5075.0000000;5075.0000000;30
SPFB.HYDR-6.19;60;20190305;130000;5066.0000000;5066.0000000;5055.0000000;5055.0000000;7
SPFB.HYDR-6.19;60;20190305;140000;5079.0000000;5079.0000000;5079.0000000;5079.0000000;1
SPFB.HYDR-6.19;60;20190305;150000;5070.0000000;5070.0000000;5056.0000000;5056.0000000;4
SPFB.HYDR-6.19;60;20190305;160000;5067.0000000;5067.0000000;5067.0000000;5067.0000000;1
SPFB.HYDR-6.19;60;20190305;190000;5071.0000000;5071.0000000;5060.0000000;5060.0000000;9
SPFB.HYDR-6.19;60;20190306;120000;5055.0000000;5055.0000000;5045.0000000;5045.0000000;59
SPFB.HYDR-6.19;60;20190306;130000;5062.0000000;5062.0000000;5062.0000000;5062.0000000;1
SPFB.HYDR-6.19;60;20190306;160000;5062.0000000;5062.0000000;5062.0000000;5062.0000000;1
SPFB.HYDR-6.19;60;20190306;170000;5053.0000000;5053.0000000;5052.0000000;5052.0000000;10
SPFB.HYDR-6.19;60;20190306;210000;5066.0000000;5066.0000000;5066.0000000;5066.0000000;1
SPFB.HYDR-6.19;60;20190307;110000;5042.0000000;5042.0000000;5040.0000000;5040.0000000;34
SPFB.HYDR-6.19;60;20190307;140000;5068.0000000;5070.0000000;5068.0000000;5070.0000000;101
SPFB.HYDR-6.19;60;20190307;150000;5077.0000000;5077.0000000;5077.0000000;5077.0000000;1
SPFB.HYDR-6.19;60;20190307;160000;5067.0000000;5067.0000000;5067.0000000;5067.0000000;1
SPFB.HYDR-6.19;60;20190307;170000;5067.0000000;5067.0000000;5066.0000000;5066.0000000;4
SPFB.HYDR-6.19;60;20190307;180000;5070.0000000;5070.0000000;5070.0000000;5070.0000000;1
SPFB.HYDR-6.19;60;20190307;190000;5063.0000000;5070.0000000;5062.0000000;5070.0000000;54
SPFB.HYDR-6.19;60;20190311;120000;5054.0000000;5054.0000000;5054.0000000;5054.0000000;10
SPFB.HYDR-6.19;60;20190311;130000;5057.0000000;5062.0000000;5057.0000000;5061.0000000;104
SPFB.HYDR-6.19;60;20190311;140000;5064.0000000;5064.0000000;5064.0000000;5064.0000000;20
SPFB.HYDR-6.19;60;20190311;150000;5061.0000000;5062.0000000;5061.0000000;5062.0000000;20
SPFB.HYDR-6.19;60;20190311;160000;5052.0000000;5052.0000000;5046.0000000;5046.0000000;4
SPFB.HYDR-6.19;60;20190311;170000;5062.0000000;5070.0000000;5060.0000000;5062.0000000;102
SPFB.HYDR-6.19;60;20190311;190000;5067.0000000;5068.0000000;5067.0000000;5068.0000000;30
SPFB.HYDR-6.19;60;20190311;230000;5075.0000000;5075.0000000;5075.0000000;5075.0000000;6
SPFB.HYDR-6.19;60;20190312;110000;5062.0000000;5062.0000000;5062.0000000;5062.0000000;2
SPFB.HYDR-6.19;60;20190312;120000;5120.0000000;5120.0000000;5120.0000000;5120.0000000;5
SPFB.HYDR-6.19;60;20190312;130000;5118.0000000;5121.0000000;5114.0000000;5114.0000000;56
SPFB.HYDR-6.19;60;20190312;140000;5113.0000000;5134.0000000;5113.0000000;5131.0000000;91
SPFB.HYDR-6.19;60;20190312;150000;5137.0000000;5148.0000000;5137.0000000;5145.0000000;13
SPFB.HYDR-6.19;60;20190312;160000;5131.0000000;5131.0000000;5101.0000000;5125.0000000;166
SPFB.HYDR-6.19;60;20190312;170000;5126.0000000;5128.0000000;5126.0000000;5128.0000000;87
SPFB.HYDR-6.19;60;20190312;180000;5144.0000000;5198.0000000;5138.0000000;5138.0000000;17
SPFB.HYDR-6.19;60;20190312;190000;5134.0000000;5135.0000000;5133.0000000;5133.0000000;51
SPFB.HYDR-6.19;60;20190312;220000;5146.0000000;5167.0000000;5146.0000000;5167.0000000;5
SPFB.HYDR-6.19;60;20190313;110000;5162.0000000;5163.0000000;5161.0000000;5161.0000000;53
SPFB.HYDR-6.19;60;20190313;120000;5164.0000000;5192.0000000;5160.0000000;5175.0000000;86
SPFB.HYDR-6.19;60;20190313;130000;5189.0000000;5192.0000000;5188.0000000;5188.0000000;12
SPFB.HYDR-6.19;60;20190313;140000;5190.0000000;5190.0000000;5170.0000000;5170.0000000;18
SPFB.HYDR-6.19;60;20190313;150000;5173.0000000;5173.0000000;5170.0000000;5170.0000000;78
SPFB.HYDR-6.19;60;20190313;170000;5193.0000000;5202.0000000;5193.0000000;5201.0000000;5
SPFB.HYDR-6.19;60;20190313;180000;5212.0000000;5213.0000000;5180.0000000;5198.0000000;3014
SPFB.HYDR-6.19;60;20190313;190000;5190.0000000;5202.0000000;5190.0000000;5201.0000000;21
SPFB.HYDR-6.19;60;20190313;220000;5198.0000000;5198.0000000;5198.0000000;5198.0000000;8
SPFB.HYDR-6.19;60;20190314;110000;5212.0000000;5239.0000000;5181.0000000;5188.0000000;185
SPFB.HYDR-6.19;60;20190314;120000;5183.0000000;5218.0000000;5183.0000000;5216.0000000;180
SPFB.HYDR-6.19;60;20190314;130000;5201.0000000;5201.0000000;5180.0000000;5180.0000000;201
SPFB.HYDR-6.19;60;20190314;140000;5180.0000000;5193.0000000;5172.0000000;5175.0000000;92
SPFB.HYDR-6.19;60;20190314;150000;5175.0000000;5175.0000000;5170.0000000;5170.0000000;22
SPFB.HYDR-6.19;60;20190314;160000;5158.0000000;5178.0000000;5150.0000000;5152.0000000;404
SPFB.HYDR-6.19;60;20190314;170000;5175.0000000;5182.0000000;5152.0000000;5152.0000000;162
SPFB.HYDR-6.19;60;20190314;180000;5145.0000000;5157.0000000;5120.0000000;5157.0000000;246
SPFB.HYDR-6.19;60;20190314;190000;5135.0000000;5135.0000000;5126.0000000;5126.0000000;80
SPFB.HYDR-6.19;60;20190314;200000;5150.0000000;5150.0000000;5120.0000000;5120.0000000;107
SPFB.HYDR-6.19;60;20190314;210000;5118.0000000;5118.0000000;5118.0000000;5118.0000000;1
SPFB.HYDR-6.19;60;20190314;220000;5118.0000000;5128.0000000;5112.0000000;5112.0000000;42
SPFB.HYDR-6.19;60;20190315;000000;5141.0000000;5141.0000000;5141.0000000;5141.0000000;9
SPFB.HYDR-6.19;60;20190315;110000;5109.0000000;5167.0000000;5109.0000000;5124.0000000;90
SPFB.HYDR-6.19;60;20190315;120000;5133.0000000;5145.0000000;5133.0000000;5145.0000000;16
SPFB.HYDR-6.19;60;20190315;130000;5142.0000000;5145.0000000;5141.0000000;5145.0000000;73
SPFB.HYDR-6.19;60;20190315;140000;5130.0000000;5137.0000000;5121.0000000;5137.0000000;241
SPFB.HYDR-6.19;60;20190315;150000;5146.0000000;5166.0000000;5146.0000000;5152.0000000;68
SPFB.HYDR-6.19;60;20190315;160000;5148.0000000;5180.0000000;5148.0000000;5180.0000000;65
SPFB.HYDR-6.19;60;20190315;170000;5162.0000000;5164.0000000;5146.0000000;5146.0000000;48
SPFB.HYDR-6.19;60;20190315;180000;5140.0000000;5147.0000000;5140.0000000;5147.0000000;55
SPFB.HYDR-6.19;60;20190315;190000;5144.0000000;5144.0000000;5135.0000000;5135.0000000;98
SPFB.HYDR-6.19;60;20190315;200000;5122.0000000;5123.0000000;5121.0000000;5121.0000000;21
SPFB.HYDR-6.19;60;20190315;210000;5110.0000000;5119.0000000;5091.0000000;5091.0000000;70
SPFB.HYDR-6.19;60;20190316;000000;5123.0000000;5123.0000000;5123.0000000;5123.0000000;15
SPFB.HYDR-6.19;60;20190318;110000;5123.0000000;5182.0000000;5090.0000000;5160.0000000;209
SPFB.HYDR-6.19;60;20190318;120000;5158.0000000;5167.0000000;5151.0000000;5154.0000000;799
SPFB.HYDR-6.19;60;20190318;130000;5155.0000000;5155.0000000;5141.0000000;5141.0000000;385
SPFB.HYDR-6.19;60;20190318;140000;5140.0000000;5167.0000000;5125.0000000;5163.0000000;339
SPFB.HYDR-6.19;60;20190318;150000;5178.0000000;5179.0000000;5157.0000000;5166.0000000;330
SPFB.HYDR-6.19;60;20190318;160000;5176.0000000;5178.0000000;5158.0000000;5175.0000000;161
SPFB.HYDR-6.19;60;20190318;170000;5171.0000000;5195.0000000;5171.0000000;5195.0000000;51
SPFB.HYDR-6.19;60;20190318;180000;5194.0000000;5259.0000000;5190.0000000;5196.0000000;964
SPFB.HYDR-6.19;60;20190318;190000;5191.0000000;5195.0000000;5179.0000000;5186.0000000;343
SPFB.HYDR-6.19;60;20190318;200000;5182.0000000;5202.0000000;5090.0000000;5202.0000000;60
SPFB.HYDR-6.19;60;20190318;210000;5209.0000000;5210.0000000;5183.0000000;5191.0000000;71
SPFB.HYDR-6.19;60;20190318;230000;5200.0000000;5200.0000000;5200.0000000;5200.0000000;21
SPFB.HYDR-6.19;60;20190319;000000;5200.0000000;5200.0000000;5188.0000000;5188.0000000;26
SPFB.HYDR-6.19;60;20190319;110000;5186.0000000;5228.0000000;5178.0000000;5180.0000000;557
SPFB.HYDR-6.19;60;20190319;120000;5185.0000000;5236.0000000;5175.0000000;5214.0000000;1194
SPFB.HYDR-6.19;60;20190319;130000;5209.0000000;5209.0000000;5195.0000000;5200.0000000;162
SPFB.HYDR-6.19;60;20190319;140000;5200.0000000;5200.0000000;5196.0000000;5196.0000000;321
SPFB.HYDR-6.19;60;20190319;150000;5195.0000000;5202.0000000;5195.0000000;5200.0000000;222
SPFB.HYDR-6.19;60;20190319;160000;5199.0000000;5202.0000000;5197.0000000;5200.0000000;92
SPFB.HYDR-6.19;60;20190319;170000;5199.0000000;5205.0000000;5196.0000000;5201.0000000;117
SPFB.HYDR-6.19;60;20190319;180000;5205.0000000;5225.0000000;5205.0000000;5225.0000000;325
SPFB.HYDR-6.19;60;20190319;190000;5210.0000000;5215.0000000;5202.0000000;5215.0000000;21
SPFB.HYDR-6.19;60;20190319;200000;5220.0000000;5220.0000000;5220.0000000;5220.0000000;7
SPFB.HYDR-6.19;60;20190319;210000;5208.0000000;5208.0000000;5207.0000000;5207.0000000;5
SPFB.HYDR-6.19;60;20190319;220000;5207.0000000;5248.0000000;5197.0000000;5215.0000000;125
SPFB.HYDR-6.19;60;20190319;230000;5216.0000000;5221.0000000;5208.0000000;5208.0000000;24
SPFB.HYDR-6.19;60;20190320;110000;5212.0000000;5216.0000000;5164.0000000;5164.0000000;1097
SPFB.HYDR-6.19;60;20190320;120000;5165.0000000;5184.0000000;5165.0000000;5177.0000000;112
SPFB.HYDR-6.19;60;20190320;130000;5181.0000000;5191.0000000;5180.0000000;5182.0000000;351
SPFB.HYDR-6.19;60;20190320;140000;5184.0000000;5190.0000000;5178.0000000;5186.0000000;382
SPFB.HYDR-6.19;60;20190320;150000;5191.0000000;5192.0000000;5173.0000000;5179.0000000;280
SPFB.HYDR-6.19;60;20190320;160000;5179.0000000;5179.0000000;5165.0000000;5173.0000000;94
SPFB.HYDR-6.19;60;20190320;170000;5183.0000000;5184.0000000;5175.0000000;5176.0000000;132
SPFB.HYDR-6.19;60;20190320;180000;5179.0000000;5195.0000000;5176.0000000;5188.0000000;260
SPFB.HYDR-6.19;60;20190320;190000;5193.0000000;5195.0000000;5182.0000000;5190.0000000;87
SPFB.HYDR-6.19;60;20190320;200000;5198.0000000;5200.0000000;5189.0000000;5191.0000000;73
SPFB.HYDR-6.19;60;20190320;210000;5191.0000000;5197.0000000;5188.0000000;5197.0000000;19
SPFB.HYDR-6.19;60;20190320;220000;5200.0000000;5203.0000000;5196.0000000;5200.0000000;43
SPFB.HYDR-6.19;60;20190320;230000;5200.0000000;5200.0000000;5196.0000000;5196.0000000;39
SPFB.HYDR-6.19;60;20190321;000000;5180.0000000;5197.0000000;5180.0000000;5195.0000000;64
SPFB.HYDR-6.19;60;20190321;110000;5199.0000000;5202.0000000;5179.0000000;5196.0000000;263
SPFB.HYDR-6.19;60;20190321;120000;5194.0000000;5228.0000000;5194.0000000;5225.0000000;947
SPFB.HYDR-6.19;60;20190321;130000;5228.0000000;5228.0000000;5215.0000000;5216.0000000;323
SPFB.HYDR-6.19;60;20190321;140000;5218.0000000;5226.0000000;5216.0000000;5217.0000000;209
SPFB.HYDR-6.19;60;20190321;150000;5216.0000000;5217.0000000;5205.0000000;5207.0000000;346
SPFB.HYDR-6.19;60;20190321;160000;5211.0000000;5249.0000000;5210.0000000;5236.0000000;869
SPFB.HYDR-6.19;60;20190321;170000;5237.0000000;5246.0000000;5230.0000000;5239.0000000;415
SPFB.HYDR-6.19;60;20190321;180000;5244.0000000;5246.0000000;5227.0000000;5232.0000000;81
SPFB.HYDR-6.19;60;20190321;190000;5233.0000000;5245.0000000;5222.0000000;5225.0000000;229
SPFB.HYDR-6.19;60;20190321;200000;5226.0000000;5233.0000000;5222.0000000;5233.0000000;4
SPFB.HYDR-6.19;60;20190321;210000;5225.0000000;5248.0000000;5225.0000000;5237.0000000;25
SPFB.HYDR-6.19;60;20190321;220000;5248.0000000;5248.0000000;5242.0000000;5242.0000000;4
SPFB.HYDR-6.19;60;20190321;230000;5239.0000000;5239.0000000;5239.0000000;5239.0000000;2
SPFB.HYDR-6.19;60;20190322;000000;5241.0000000;5242.0000000;5241.0000000;5242.0000000;2
SPFB.HYDR-6.19;60;20190322;110000;5234.0000000;5234.0000000;5192.0000000;5207.0000000;472
SPFB.HYDR-6.19;60;20190322;120000;5210.0000000;5229.0000000;5195.0000000;5195.0000000;278
SPFB.HYDR-6.19;60;20190322;130000;5195.0000000;5199.0000000;5177.0000000;5183.0000000;203
SPFB.HYDR-6.19;60;20190322;140000;5183.0000000;5198.0000000;5180.0000000;5194.0000000;197
SPFB.HYDR-6.19;60;20190322;150000;5193.0000000;5195.0000000;5167.0000000;5172.0000000;1010
SPFB.HYDR-6.19;60;20190322;160000;5176.0000000;5176.0000000;5170.0000000;5173.0000000;102
SPFB.HYDR-6.19;60;20190322;170000;5171.0000000;5175.0000000;5146.0000000;5151.0000000;514
SPFB.HYDR-6.19;60;20190322;180000;5155.0000000;5156.0000000;5134.0000000;5135.0000000;511
SPFB.HYDR-6.19;60;20190322;190000;5132.0000000;5145.0000000;5128.0000000;5141.0000000;793
SPFB.HYDR-6.19;60;20190322;200000;5167.0000000;5183.0000000;5155.0000000;5157.0000000;259
SPFB.HYDR-6.19;60;20190322;210000;5164.0000000;5164.0000000;5161.0000000;5161.0000000;32
SPFB.HYDR-6.19;60;20190322;220000;5172.0000000;5172.0000000;5166.0000000;5172.0000000;20
SPFB.HYDR-6.19;60;20190322;230000;5166.0000000;5166.0000000;5166.0000000;5166.0000000;3
SPFB.HYDR-6.19;60;20190323;000000;5165.0000000;5169.0000000;5162.0000000;5169.0000000;20
SPFB.HYDR-6.19;60;20190325;110000;5144.0000000;5144.0000000;5107.0000000;5128.0000000;444
SPFB.HYDR-6.19;60;20190325;120000;5128.0000000;5151.0000000;5126.0000000;5137.0000000;182
SPFB.HYDR-6.19;60;20190325;130000;5143.0000000;5148.0000000;5135.0000000;5135.0000000;85
SPFB.HYDR-6.19;60;20190325;140000;5136.0000000;5147.0000000;5131.0000000;5147.0000000;294
SPFB.HYDR-6.19;60;20190325;150000;5145.0000000;5145.0000000;5130.0000000;5136.0000000;128
SPFB.HYDR-6.19;60;20190325;160000;5136.0000000;5136.0000000;5125.0000000;5130.0000000;124
SPFB.HYDR-6.19;60;20190325;170000;5130.0000000;5140.0000000;5118.0000000;5123.0000000;241
SPFB.HYDR-6.19;60;20190325;180000;5119.0000000;5130.0000000;5119.0000000;5125.0000000;100
SPFB.HYDR-6.19;60;20190325;190000;5135.0000000;5137.0000000;5123.0000000;5123.0000000;171
SPFB.HYDR-6.19;60;20190325;200000;5117.0000000;5131.0000000;5117.0000000;5130.0000000;24
SPFB.HYDR-6.19;60;20190325;210000;5137.0000000;5137.0000000;5137.0000000;5137.0000000;1
SPFB.HYDR-6.19;60;20190325;220000;5135.0000000;5135.0000000;5135.0000000;5135.0000000;10
SPFB.HYDR-6.19;60;20190326;110000;5130.0000000;5130.0000000;5107.0000000;5125.0000000;1161
SPFB.HYDR-6.19;60;20190326;120000;5118.0000000;5157.0000000;5116.0000000;5138.0000000;631
SPFB.HYDR-6.19;60;20190326;130000;5141.0000000;5151.0000000;5133.0000000;5133.0000000;123
SPFB.HYDR-6.19;60;20190326;140000;5134.0000000;5134.0000000;5122.0000000;5122.0000000;286
SPFB.HYDR-6.19;60;20190326;150000;5130.0000000;5143.0000000;5130.0000000;5143.0000000;325
SPFB.HYDR-6.19;60;20190326;160000;5147.0000000;5147.0000000;5140.0000000;5141.0000000;165
SPFB.HYDR-6.19;60;20190326;170000;5145.0000000;5155.0000000;5143.0000000;5143.0000000;117
SPFB.HYDR-6.19;60;20190326;180000;5140.0000000;5140.0000000;5131.0000000;5131.0000000;9
SPFB.HYDR-6.19;60;20190326;190000;5128.0000000;5132.0000000;5127.0000000;5132.0000000;8
SPFB.HYDR-6.19;60;20190326;200000;5132.0000000;5132.0000000;5121.0000000;5121.0000000;7
SPFB.HYDR-6.19;60;20190326;210000;5121.0000000;5134.0000000;5121.0000000;5134.0000000;3
SPFB.HYDR-6.19;60;20190326;220000;5134.0000000;5134.0000000;5134.0000000;5134.0000000;1
SPFB.HYDR-6.19;60;20190326;230000;5143.0000000;5147.0000000;5143.0000000;5144.0000000;22
SPFB.HYDR-6.19;60;20190327;000000;5137.0000000;5137.0000000;5136.0000000;5136.0000000;2
SPFB.HYDR-6.19;60;20190327;110000;5135.0000000;5143.0000000;5122.0000000;5132.0000000;187
SPFB.HYDR-6.19;60;20190327;120000;5131.0000000;5133.0000000;5111.0000000;5115.0000000;456
SPFB.HYDR-6.19;60;20190327;130000;5115.0000000;5115.0000000;5109.0000000;5109.0000000;37
SPFB.HYDR-6.19;60;20190327;140000;5112.0000000;5114.0000000;5108.0000000;5110.0000000;139
SPFB.HYDR-6.19;60;20190327;150000;5108.0000000;5112.0000000;5101.0000000;5112.0000000;70
SPFB.HYDR-6.19;60;20190327;160000;5107.0000000;5116.0000000;5106.0000000;5110.0000000;272
SPFB.HYDR-6.19;60;20190327;170000;5108.0000000;5108.0000000;5090.0000000;5092.0000000;1350
SPFB.HYDR-6.19;60;20190327;180000;5097.0000000;5105.0000000;5077.0000000;5096.0000000;533
SPFB.HYDR-6.19;60;20190327;190000;5102.0000000;5125.0000000;5102.0000000;5108.0000000;549
SPFB.HYDR-6.19;60;20190327;200000;5124.0000000;5124.0000000;5106.0000000;5113.0000000;68
SPFB.HYDR-6.19;60;20190327;210000;5110.0000000;5110.0000000;5110.0000000;5110.0000000;20
SPFB.HYDR-6.19;60;20190328;110000;5112.0000000;5130.0000000;5104.0000000;5113.0000000;312
SPFB.HYDR-6.19;60;20190328;120000;5108.0000000;5112.0000000;5086.0000000;5112.0000000;95
SPFB.HYDR-6.19;60;20190328;130000;5110.0000000;5111.0000000;5110.0000000;5111.0000000;3
SPFB.HYDR-6.19;60;20190328;140000;5110.0000000;5122.0000000;5110.0000000;5119.0000000;60
SPFB.HYDR-6.19;60;20190328;150000;5119.0000000;5119.0000000;5114.0000000;5117.0000000;164
SPFB.HYDR-6.19;60;20190328;160000;5115.0000000;5115.0000000;5107.0000000;5108.0000000;56
SPFB.HYDR-6.19;60;20190328;170000;5107.0000000;5107.0000000;5088.0000000;5094.0000000;314
SPFB.HYDR-6.19;60;20190328;180000;5091.0000000;5100.0000000;5090.0000000;5100.0000000;173
SPFB.HYDR-6.19;60;20190328;190000;5096.0000000;5109.0000000;5086.0000000;5109.0000000;497
SPFB.HYDR-6.19;60;20190328;200000;5123.0000000;5123.0000000;5102.0000000;5120.0000000;40
SPFB.HYDR-6.19;60;20190328;220000;5113.0000000;5117.0000000;5113.0000000;5117.0000000;16
SPFB.HYDR-6.19;60;20190329;000000;5111.0000000;5111.0000000;5111.0000000;5111.0000000;6
SPFB.HYDR-6.19;60;20190329;110000;5117.0000000;5117.0000000;5101.0000000;5116.0000000;163
SPFB.HYDR-6.19;60;20190329;120000;5108.0000000;5114.0000000;5098.0000000;5100.0000000;72
SPFB.HYDR-6.19;60;20190329;130000;5109.0000000;5112.0000000;5098.0000000;5098.0000000;99
SPFB.HYDR-6.19;60;20190329;140000;5098.0000000;5115.0000000;5098.0000000;5106.0000000;63
SPFB.HYDR-6.19;60;20190329;150000;5118.0000000;5118.0000000;5109.0000000;5109.0000000;65
SPFB.HYDR-6.19;60;20190329;160000;5108.0000000;5113.0000000;5105.0000000;5111.0000000;193
SPFB.HYDR-6.19;60;20190329;170000;5113.0000000;5115.0000000;5107.0000000;5111.0000000;68
SPFB.HYDR-6.19;60;20190329;180000;5104.0000000;5104.0000000;5082.0000000;5085.0000000;78
SPFB.HYDR-6.19;60;20190329;190000;5092.0000000;5096.0000000;5080.0000000;5090.0000000;294
SPFB.HYDR-6.19;60;20190329;200000;5095.0000000;5103.0000000;5091.0000000;5097.0000000;21
SPFB.HYDR-6.19;60;20190329;210000;5101.0000000;5101.0000000;5101.0000000;5101.0000000;1
SPFB.HYDR-6.19;60;20190329;220000;5101.0000000;5101.0000000;5093.0000000;5101.0000000;4
SPFB.HYDR-6.19;60;20190329;230000;5097.0000000;5106.0000000;5081.0000000;5106.0000000;526
SPFB.HYDR-6.19;60;20190330;000000;5106.0000000;5119.0000000;5090.0000000;5119.0000000;264
SPFB.HYDR-6.19;60;20190401;110000;5117.0000000;5117.0000000;5093.0000000;5103.0000000;150
SPFB.HYDR-6.19;60;20190401;120000;5115.0000000;5130.0000000;5109.0000000;5113.0000000;269
SPFB.HYDR-6.19;60;20190401;130000;5109.0000000;5120.0000000;5101.0000000;5116.0000000;135
SPFB.HYDR-6.19;60;20190401;140000;5117.0000000;5133.0000000;5114.0000000;5128.0000000;321
SPFB.HYDR-6.19;60;20190401;150000;5131.0000000;5138.0000000;5129.0000000;5136.0000000;167
SPFB.HYDR-6.19;60;20190401;160000;5138.0000000;5142.0000000;5128.0000000;5128.0000000;78
SPFB.HYDR-6.19;60;20190401;170000;5136.0000000;5136.0000000;5126.0000000;5126.0000000;68
SPFB.HYDR-6.19;60;20190401;180000;5134.0000000;5150.0000000;5132.0000000;5148.0000000;171
SPFB.HYDR-6.19;60;20190401;190000;5150.0000000;5180.0000000;5146.0000000;5180.0000000;258
SPFB.HYDR-6.19;60;20190401;200000;5180.0000000;5198.0000000;5165.0000000;5181.0000000;114
SPFB.HYDR-6.19;60;20190401;210000;5187.0000000;5187.0000000;5166.0000000;5174.0000000;679
SPFB.HYDR-6.19;60;20190401;220000;5173.0000000;5186.0000000;5168.0000000;5170.0000000;227
SPFB.HYDR-6.19;60;20190401;230000;5172.0000000;5184.0000000;5172.0000000;5179.0000000;1120
SPFB.HYDR-6.19;60;20190402;000000;5170.0000000;5195.0000000;5170.0000000;5195.0000000;1279
SPFB.HYDR-6.19;60;20190402;110000;5189.0000000;5203.0000000;5168.0000000;5169.0000000;317
SPFB.HYDR-6.19;60;20190402;120000;5174.0000000;5188.0000000;5172.0000000;5180.0000000;148
SPFB.HYDR-6.19;60;20190402;130000;5181.0000000;5189.0000000;5180.0000000;5189.0000000;100
SPFB.HYDR-6.19;60;20190402;140000;5181.0000000;5182.0000000;5176.0000000;5176.0000000;23
SPFB.HYDR-6.19;60;20190402;150000;5176.0000000;5176.0000000;5146.0000000;5155.0000000;289
SPFB.HYDR-6.19;60;20190402;160000;5150.0000000;5167.0000000;5150.0000000;5167.0000000;64
SPFB.HYDR-6.19;60;20190402;170000;5166.0000000;5175.0000000;5166.0000000;5172.0000000;67
SPFB.HYDR-6.19;60;20190402;180000;5172.0000000;5172.0000000;5158.0000000;5158.0000000;34
SPFB.HYDR-6.19;60;20190402;190000;5155.0000000;5175.0000000;5152.0000000;5170.0000000;54
SPFB.HYDR-6.19;60;20190402;200000;5166.0000000;5169.0000000;5157.0000000;5164.0000000;1331
SPFB.HYDR-6.19;60;20190402;210000;5165.0000000;5176.0000000;5160.0000000;5167.0000000;1567
SPFB.HYDR-6.19;60;20190402;220000;5170.0000000;5173.0000000;5163.0000000;5168.0000000;392
SPFB.HYDR-6.19;60;20190402;230000;5169.0000000;5188.0000000;5164.0000000;5182.0000000;863
SPFB.HYDR-6.19;60;20190403;000000;5182.0000000;5186.0000000;5179.0000000;5186.0000000;12
SPFB.HYDR-6.19;60;20190403;110000;5185.0000000;5185.0000000;5162.0000000;5177.0000000;212
SPFB.HYDR-6.19;60;20190403;120000;5180.0000000;5180.0000000;5141.0000000;5165.0000000;307
SPFB.HYDR-6.19;60;20190403;130000;5168.0000000;5168.0000000;5153.0000000;5158.0000000;149
SPFB.HYDR-6.19;60;20190403;140000;5155.0000000;5163.0000000;5150.0000000;5150.0000000;249
SPFB.HYDR-6.19;60;20190403;150000;5154.0000000;5169.0000000;5154.0000000;5169.0000000;148
SPFB.HYDR-6.19;60;20190403;160000;5169.0000000;5170.0000000;5160.0000000;5165.0000000;81
SPFB.HYDR-6.19;60;20190403;170000;5164.0000000;5164.0000000;5153.0000000;5154.0000000;117
SPFB.HYDR-6.19;60;20190403;180000;5154.0000000;5161.0000000;5154.0000000;5160.0000000;88
SPFB.HYDR-6.19;60;20190403;190000;5155.0000000;5159.0000000;5151.0000000;5155.0000000;105
SPFB.HYDR-6.19;60;20190403;200000;5155.0000000;5167.0000000;5146.0000000;5152.0000000;1428
SPFB.HYDR-6.19;60;20190403;210000;5152.0000000;5164.0000000;5147.0000000;5157.0000000;1104
SPFB.HYDR-6.19;60;20190403;220000;5154.0000000;5159.0000000;5149.0000000;5155.0000000;673
SPFB.HYDR-6.19;60;20190403;230000;5155.0000000;5160.0000000;5152.0000000;5160.0000000;588
SPFB.HYDR-6.19;60;20190404;000000;5150.0000000;5159.0000000;5146.0000000;5153.0000000;703
SPFB.HYDR-6.19;60;20190404;110000;5146.0000000;5148.0000000;5129.0000000;5143.0000000;539
SPFB.HYDR-6.19;60;20190404;120000;5144.0000000;5146.0000000;5131.0000000;5143.0000000;632
SPFB.HYDR-6.19;60;20190404;130000;5145.0000000;5145.0000000;5134.0000000;5143.0000000;220
SPFB.HYDR-6.19;60;20190404;140000;5148.0000000;5149.0000000;5143.0000000;5147.0000000;20
SPFB.HYDR-6.19;60;20190404;150000;5152.0000000;5156.0000000;5144.0000000;5144.0000000;272
SPFB.HYDR-6.19;60;20190404;160000;5146.0000000;5149.0000000;5139.0000000;5147.0000000;126
SPFB.HYDR-6.19;60;20190404;170000;5142.0000000;5159.0000000;5139.0000000;5139.0000000;195
SPFB.HYDR-6.19;60;20190404;180000;5141.0000000;5150.0000000;5132.0000000;5136.0000000;127
SPFB.HYDR-6.19;60;20190404;190000;5135.0000000;5140.0000000;5135.0000000;5136.0000000;44
SPFB.HYDR-6.19;60;20190404;200000;5141.0000000;5145.0000000;5138.0000000;5141.0000000;1116
SPFB.HYDR-6.19;60;20190404;210000;5142.0000000;5146.0000000;5138.0000000;5144.0000000;557
SPFB.HYDR-6.19;60;20190404;220000;5142.0000000;5149.0000000;5132.0000000;5139.0000000;591
SPFB.HYDR-6.19;60;20190404;230000;5145.0000000;5146.0000000;5138.0000000;5143.0000000;401
SPFB.HYDR-6.19;60;20190405;000000;5138.0000000;5145.0000000;5132.0000000;5132.0000000;818
SPFB.HYDR-6.19;60;20190405;110000;5140.0000000;5144.0000000;5135.0000000;5136.0000000;317
SPFB.HYDR-6.19;60;20190405;120000;5139.0000000;5143.0000000;5128.0000000;5134.0000000;71
SPFB.HYDR-6.19;60;20190405;130000;5130.0000000;5134.0000000;5127.0000000;5134.0000000;41
SPFB.HYDR-6.19;60;20190405;140000;5130.0000000;5135.0000000;5124.0000000;5127.0000000;261
SPFB.HYDR-6.19;60;20190405;150000;5130.0000000;5134.0000000;5126.0000000;5134.0000000;67
SPFB.HYDR-6.19;60;20190405;160000;5135.0000000;5143.0000000;5133.0000000;5134.0000000;188
SPFB.HYDR-6.19;60;20190405;170000;5140.0000000;5140.0000000;5134.0000000;5136.0000000;155
SPFB.HYDR-6.19;60;20190405;180000;5136.0000000;5152.0000000;5120.0000000;5123.0000000;3209
SPFB.HYDR-6.19;60;20190405;190000;5120.0000000;5124.0000000;5114.0000000;5122.0000000;79
SPFB.HYDR-6.19;60;20190405;200000;5119.0000000;5127.0000000;5119.0000000;5125.0000000;213
SPFB.HYDR-6.19;60;20190405;210000;5127.0000000;5128.0000000;5124.0000000;5124.0000000;44
SPFB.HYDR-6.19;60;20190405;220000;5124.0000000;5128.0000000;5120.0000000;5122.0000000;891
SPFB.HYDR-6.19;60;20190405;230000;5127.0000000;5149.0000000;5121.0000000;5142.0000000;458
SPFB.HYDR-6.19;60;20190406;000000;5137.0000000;5142.0000000;5135.0000000;5135.0000000;79
SPFB.HYDR-6.19;60;20190408;110000;5131.0000000;5135.0000000;5104.0000000;5115.0000000;1019
SPFB.HYDR-6.19;60;20190408;120000;5115.0000000;5119.0000000;5112.0000000;5115.0000000;43
SPFB.HYDR-6.19;60;20190408;130000;5115.0000000;5119.0000000;5108.0000000;5119.0000000;224
SPFB.HYDR-6.19;60;20190408;140000;5110.0000000;5111.0000000;5101.0000000;5101.0000000;114
SPFB.HYDR-6.19;60;20190408;150000;5104.0000000;5105.0000000;5084.0000000;5097.0000000;1271
SPFB.HYDR-6.19;60;20190408;160000;5097.0000000;5102.0000000;5088.0000000;5097.0000000;299
SPFB.HYDR-6.19;60;20190408;170000;5099.0000000;5112.0000000;5098.0000000;5112.0000000;62
SPFB.HYDR-6.19;60;20190408;180000;5115.0000000;5125.0000000;5107.0000000;5123.0000000;79
SPFB.HYDR-6.19;60;20190408;190000;5125.0000000;5125.0000000;5103.0000000;5103.0000000;338
SPFB.HYDR-6.19;60;20190408;200000;5114.0000000;5119.0000000;5106.0000000;5106.0000000;90
SPFB.HYDR-6.19;60;20190408;210000;5106.0000000;5107.0000000;5102.0000000;5102.0000000;9
SPFB.HYDR-6.19;60;20190408;220000;5106.0000000;5107.0000000;5106.0000000;5107.0000000;5
SPFB.HYDR-6.19;60;20190408;230000;5100.0000000;5100.0000000;5100.0000000;5100.0000000;5
SPFB.HYDR-6.19;60;20190409;000000;5107.0000000;5107.0000000;5107.0000000;5107.0000000;35
SPFB.HYDR-6.19;60;20190409;110000;5117.0000000;5119.0000000;5104.0000000;5119.0000000;145
SPFB.HYDR-6.19;60;20190409;120000;5117.0000000;5126.0000000;5111.0000000;5125.0000000;447
SPFB.HYDR-6.19;60;20190409;130000;5126.0000000;5141.0000000;5118.0000000;5130.0000000;280
SPFB.HYDR-6.19;60;20190409;140000;5124.0000000;5134.0000000;5121.0000000;5134.0000000;67
SPFB.HYDR-6.19;60;20190409;150000;5134.0000000;5147.0000000;5127.0000000;5138.0000000;138
SPFB.HYDR-6.19;60;20190409;160000;5139.0000000;5141.0000000;5132.0000000;5140.0000000;327
SPFB.HYDR-6.19;60;20190409;170000;5133.0000000;5133.0000000;5112.0000000;5125.0000000;236
SPFB.HYDR-6.19;60;20190409;180000;5123.0000000;5131.0000000;5120.0000000;5131.0000000;42
SPFB.HYDR-6.19;60;20190409;190000;5134.0000000;5141.0000000;5130.0000000;5137.0000000;76
SPFB.HYDR-6.19;60;20190409;200000;5136.0000000;5140.0000000;5132.0000000;5132.0000000;42
SPFB.HYDR-6.19;60;20190409;210000;5131.0000000;5152.0000000;5131.0000000;5140.0000000;47
SPFB.HYDR-6.19;60;20190409;220000;5139.0000000;5140.0000000;5134.0000000;5134.0000000;11
SPFB.HYDR-6.19;60;20190410;110000;5140.0000000;5149.0000000;5125.0000000;5143.0000000;760
SPFB.HYDR-6.19;60;20190410;120000;5143.0000000;5149.0000000;5140.0000000;5147.0000000;242
SPFB.HYDR-6.19;60;20190410;130000;5145.0000000;5157.0000000;5142.0000000;5157.0000000;947
SPFB.HYDR-6.19;60;20190410;140000;5157.0000000;5181.0000000;5155.0000000;5172.0000000;689
SPFB.HYDR-6.19;60;20190410;150000;5172.0000000;5180.0000000;5170.0000000;5175.0000000;63
SPFB.HYDR-6.19;60;20190410;160000;5176.0000000;5177.0000000;5161.0000000;5169.0000000;80
SPFB.HYDR-6.19;60;20190410;170000;5176.0000000;5235.0000000;5176.0000000;5234.0000000;966
SPFB.HYDR-6.19;60;20190410;180000;5234.0000000;5248.0000000;5175.0000000;5184.0000000;1027
SPFB.HYDR-6.19;60;20190410;190000;5195.0000000;5200.0000000;5180.0000000;5200.0000000;385
SPFB.HYDR-6.19;60;20190410;200000;5198.0000000;5233.0000000;5175.0000000;5197.0000000;348
SPFB.HYDR-6.19;60;20190410;210000;5203.0000000;5204.0000000;5184.0000000;5195.0000000;25
SPFB.HYDR-6.19;60;20190410;220000;5194.0000000;5194.0000000;5191.0000000;5191.0000000;4
SPFB.HYDR-6.19;60;20190410;230000;5196.0000000;5206.0000000;5196.0000000;5205.0000000;19
SPFB.HYDR-6.19;60;20190411;000000;5204.0000000;5208.0000000;5197.0000000;5208.0000000;80
SPFB.HYDR-6.19;60;20190411;110000;5208.0000000;5219.0000000;5173.0000000;5183.0000000;623
SPFB.HYDR-6.19;60;20190411;120000;5183.0000000;5194.0000000;5183.0000000;5184.0000000;241
SPFB.HYDR-6.19;60;20190411;130000;5180.0000000;5191.0000000;5176.0000000;5177.0000000;112
SPFB.HYDR-6.19;60;20190411;140000;5176.0000000;5187.0000000;5171.0000000;5181.0000000;127
SPFB.HYDR-6.19;60;20190411;150000;5182.0000000;5187.0000000;5179.0000000;5186.0000000;348
SPFB.HYDR-6.19;60;20190411;160000;5187.0000000;5196.0000000;5187.0000000;5196.0000000;105
SPFB.HYDR-6.19;60;20190411;170000;5196.0000000;5196.0000000;5185.0000000;5190.0000000;129
SPFB.HYDR-6.19;60;20190411;180000;5192.0000000;5201.0000000;5190.0000000;5196.0000000;140
SPFB.HYDR-6.19;60;20190411;190000;5195.0000000;5200.0000000;5191.0000000;5191.0000000;62
SPFB.HYDR-6.19;60;20190411;200000;5207.0000000;5207.0000000;5187.0000000;5188.0000000;191
SPFB.HYDR-6.19;60;20190411;210000;5186.0000000;5191.0000000;5186.0000000;5190.0000000;18
SPFB.HYDR-6.19;60;20190411;220000;5185.0000000;5205.0000000;5185.0000000;5205.0000000;111
SPFB.HYDR-6.19;60;20190411;230000;5205.0000000;5229.0000000;5205.0000000;5229.0000000;29
SPFB.HYDR-6.19;60;20190412;000000;5227.0000000;5227.0000000;5227.0000000;5227.0000000;12
SPFB.HYDR-6.19;60;20190412;110000;5215.0000000;5218.0000000;5193.0000000;5200.0000000;51
SPFB.HYDR-6.19;60;20190412;120000;5202.0000000;5228.0000000;5196.0000000;5227.0000000;188
SPFB.HYDR-6.19;60;20190412;130000;5218.0000000;5218.0000000;5210.0000000;5210.0000000;54
SPFB.HYDR-6.19;60;20190412;140000;5213.0000000;5219.0000000;5213.0000000;5216.0000000;13
SPFB.HYDR-6.19;60;20190412;150000;5212.0000000;5237.0000000;5210.0000000;5237.0000000;142
SPFB.HYDR-6.19;60;20190412;160000;5240.0000000;5287.0000000;5240.0000000;5270.0000000;446
SPFB.HYDR-6.19;60;20190412;170000;5272.0000000;5293.0000000;5265.0000000;5278.0000000;439
SPFB.HYDR-6.19;60;20190412;180000;5277.0000000;5280.0000000;5271.0000000;5275.0000000;45
SPFB.HYDR-6.19;60;20190412;190000;5278.0000000;5287.0000000;5270.0000000;5270.0000000;175
SPFB.HYDR-6.19;60;20190412;200000;5276.0000000;5308.0000000;5267.0000000;5295.0000000;80
SPFB.HYDR-6.19;60;20190412;210000;5299.0000000;5300.0000000;5289.0000000;5290.0000000;11
SPFB.HYDR-6.19;60;20190412;220000;5293.0000000;5293.0000000;5292.0000000;5293.0000000;5
SPFB.HYDR-6.19;60;20190412;230000;5293.0000000;5293.0000000;5278.0000000;5278.0000000;26
SPFB.HYDR-6.19;60;20190413;000000;5282.0000000;5282.0000000;5282.0000000;5282.0000000;6
SPFB.HYDR-6.19;60;20190415;110000;5282.0000000;5386.0000000;5282.0000000;5378.0000000;899
SPFB.HYDR-6.19;60;20190415;120000;5380.0000000;5382.0000000;5370.0000000;5377.0000000;192
SPFB.HYDR-6.19;60;20190415;130000;5371.0000000;5387.0000000;5343.0000000;5364.0000000;530
SPFB.HYDR-6.19;60;20190415;140000;5362.0000000;5380.0000000;5352.0000000;5376.0000000;922
SPFB.HYDR-6.19;60;20190415;150000;5373.0000000;5413.0000000;5368.0000000;5413.0000000;175
SPFB.HYDR-6.19;60;20190415;160000;5408.0000000;5444.0000000;5381.0000000;5406.0000000;1254
SPFB.HYDR-6.19;60;20190415;170000;5405.0000000;5425.0000000;5398.0000000;5416.0000000;727
SPFB.HYDR-6.19;60;20190415;180000;5410.0000000;5440.0000000;5389.0000000;5393.0000000;3414
SPFB.HYDR-6.19;60;20190415;190000;5392.0000000;5403.0000000;5388.0000000;5403.0000000;355
SPFB.HYDR-6.19;60;20190415;200000;5403.0000000;5403.0000000;5363.0000000;5397.0000000;120
SPFB.HYDR-6.19;60;20190415;210000;5397.0000000;5397.0000000;5394.0000000;5395.0000000;11
SPFB.HYDR-6.19;60;20190415;220000;5390.0000000;5397.0000000;5390.0000000;5397.0000000;3
SPFB.HYDR-6.19;60;20190415;230000;5396.0000000;5398.0000000;5390.0000000;5390.0000000;16
SPFB.HYDR-6.19;60;20190416;000000;5397.0000000;5398.0000000;5397.0000000;5398.0000000;87
SPFB.HYDR-6.19;60;20190416;110000;5392.0000000;5462.0000000;5392.0000000;5457.0000000;1196
SPFB.HYDR-6.19;60;20190416;120000;5457.0000000;5460.0000000;5446.0000000;5460.0000000;498
SPFB.HYDR-6.19;60;20190416;130000;5458.0000000;5466.0000000;5440.0000000;5451.0000000;425
SPFB.HYDR-6.19;60;20190416;140000;5451.0000000;5451.0000000;5427.0000000;5442.0000000;133
SPFB.HYDR-6.19;60;20190416;150000;5439.0000000;5439.0000000;5423.0000000;5432.0000000;320
SPFB.HYDR-6.19;60;20190416;160000;5432.0000000;5433.0000000;5365.0000000;5365.0000000;315
SPFB.HYDR-6.19;60;20190416;170000;5371.0000000;5418.0000000;5360.0000000;5415.0000000;284
SPFB.HYDR-6.19;60;20190416;180000;5417.0000000;5425.0000000;5385.0000000;5385.0000000;203
SPFB.HYDR-6.19;60;20190416;190000;5395.0000000;5415.0000000;5391.0000000;5408.0000000;109
SPFB.HYDR-6.19;60;20190416;200000;5419.0000000;5420.0000000;5389.0000000;5417.0000000;46
SPFB.HYDR-6.19;60;20190416;210000;5412.0000000;5412.0000000;5412.0000000;5412.0000000;1
SPFB.HYDR-6.19;60;20190416;220000;5410.0000000;5410.0000000;5398.0000000;5400.0000000;19
SPFB.HYDR-6.19;60;20190416;230000;5399.0000000;5418.0000000;5379.0000000;5418.0000000;43
SPFB.HYDR-6.19;60;20190417;000000;5419.0000000;5427.0000000;5410.0000000;5410.0000000;30
SPFB.HYDR-6.19;60;20190417;110000;5419.0000000;5436.0000000;5408.0000000;5420.0000000;104
SPFB.HYDR-6.19;60;20190417;120000;5426.0000000;5436.0000000;5410.0000000;5417.0000000;217
SPFB.HYDR-6.19;60;20190417;130000;5417.0000000;5423.0000000;5387.0000000;5394.0000000;186
SPFB.HYDR-6.19;60;20190417;140000;5398.0000000;5413.0000000;5391.0000000;5402.0000000;359
SPFB.HYDR-6.19;60;20190417;150000;5405.0000000;5411.0000000;5399.0000000;5405.0000000;118
SPFB.HYDR-6.19;60;20190417;160000;5409.0000000;5409.0000000;5388.0000000;5394.0000000;107
SPFB.HYDR-6.19;60;20190417;170000;5401.0000000;5414.0000000;5393.0000000;5396.0000000;154
SPFB.HYDR-6.19;60;20190417;180000;5400.0000000;5410.0000000;5400.0000000;5401.0000000;30
SPFB.HYDR-6.19;60;20190417;190000;5401.0000000;5408.0000000;5398.0000000;5408.0000000;57
SPFB.HYDR-6.19;60;20190417;200000;5400.0000000;5435.0000000;5400.0000000;5429.0000000;104
SPFB.HYDR-6.19;60;20190417;210000;5408.0000000;5409.0000000;5407.0000000;5409.0000000;5
SPFB.HYDR-6.19;60;20190417;220000;5412.0000000;5413.0000000;5401.0000000;5401.0000000;30
SPFB.HYDR-6.19;60;20190417;230000;5408.0000000;5408.0000000;5401.0000000;5401.0000000;9
SPFB.HYDR-6.19;60;20190418;000000;5409.0000000;5410.0000000;5402.0000000;5402.0000000;6
SPFB.HYDR-6.19;60;20190418;110000;5401.0000000;5431.0000000;5377.0000000;5405.0000000;379
SPFB.HYDR-6.19;60;20190418;120000;5406.0000000;5409.0000000;5391.0000000;5401.0000000;371
SPFB.HYDR-6.19;60;20190418;130000;5395.0000000;5404.0000000;5394.0000000;5404.0000000;7
SPFB.HYDR-6.19;60;20190418;140000;5404.0000000;5404.0000000;5383.0000000;5392.0000000;48
SPFB.HYDR-6.19;60;20190418;150000;5395.0000000;5395.0000000;5370.0000000;5381.0000000;247
SPFB.HYDR-6.19;60;20190418;160000;5380.0000000;5389.0000000;5377.0000000;5377.0000000;50
SPFB.HYDR-6.19;60;20190418;170000;5382.0000000;5390.0000000;5354.0000000;5380.0000000;225
SPFB.HYDR-6.19;60;20190418;180000;5374.0000000;5380.0000000;5367.0000000;5367.0000000;26
SPFB.HYDR-6.19;60;20190418;190000;5368.0000000;5375.0000000;5350.0000000;5359.0000000;206
SPFB.HYDR-6.19;60;20190418;200000;5385.0000000;5385.0000000;5335.0000000;5360.0000000;33
SPFB.HYDR-6.19;60;20190418;210000;5360.0000000;5364.0000000;5352.0000000;5361.0000000;12
SPFB.HYDR-6.19;60;20190418;220000;5365.0000000;5366.0000000;5327.0000000;5327.0000000;101
SPFB.HYDR-6.19;60;20190418;230000;5350.0000000;5350.0000000;5337.0000000;5339.0000000;8
SPFB.HYDR-6.19;60;20190419;000000;5342.0000000;5358.0000000;5342.0000000;5358.0000000;70
SPFB.HYDR-6.19;60;20190419;110000;5370.0000000;5391.0000000;5316.0000000;5372.0000000;560
SPFB.HYDR-6.19;60;20190419;120000;5373.0000000;5380.0000000;5336.0000000;5349.0000000;144
SPFB.HYDR-6.19;60;20190419;130000;5351.0000000;5355.0000000;5326.0000000;5350.0000000;580
SPFB.HYDR-6.19;60;20190419;140000;5354.0000000;5355.0000000;5331.0000000;5331.0000000;117
SPFB.HYDR-6.19;60;20190419;150000;5338.0000000;5343.0000000;5329.0000000;5338.0000000;147
SPFB.HYDR-6.19;60;20190419;160000;5336.0000000;5336.0000000;5329.0000000;5334.0000000;60
SPFB.HYDR-6.19;60;20190419;170000;5337.0000000;5337.0000000;5320.0000000;5323.0000000;177
SPFB.HYDR-6.19;60;20190419;180000;5323.0000000;5356.0000000;5323.0000000;5347.0000000;2947
SPFB.HYDR-6.19;60;20190419;190000;5345.0000000;5350.0000000;5343.0000000;5350.0000000;69
SPFB.HYDR-6.19;60;20190419;200000;5357.0000000;5357.0000000;5351.0000000;5351.0000000;2
SPFB.HYDR-6.19;60;20190419;210000;5351.0000000;5351.0000000;5351.0000000;5351.0000000;1
SPFB.HYDR-6.19;60;20190419;220000;5354.0000000;5354.0000000;5354.0000000;5354.0000000;1
SPFB.HYDR-6.19;60;20190419;230000;5351.0000000;5351.0000000;5351.0000000;5351.0000000;1
SPFB.HYDR-6.19;60;20190420;000000;5353.0000000;5353.0000000;5353.0000000;5353.0000000;1
SPFB.HYDR-6.19;60;20190422;110000;5355.0000000;5384.0000000;5349.0000000;5380.0000000;176
SPFB.HYDR-6.19;60;20190422;120000;5380.0000000;5428.0000000;5376.0000000;5414.0000000;486
SPFB.HYDR-6.19;60;20190422;130000;5415.0000000;5427.0000000;5395.0000000;5415.0000000;301
SPFB.HYDR-6.19;60;20190422;140000;5420.0000000;5453.0000000;5413.0000000;5420.0000000;1100
SPFB.HYDR-6.19;60;20190422;150000;5413.0000000;5420.0000000;5376.0000000;5420.0000000;241
SPFB.HYDR-6.19;60;20190422;160000;5420.0000000;5421.0000000;5408.0000000;5409.0000000;26
SPFB.HYDR-6.19;60;20190422;170000;5408.0000000;5501.0000000;5404.0000000;5457.0000000;1321
SPFB.HYDR-6.19;60;20190422;180000;5451.0000000;5480.0000000;5441.0000000;5478.0000000;285
SPFB.HYDR-6.19;60;20190422;190000;5484.0000000;5552.0000000;5480.0000000;5528.0000000;1118
SPFB.HYDR-6.19;60;20190422;200000;5532.0000000;5539.0000000;5528.0000000;5528.0000000;22
SPFB.HYDR-6.19;60;20190422;210000;5534.0000000;5590.0000000;5534.0000000;5559.0000000;284
SPFB.HYDR-6.19;60;20190422;220000;5553.0000000;5559.0000000;5549.0000000;5559.0000000;9
SPFB.HYDR-6.19;60;20190422;230000;5562.0000000;5566.0000000;5561.0000000;5566.0000000;34
SPFB.HYDR-6.19;60;20190423;000000;5566.0000000;5573.0000000;5566.0000000;5573.0000000;29
SPFB.HYDR-6.19;60;20190423;110000;5559.0000000;5572.0000000;5485.0000000;5504.0000000;777
SPFB.HYDR-6.19;60;20190423;120000;5500.0000000;5516.0000000;5477.0000000;5492.0000000;291
SPFB.HYDR-6.19;60;20190423;130000;5490.0000000;5498.0000000;5481.0000000;5484.0000000;192
SPFB.HYDR-6.19;60;20190423;140000;5483.0000000;5490.0000000;5480.0000000;5487.0000000;150
SPFB.HYDR-6.19;60;20190423;150000;5485.0000000;5490.0000000;5473.0000000;5474.0000000;164
SPFB.HYDR-6.19;60;20190423;160000;5474.0000000;5482.0000000;5470.0000000;5475.0000000;55
SPFB.HYDR-6.19;60;20190423;170000;5481.0000000;5491.0000000;5475.0000000;5488.0000000;96
SPFB.HYDR-6.19;60;20190423;180000;5483.0000000;5490.0000000;5482.0000000;5483.0000000;145
SPFB.HYDR-6.19;60;20190423;190000;5487.0000000;5500.0000000;5480.0000000;5491.0000000;250
SPFB.HYDR-6.19;60;20190423;200000;5491.0000000;5506.0000000;5485.0000000;5486.0000000;154
SPFB.HYDR-6.19;60;20190423;210000;5493.0000000;5495.0000000;5485.0000000;5495.0000000;19
SPFB.HYDR-6.19;60;20190423;220000;5495.0000000;5512.0000000;5492.0000000;5505.0000000;57
SPFB.HYDR-6.19;60;20190423;230000;5500.0000000;5509.0000000;5500.0000000;5500.0000000;11
SPFB.HYDR-6.19;60;20190424;000000;5500.0000000;5506.0000000;5498.0000000;5506.0000000;53
SPFB.HYDR-6.19;60;20190424;110000;5498.0000000;5511.0000000;5461.0000000;5511.0000000;519
SPFB.HYDR-6.19;60;20190424;120000;5512.0000000;5591.0000000;5511.0000000;5576.0000000;913
SPFB.HYDR-6.19;60;20190424;130000;5574.0000000;5578.0000000;5541.0000000;5553.0000000;476
SPFB.HYDR-6.19;60;20190424;140000;5550.0000000;5557.0000000;5526.0000000;5530.0000000;97
SPFB.HYDR-6.19;60;20190424;150000;5534.0000000;5546.0000000;5531.0000000;5535.0000000;75
SPFB.HYDR-6.19;60;20190424;160000;5535.0000000;5539.0000000;5530.0000000;5539.0000000;40
SPFB.HYDR-6.19;60;20190424;170000;5534.0000000;5537.0000000;5520.0000000;5525.0000000;509
SPFB.HYDR-6.19;60;20190424;180000;5529.0000000;5533.0000000;5526.0000000;5530.0000000;26
SPFB.HYDR-6.19;60;20190424;190000;5527.0000000;5540.0000000;5516.0000000;5539.0000000;127
SPFB.HYDR-6.19;60;20190424;200000;5545.0000000;5545.0000000;5522.0000000;5526.0000000;31
SPFB.HYDR-6.19;60;20190424;210000;5522.0000000;5522.0000000;5522.0000000;5522.0000000;1
SPFB.HYDR-6.19;60;20190424;220000;5522.0000000;5531.0000000;5522.0000000;5528.0000000;5
SPFB.HYDR-6.19;60;20190424;230000;5528.0000000;5528.0000000;5528.0000000;5528.0000000;1
SPFB.HYDR-6.19;60;20190425;000000;5522.0000000;5530.0000000;5522.0000000;5530.0000000;7
SPFB.HYDR-6.19;60;20190425;110000;5543.0000000;5546.0000000;5500.0000000;5500.0000000;244
SPFB.HYDR-6.19;60;20190425;120000;5500.0000000;5508.0000000;5490.0000000;5504.0000000;120
SPFB.HYDR-6.19;60;20190425;130000;5497.0000000;5505.0000000;5494.0000000;5500.0000000;13
SPFB.HYDR-6.19;60;20190425;140000;5508.0000000;5509.0000000;5489.0000000;5489.0000000;270
SPFB.HYDR-6.19;60;20190425;150000;5486.0000000;5489.0000000;5483.0000000;5485.0000000;42
SPFB.HYDR-6.19;60;20190425;160000;5483.0000000;5486.0000000;5463.0000000;5473.0000000;219
SPFB.HYDR-6.19;60;20190425;170000;5463.0000000;5473.0000000;5460.0000000;5462.0000000;159
SPFB.HYDR-6.19;60;20190425;180000;5463.0000000;5476.0000000;5462.0000000;5470.0000000;166
SPFB.HYDR-6.19;60;20190425;190000;5472.0000000;5472.0000000;5416.0000000;5428.0000000;764
SPFB.HYDR-6.19;60;20190425;200000;5417.0000000;5434.0000000;5400.0000000;5429.0000000;57
SPFB.HYDR-6.19;60;20190425;210000;5435.0000000;5451.0000000;5424.0000000;5432.0000000;40
SPFB.HYDR-6.19;60;20190425;220000;5433.0000000;5445.0000000;5425.0000000;5425.0000000;18
SPFB.HYDR-6.19;60;20190425;230000;5427.0000000;5443.0000000;5427.0000000;5443.0000000;3
SPFB.HYDR-6.19;60;20190426;000000;5429.0000000;5429.0000000;5418.0000000;5420.0000000;18
SPFB.HYDR-6.19;60;20190426;110000;5433.0000000;5445.0000000;5411.0000000;5414.0000000;127
SPFB.HYDR-6.19;60;20190426;120000;5420.0000000;5437.0000000;5417.0000000;5436.0000000;189
SPFB.HYDR-6.19;60;20190426;130000;5436.0000000;5438.0000000;5429.0000000;5429.0000000;33
SPFB.HYDR-6.19;60;20190426;140000;5430.0000000;5436.0000000;5415.0000000;5420.0000000;146
SPFB.HYDR-6.19;60;20190426;150000;5415.0000000;5444.0000000;5415.0000000;5440.0000000;45
SPFB.HYDR-6.19;60;20190426;160000;5436.0000000;5437.0000000;5400.0000000;5421.0000000;140
SPFB.HYDR-6.19;60;20190426;170000;5420.0000000;5438.0000000;5406.0000000;5423.0000000;270
SPFB.HYDR-6.19;60;20190426;180000;5426.0000000;5430.0000000;5412.0000000;5421.0000000;92
SPFB.HYDR-6.19;60;20190426;190000;5418.0000000;5451.0000000;5415.0000000;5418.0000000;84
SPFB.HYDR-6.19;60;20190426;200000;5418.0000000;5426.0000000;5412.0000000;5426.0000000;24
SPFB.HYDR-6.19;60;20190426;210000;5423.0000000;5437.0000000;5414.0000000;5414.0000000;17
SPFB.HYDR-6.19;60;20190426;220000;5425.0000000;5426.0000000;5425.0000000;5426.0000000;3
SPFB.HYDR-6.19;60;20190426;230000;5423.0000000;5443.0000000;5423.0000000;5443.0000000;8
SPFB.HYDR-6.19;60;20190427;000000;5435.0000000;5435.0000000;5435.0000000;5435.0000000;1
SPFB.HYDR-6.19;60;20190429;110000;5436.0000000;5470.0000000;5430.0000000;5448.0000000;167
SPFB.HYDR-6.19;60;20190429;120000;5444.0000000;5468.0000000;5442.0000000;5446.0000000;97
SPFB.HYDR-6.19;60;20190429;130000;5444.0000000;5444.0000000;5424.0000000;5441.0000000;53
SPFB.HYDR-6.19;60;20190429;140000;5452.0000000;5452.0000000;5447.0000000;5447.0000000;15
SPFB.HYDR-6.19;60;20190429;150000;5448.0000000;5450.0000000;5448.0000000;5450.0000000;13
SPFB.HYDR-6.19;60;20190429;160000;5450.0000000;5457.0000000;5446.0000000;5448.0000000;28
SPFB.HYDR-6.19;60;20190429;170000;5438.0000000;5438.0000000;5433.0000000;5433.0000000;22
SPFB.HYDR-6.19;60;20190429;180000;5429.0000000;5440.0000000;5429.0000000;5431.0000000;108
SPFB.HYDR-6.19;60;20190429;190000;5431.0000000;5438.0000000;5429.0000000;5438.0000000;39
SPFB.HYDR-6.19;60;20190429;200000;5442.0000000;5448.0000000;5441.0000000;5441.0000000;22
SPFB.HYDR-6.19;60;20190429;210000;5441.0000000;5441.0000000;5435.0000000;5435.0000000;5
SPFB.HYDR-6.19;60;20190429;230000;5440.0000000;5440.0000000;5440.0000000;5440.0000000;1
SPFB.HYDR-6.19;60;20190430;000000;5432.0000000;5432.0000000;5432.0000000;5432.0000000;1
SPFB.HYDR-6.19;60;20190430;110000;5429.0000000;5441.0000000;5427.0000000;5440.0000000;98
SPFB.HYDR-6.19;60;20190430;120000;5432.0000000;5443.0000000;5395.0000000;5439.0000000;346
SPFB.HYDR-6.19;60;20190430;130000;5438.0000000;5444.0000000;5420.0000000;5432.0000000;118
SPFB.HYDR-6.19;60;20190430;140000;5429.0000000;5461.0000000;5429.0000000;5452.0000000;259
SPFB.HYDR-6.19;60;20190430;150000;5453.0000000;5523.0000000;5453.0000000;5491.0000000;660
SPFB.HYDR-6.19;60;20190430;160000;5481.0000000;5482.0000000;5457.0000000;5482.0000000;222
SPFB.HYDR-6.19;60;20190430;170000;5478.0000000;5488.0000000;5476.0000000;5488.0000000;23
SPFB.HYDR-6.19;60;20190430;180000;5488.0000000;5495.0000000;5487.0000000;5493.0000000;81
SPFB.HYDR-6.19;60;20190430;190000;5483.0000000;5486.0000000;5456.0000000;5460.0000000;123
SPFB.HYDR-6.19;60;20190430;200000;5472.0000000;5472.0000000;5472.0000000;5472.0000000;4
SPFB.HYDR-6.19;60;20190430;220000;5463.0000000;5463.0000000;5463.0000000;5463.0000000;1
SPFB.HYDR-6.19;60;20190502;110000;5454.0000000;5454.0000000;5434.0000000;5442.0000000;83
SPFB.HYDR-6.19;60;20190502;120000;5442.0000000;5458.0000000;5442.0000000;5454.0000000;78
SPFB.HYDR-6.19;60;20190502;130000;5448.0000000;5505.0000000;5448.0000000;5498.0000000;243
SPFB.HYDR-6.19;60;20190502;140000;5485.0000000;5485.0000000;5463.0000000;5469.0000000;108
SPFB.HYDR-6.19;60;20190502;150000;5470.0000000;5476.0000000;5465.0000000;5476.0000000;20
SPFB.HYDR-6.19;60;20190502;160000;5470.0000000;5472.0000000;5466.0000000;5472.0000000;17
SPFB.HYDR-6.19;60;20190502;170000;5461.0000000;5462.0000000;5453.0000000;5458.0000000;32
SPFB.HYDR-6.19;60;20190502;180000;5462.0000000;5462.0000000;5454.0000000;5460.0000000;64
SPFB.HYDR-6.19;60;20190502;190000;5460.0000000;5472.0000000;5406.0000000;5458.0000000;313
SPFB.HYDR-6.19;60;20190502;200000;5451.0000000;5453.0000000;5447.0000000;5453.0000000;12
SPFB.HYDR-6.19;60;20190502;220000;5455.0000000;5455.0000000;5455.0000000;5455.0000000;1
SPFB.HYDR-6.19;60;20190503;000000;5450.0000000;5451.0000000;5450.0000000;5451.0000000;7
SPFB.HYDR-6.19;60;20190503;110000;5463.0000000;5490.0000000;5463.0000000;5483.0000000;467
SPFB.HYDR-6.19;60;20190503;120000;5483.0000000;5492.0000000;5483.0000000;5490.0000000;67
SPFB.HYDR-6.19;60;20190503;130000;5489.0000000;5504.0000000;5489.0000000;5498.0000000;74
SPFB.HYDR-6.19;60;20190503;140000;5492.0000000;5496.0000000;5476.0000000;5490.0000000;184
SPFB.HYDR-6.19;60;20190503;150000;5489.0000000;5490.0000000;5483.0000000;5489.0000000;5
SPFB.HYDR-6.19;60;20190503;160000;5477.0000000;5477.0000000;5459.0000000;5465.0000000;224
SPFB.HYDR-6.19;60;20190503;170000;5468.0000000;5468.0000000;5468.0000000;5468.0000000;1
SPFB.HYDR-6.19;60;20190503;180000;5478.0000000;5481.0000000;5478.0000000;5481.0000000;10
SPFB.HYDR-6.19;60;20190503;190000;5484.0000000;5488.0000000;5416.0000000;5447.0000000;224
SPFB.HYDR-6.19;60;20190503;200000;5459.0000000;5463.0000000;5459.0000000;5461.0000000;10
SPFB.HYDR-6.19;60;20190503;210000;5461.0000000;5461.0000000;5460.0000000;5460.0000000;4
SPFB.HYDR-6.19;60;20190503;220000;5461.0000000;5470.0000000;5461.0000000;5470.0000000;10
SPFB.HYDR-6.19;60;20190506;110000;5449.0000000;5449.0000000;5417.0000000;5420.0000000;684
SPFB.HYDR-6.19;60;20190506;120000;5422.0000000;5435.0000000;5419.0000000;5427.0000000;393
SPFB.HYDR-6.19;60;20190506;130000;5429.0000000;5429.0000000;5418.0000000;5421.0000000;117
SPFB.HYDR-6.19;60;20190506;140000;5421.0000000;5425.0000000;5419.0000000;5423.0000000;152
SPFB.HYDR-6.19;60;20190506;150000;5423.0000000;5426.0000000;5416.0000000;5416.0000000;117
SPFB.HYDR-6.19;60;20190506;160000;5424.0000000;5424.0000000;5417.0000000;5417.0000000;42
SPFB.HYDR-6.19;60;20190506;170000;5420.0000000;5428.0000000;5418.0000000;5424.0000000;40
SPFB.HYDR-6.19;60;20190506;180000;5425.0000000;5425.0000000;5406.0000000;5422.0000000;199
SPFB.HYDR-6.19;60;20190506;190000;5419.0000000;5424.0000000;5410.0000000;5410.0000000;29
SPFB.HYDR-6.19;60;20190506;200000;5426.0000000;5426.0000000;5407.0000000;5407.0000000;25
SPFB.HYDR-6.19;60;20190506;210000;5420.0000000;5430.0000000;5420.0000000;5424.0000000;14
SPFB.HYDR-6.19;60;20190506;220000;5423.0000000;5430.0000000;5423.0000000;5430.0000000;2
SPFB.HYDR-6.19;60;20190506;230000;5428.0000000;5428.0000000;5422.0000000;5422.0000000;7
SPFB.HYDR-6.19;60;20190507;110000;5426.0000000;5442.0000000;5366.0000000;5431.0000000;813
SPFB.HYDR-6.19;60;20190507;120000;5429.0000000;5435.0000000;5419.0000000;5419.0000000;72
SPFB.HYDR-6.19;60;20190507;130000;5425.0000000;5430.0000000;5425.0000000;5430.0000000;52
SPFB.HYDR-6.19;60;20190507;140000;5438.0000000;5473.0000000;5438.0000000;5451.0000000;187
SPFB.HYDR-6.19;60;20190507;150000;5462.0000000;5469.0000000;5452.0000000;5452.0000000;56
SPFB.HYDR-6.19;60;20190507;160000;5448.0000000;5448.0000000;5439.0000000;5440.0000000;35
SPFB.HYDR-6.19;60;20190507;170000;5436.0000000;5445.0000000;5430.0000000;5434.0000000;166
SPFB.HYDR-6.19;60;20190507;180000;5438.0000000;5445.0000000;5434.0000000;5434.0000000;159
SPFB.HYDR-6.19;60;20190507;190000;5431.0000000;5431.0000000;5415.0000000;5425.0000000;157
SPFB.HYDR-6.19;60;20190507;210000;5429.0000000;5429.0000000;5405.0000000;5417.0000000;30
SPFB.HYDR-6.19;60;20190507;220000;5416.0000000;5416.0000000;5406.0000000;5407.0000000;31
SPFB.HYDR-6.19;60;20190507;230000;5406.0000000;5406.0000000;5406.0000000;5406.0000000;1
SPFB.HYDR-6.19;60;20190508;000000;5413.0000000;5414.0000000;5410.0000000;5410.0000000;9
SPFB.HYDR-6.19;60;20190508;110000;5418.0000000;5431.0000000;5415.0000000;5423.0000000;82
SPFB.HYDR-6.19;60;20190508;120000;5422.0000000;5424.0000000;5417.0000000;5421.0000000;40
SPFB.HYDR-6.19;60;20190508;130000;5420.0000000;5420.0000000;5408.0000000;5408.0000000;45
SPFB.HYDR-6.19;60;20190508;140000;5408.0000000;5417.0000000;5406.0000000;5415.0000000;22
SPFB.HYDR-6.19;60;20190508;150000;5414.0000000;5414.0000000;5407.0000000;5407.0000000;26
SPFB.HYDR-6.19;60;20190508;160000;5409.0000000;5415.0000000;5409.0000000;5415.0000000;18
SPFB.HYDR-6.19;60;20190508;170000;5423.0000000;5427.0000000;5411.0000000;5420.0000000;232
SPFB.HYDR-6.19;60;20190508;180000;5420.0000000;5424.0000000;5419.0000000;5424.0000000;62
SPFB.HYDR-6.19;60;20190508;190000;5423.0000000;5423.0000000;5417.0000000;5417.0000000;80
SPFB.HYDR-6.19;60;20190508;200000;5411.0000000;5413.0000000;5411.0000000;5413.0000000;16
SPFB.HYDR-6.19;60;20190508;210000;5411.0000000;5411.0000000;5406.0000000;5406.0000000;7
SPFB.HYDR-6.19;60;20190508;220000;5413.0000000;5413.0000000;5413.0000000;5413.0000000;1
SPFB.HYDR-6.19;60;20190508;230000;5407.0000000;5412.0000000;5406.0000000;5412.0000000;5
SPFB.HYDR-6.19;60;20190509;000000;5413.0000000;5413.0000000;5413.0000000;5413.0000000;1
SPFB.HYDR-6.19;60;20190510;110000;5401.0000000;5413.0000000;5389.0000000;5403.0000000;222
SPFB.HYDR-6.19;60;20190510;120000;5395.0000000;5395.0000000;5387.0000000;5387.0000000;39
SPFB.HYDR-6.19;60;20190510;130000;5392.0000000;5394.0000000;5384.0000000;5384.0000000;25
SPFB.HYDR-6.19;60;20190510;140000;5394.0000000;5394.0000000;5382.0000000;5384.0000000;13
SPFB.HYDR-6.19;60;20190510;150000;5379.0000000;5387.0000000;5378.0000000;5381.0000000;18
SPFB.HYDR-6.19;60;20190510;160000;5381.0000000;5385.0000000;5374.0000000;5385.0000000;34
SPFB.HYDR-6.19;60;20190510;170000;5385.0000000;5388.0000000;5374.0000000;5378.0000000;39
SPFB.HYDR-6.19;60;20190510;180000;5377.0000000;5378.0000000;5375.0000000;5375.0000000;22
SPFB.HYDR-6.19;60;20190510;190000;5378.0000000;5382.0000000;5377.0000000;5380.0000000;103
SPFB.HYDR-6.19;60;20190510;200000;5383.0000000;5383.0000000;5380.0000000;5380.0000000;7
SPFB.HYDR-6.19;60;20190510;210000;5379.0000000;5383.0000000;5379.0000000;5383.0000000;27
SPFB.HYDR-6.19;60;20190510;220000;5380.0000000;5384.0000000;5371.0000000;5371.0000000;32
SPFB.HYDR-6.19;60;20190510;230000;5373.0000000;5374.0000000;5371.0000000;5374.0000000;29
SPFB.HYDR-6.19;60;20190511;000000;5376.0000000;5382.0000000;5376.0000000;5382.0000000;27
SPFB.HYDR-6.19;60;20190513;110000;5375.0000000;5387.0000000;5345.0000000;5383.0000000;497
SPFB.HYDR-6.19;60;20190513;120000;5367.0000000;5372.0000000;5360.0000000;5370.0000000;25
SPFB.HYDR-6.19;60;20190513;130000;5374.0000000;5385.0000000;5373.0000000;5383.0000000;35
SPFB.HYDR-6.19;60;20190513;140000;5382.0000000;5385.0000000;5375.0000000;5375.0000000;19
SPFB.HYDR-6.19;60;20190513;150000;5379.0000000;5379.0000000;5375.0000000;5375.0000000;4
SPFB.HYDR-6.19;60;20190513;160000;5367.0000000;5371.0000000;5355.0000000;5371.0000000;180
SPFB.HYDR-6.19;60;20190513;170000;5363.0000000;5365.0000000;5350.0000000;5353.0000000;30
SPFB.HYDR-6.19;60;20190513;180000;5352.0000000;5356.0000000;5339.0000000;5339.0000000;89
SPFB.HYDR-6.19;60;20190513;190000;5340.0000000;5346.0000000;5325.0000000;5325.0000000;103
SPFB.HYDR-6.19;60;20190513;200000;5329.0000000;5329.0000000;5302.0000000;5317.0000000;155
SPFB.HYDR-6.19;60;20190513;210000;5316.0000000;5316.0000000;5316.0000000;5316.0000000;2
SPFB.HYDR-6.19;60;20190513;220000;5312.0000000;5315.0000000;5309.0000000;5315.0000000;29
SPFB.HYDR-6.19;60;20190513;230000;5313.0000000;5315.0000000;5313.0000000;5315.0000000;10
SPFB.HYDR-6.19;60;20190514;000000;5314.0000000;5315.0000000;5308.0000000;5308.0000000;35
SPFB.HYDR-6.19;60;20190514;110000;5330.0000000;5344.0000000;5316.0000000;5328.0000000;376
SPFB.HYDR-6.19;60;20190514;120000;5317.0000000;5317.0000000;5275.0000000;5287.0000000;482
SPFB.HYDR-6.19;60;20190514;130000;5294.0000000;5311.0000000;5294.0000000;5305.0000000;95
SPFB.HYDR-6.19;60;20190514;140000;5300.0000000;5307.0000000;5296.0000000;5298.0000000;152
SPFB.HYDR-6.19;60;20190514;150000;5298.0000000;5309.0000000;5295.0000000;5309.0000000;83
SPFB.HYDR-6.19;60;20190514;160000;5308.0000000;5308.0000000;5296.0000000;5296.0000000;34
SPFB.HYDR-6.19;60;20190514;170000;5290.0000000;5321.0000000;5282.0000000;5310.0000000;284
SPFB.HYDR-6.19;60;20190514;180000;5300.0000000;5309.0000000;5289.0000000;5290.0000000;80
SPFB.HYDR-6.19;60;20190514;190000;5306.0000000;5357.0000000;5300.0000000;5325.0000000;407
SPFB.HYDR-6.19;60;20190514;200000;5327.0000000;5338.0000000;5327.0000000;5337.0000000;11
SPFB.HYDR-6.19;60;20190514;210000;5338.0000000;5355.0000000;5338.0000000;5345.0000000;16
SPFB.HYDR-6.19;60;20190514;220000;5354.0000000;5357.0000000;5344.0000000;5350.0000000;16
SPFB.HYDR-6.19;60;20190514;230000;5346.0000000;5346.0000000;5346.0000000;5346.0000000;1
SPFB.HYDR-6.19;60;20190515;110000;5333.0000000;5344.0000000;5301.0000000;5308.0000000;298
SPFB.HYDR-6.19;60;20190515;120000;5301.0000000;5310.0000000;5301.0000000;5304.0000000;69
SPFB.HYDR-6.19;60;20190515;130000;5308.0000000;5327.0000000;5308.0000000;5315.0000000;345
SPFB.HYDR-6.19;60;20190515;140000;5320.0000000;5336.0000000;5319.0000000;5331.0000000;208
SPFB.HYDR-6.19;60;20190515;150000;5331.0000000;5334.0000000;5321.0000000;5321.0000000;111
SPFB.HYDR-6.19;60;20190515;160000;5320.0000000;5320.0000000;5305.0000000;5305.0000000;97
SPFB.HYDR-6.19;60;20190515;170000;5310.0000000;5317.0000000;5296.0000000;5296.0000000;148
SPFB.HYDR-6.19;60;20190515;180000;5305.0000000;5305.0000000;5297.0000000;5298.0000000;113
SPFB.HYDR-6.19;60;20190515;190000;5302.0000000;5302.0000000;5293.0000000;5301.0000000;223
SPFB.HYDR-6.19;60;20190515;200000;5302.0000000;5302.0000000;5285.0000000;5285.0000000;17
SPFB.HYDR-6.19;60;20190515;210000;5291.0000000;5291.0000000;5291.0000000;5291.0000000;2
SPFB.HYDR-6.19;60;20190515;220000;5291.0000000;5292.0000000;5291.0000000;5292.0000000;4
SPFB.HYDR-6.19;60;20190515;230000;5292.0000000;5292.0000000;5288.0000000;5288.0000000;5
SPFB.HYDR-6.19;60;20190516;000000;5289.0000000;5290.0000000;5289.0000000;5289.0000000;13
SPFB.HYDR-6.19;60;20190516;110000;5295.0000000;5313.0000000;5291.0000000;5310.0000000;171
SPFB.HYDR-6.19;60;20190516;120000;5304.0000000;5334.0000000;5304.0000000;5334.0000000;339
SPFB.HYDR-6.19;60;20190516;130000;5327.0000000;5328.0000000;5317.0000000;5319.0000000;36
SPFB.HYDR-6.19;60;20190516;140000;5321.0000000;5328.0000000;5315.0000000;5328.0000000;49
SPFB.HYDR-6.19;60;20190516;150000;5332.0000000;5351.0000000;5332.0000000;5351.0000000;260
SPFB.HYDR-6.19;60;20190516;160000;5349.0000000;5355.0000000;5329.0000000;5337.0000000;309
SPFB.HYDR-6.19;60;20190516;170000;5339.0000000;5347.0000000;5338.0000000;5347.0000000;34
SPFB.HYDR-6.19;60;20190516;180000;5352.0000000;5485.0000000;5352.0000000;5382.0000000;809
SPFB.HYDR-6.19;60;20190516;190000;5381.0000000;5384.0000000;5357.0000000;5358.0000000;122
SPFB.HYDR-6.19;60;20190516;200000;5377.0000000;5377.0000000;5366.0000000;5374.0000000;13
SPFB.HYDR-6.19;60;20190516;210000;5374.0000000;5380.0000000;5374.0000000;5380.0000000;19
SPFB.HYDR-6.19;60;20190516;220000;5381.0000000;5396.0000000;5381.0000000;5383.0000000;206
SPFB.HYDR-6.19;60;20190516;230000;5383.0000000;5384.0000000;5377.0000000;5380.0000000;24
SPFB.HYDR-6.19;60;20190517;000000;5387.0000000;5388.0000000;5379.0000000;5385.0000000;35
SPFB.HYDR-6.19;60;20190517;110000;5377.0000000;5443.0000000;5369.0000000;5410.0000000;534
SPFB.HYDR-6.19;60;20190517;120000;5410.0000000;5425.0000000;5405.0000000;5422.0000000;166
SPFB.HYDR-6.19;60;20190517;130000;5428.0000000;5428.0000000;5420.0000000;5421.0000000;16
SPFB.HYDR-6.19;60;20190517;140000;5420.0000000;5424.0000000;5406.0000000;5416.0000000;122
SPFB.HYDR-6.19;60;20190517;150000;5412.0000000;5416.0000000;5395.0000000;5397.0000000;66
SPFB.HYDR-6.19;60;20190517;160000;5390.0000000;5402.0000000;5376.0000000;5400.0000000;222
SPFB.HYDR-6.19;60;20190517;170000;5394.0000000;5408.0000000;5374.0000000;5386.0000000;180
SPFB.HYDR-6.19;60;20190517;180000;5374.0000000;5402.0000000;5370.0000000;5394.0000000;86
SPFB.HYDR-6.19;60;20190517;190000;5398.0000000;5400.0000000;5375.0000000;5375.0000000;25
SPFB.HYDR-6.19;60;20190517;200000;5372.0000000;5383.0000000;5369.0000000;5383.0000000;12
SPFB.HYDR-6.19;60;20190517;210000;5382.0000000;5387.0000000;5382.0000000;5387.0000000;3
SPFB.HYDR-6.19;60;20190517;220000;5386.0000000;5395.0000000;5386.0000000;5395.0000000;11
SPFB.HYDR-6.19;60;20190517;230000;5390.0000000;5392.0000000;5380.0000000;5391.0000000;28
SPFB.HYDR-6.19;60;20190518;000000;5386.0000000;5387.0000000;5380.0000000;5387.0000000;24
SPFB.HYDR-6.19;60;20190520;110000;5404.0000000;5511.0000000;5375.0000000;5496.0000000;1257
SPFB.HYDR-6.19;60;20190520;120000;5499.0000000;5521.0000000;5485.0000000;5490.0000000;314
SPFB.HYDR-6.19;60;20190520;130000;5493.0000000;5531.0000000;5485.0000000;5485.0000000;258
SPFB.HYDR-6.19;60;20190520;140000;5489.0000000;5495.0000000;5475.0000000;5475.0000000;150
SPFB.HYDR-6.19;60;20190520;150000;5476.0000000;5487.0000000;5474.0000000;5486.0000000;251
SPFB.HYDR-6.19;60;20190520;160000;5487.0000000;5492.0000000;5456.0000000;5473.0000000;114
SPFB.HYDR-6.19;60;20190520;170000;5481.0000000;5487.0000000;5469.0000000;5477.0000000;198
SPFB.HYDR-6.19;60;20190520;180000;5479.0000000;5490.0000000;5436.0000000;5450.0000000;309
SPFB.HYDR-6.19;60;20190520;190000;5457.0000000;5468.0000000;5447.0000000;5463.0000000;142
SPFB.HYDR-6.19;60;20190520;210000;5470.0000000;5470.0000000;5462.0000000;5462.0000000;2
SPFB.HYDR-6.19;60;20190520;220000;5460.0000000;5460.0000000;5416.0000000;5448.0000000;63
SPFB.HYDR-6.19;60;20190521;110000;5463.0000000;5487.0000000;5434.0000000;5440.0000000;120
SPFB.HYDR-6.19;60;20190521;120000;5439.0000000;5466.0000000;5439.0000000;5454.0000000;49
SPFB.HYDR-6.19;60;20190521;130000;5450.0000000;5450.0000000;5440.0000000;5444.0000000;36
SPFB.HYDR-6.19;60;20190521;140000;5439.0000000;5447.0000000;5437.0000000;5439.0000000;90
SPFB.HYDR-6.19;60;20190521;150000;5440.0000000;5455.0000000;5440.0000000;5448.0000000;33
SPFB.HYDR-6.19;60;20190521;160000;5449.0000000;5459.0000000;5445.0000000;5445.0000000;430
SPFB.HYDR-6.19;60;20190521;170000;5445.0000000;5478.0000000;5440.0000000;5465.0000000;245
SPFB.HYDR-6.19;60;20190521;180000;5476.0000000;5481.0000000;5472.0000000;5476.0000000;161
SPFB.HYDR-6.19;60;20190521;190000;5475.0000000;5476.0000000;5462.0000000;5472.0000000;66
SPFB.HYDR-6.19;60;20190521;200000;5463.0000000;5465.0000000;5462.0000000;5465.0000000;14
SPFB.HYDR-6.19;60;20190521;210000;5468.0000000;5472.0000000;5468.0000000;5472.0000000;6
SPFB.HYDR-6.19;60;20190521;220000;5490.0000000;5503.0000000;5482.0000000;5482.0000000;22
SPFB.HYDR-6.19;60;20190521;230000;5488.0000000;5488.0000000;5482.0000000;5482.0000000;32
SPFB.HYDR-6.19;60;20190522;110000;5482.0000000;5482.0000000;5429.0000000;5439.0000000;245
SPFB.HYDR-6.19;60;20190522;120000;5439.0000000;5440.0000000;5393.0000000;5438.0000000;386
SPFB.HYDR-6.19;60;20190522;130000;5437.0000000;5452.0000000;5434.0000000;5448.0000000;36
SPFB.HYDR-6.19;60;20190522;140000;5458.0000000;5458.0000000;5435.0000000;5442.0000000;173
SPFB.HYDR-6.19;60;20190522;150000;5443.0000000;5469.0000000;5442.0000000;5453.0000000;172
SPFB.HYDR-6.19;60;20190522;160000;5454.0000000;5465.0000000;5454.0000000;5462.0000000;51
SPFB.HYDR-6.19;60;20190522;170000;5461.0000000;5494.0000000;5460.0000000;5494.0000000;329
SPFB.HYDR-6.19;60;20190522;180000;5499.0000000;5502.0000000;5470.0000000;5490.0000000;178
SPFB.HYDR-6.19;60;20190522;190000;5487.0000000;5492.0000000;5481.0000000;5487.0000000;40
SPFB.HYDR-6.19;60;20190522;200000;5493.0000000;5493.0000000;5489.0000000;5489.0000000;2
SPFB.HYDR-6.19;60;20190522;230000;5489.0000000;5495.0000000;5489.0000000;5491.0000000;12
SPFB.HYDR-6.19;60;20190523;000000;5498.0000000;5502.0000000;5498.0000000;5502.0000000;10
SPFB.HYDR-6.19;60;20190523;110000;5473.0000000;5477.0000000;5458.0000000;5469.0000000;178
SPFB.HYDR-6.19;60;20190523;120000;5465.0000000;5465.0000000;5457.0000000;5461.0000000;104
SPFB.HYDR-6.19;60;20190523;130000;5454.0000000;5476.0000000;5443.0000000;5476.0000000;170
SPFB.HYDR-6.19;60;20190523;140000;5479.0000000;5490.0000000;5458.0000000;5459.0000000;39
SPFB.HYDR-6.19;60;20190523;150000;5466.0000000;5471.0000000;5465.0000000;5465.0000000;11
SPFB.HYDR-6.19;60;20190523;160000;5477.0000000;5477.0000000;5448.0000000;5456.0000000;105
SPFB.HYDR-6.19;60;20190523;170000;5454.0000000;5454.0000000;5440.0000000;5444.0000000;116
SPFB.HYDR-6.19;60;20190523;180000;5442.0000000;5449.0000000;5435.0000000;5442.0000000;554
SPFB.HYDR-6.19;60;20190523;190000;5447.0000000;5447.0000000;5431.0000000;5443.0000000;467
SPFB.HYDR-6.19;60;20190523;200000;5446.0000000;5446.0000000;5446.0000000;5446.0000000;1
SPFB.HYDR-6.19;60;20190523;210000;5449.0000000;5469.0000000;5449.0000000;5469.0000000;7
SPFB.HYDR-6.19;60;20190523;220000;5457.0000000;5466.0000000;5457.0000000;5466.0000000;5
SPFB.HYDR-6.19;60;20190524;000000;5468.0000000;5468.0000000;5468.0000000;5468.0000000;1
SPFB.HYDR-6.19;60;20190524;110000;5464.0000000;5522.0000000;5459.0000000;5495.0000000;455
SPFB.HYDR-6.19;60;20190524;120000;5498.0000000;5507.0000000;5493.0000000;5497.0000000;144
SPFB.HYDR-6.19;60;20190524;130000;5503.0000000;5506.0000000;5482.0000000;5492.0000000;150
SPFB.HYDR-6.19;60;20190524;140000;5486.0000000;5506.0000000;5486.0000000;5506.0000000;77
SPFB.HYDR-6.19;60;20190524;150000;5497.0000000;5497.0000000;5491.0000000;5493.0000000;13
SPFB.HYDR-6.19;60;20190524;160000;5491.0000000;5492.0000000;5484.0000000;5492.0000000;41
SPFB.HYDR-6.19;60;20190524;170000;5490.0000000;5490.0000000;5480.0000000;5483.0000000;107
SPFB.HYDR-6.19;60;20190524;180000;5483.0000000;5483.0000000;5425.0000000;5462.0000000;1135
SPFB.HYDR-6.19;60;20190524;190000;5464.0000000;5509.0000000;5443.0000000;5509.0000000;122
SPFB.HYDR-6.19;60;20190524;200000;5509.0000000;5509.0000000;5484.0000000;5485.0000000;9
SPFB.HYDR-6.19;60;20190524;210000;5480.0000000;5480.0000000;5467.0000000;5467.0000000;4
SPFB.HYDR-6.19;60;20190524;220000;5477.0000000;5491.0000000;5477.0000000;5491.0000000;13
SPFB.HYDR-6.19;60;20190524;230000;5496.0000000;5508.0000000;5496.0000000;5497.0000000;13
SPFB.HYDR-6.19;60;20190525;000000;5507.0000000;5509.0000000;5490.0000000;5490.0000000;48
SPFB.HYDR-6.19;60;20190527;110000;5492.0000000;5510.0000000;5464.0000000;5488.0000000;174
SPFB.HYDR-6.19;60;20190527;120000;5488.0000000;5499.0000000;5485.0000000;5485.0000000;135
SPFB.HYDR-6.19;60;20190527;130000;5488.0000000;5488.0000000;5446.0000000;5455.0000000;63
SPFB.HYDR-6.19;60;20190527;140000;5463.0000000;5466.0000000;5460.0000000;5463.0000000;25
SPFB.HYDR-6.19;60;20190527;150000;5465.0000000;5469.0000000;5449.0000000;5462.0000000;149
SPFB.HYDR-6.19;60;20190527;160000;5466.0000000;5469.0000000;5464.0000000;5467.0000000;20
SPFB.HYDR-6.19;60;20190527;180000;5465.0000000;5467.0000000;5460.0000000;5467.0000000;7
SPFB.HYDR-6.19;60;20190527;190000;5461.0000000;5485.0000000;5432.0000000;5485.0000000;210
SPFB.HYDR-6.19;60;20190527;200000;5470.0000000;5471.0000000;5470.0000000;5471.0000000;5
SPFB.HYDR-6.19;60;20190528;110000;5452.0000000;5452.0000000;5404.0000000;5426.0000000;380
SPFB.HYDR-6.19;60;20190528;120000;5431.0000000;5436.0000000;5428.0000000;5433.0000000;12
SPFB.HYDR-6.19;60;20190528;130000;5427.0000000;5430.0000000;5419.0000000;5425.0000000;150
SPFB.HYDR-6.19;60;20190528;140000;5423.0000000;5445.0000000;5423.0000000;5445.0000000;66
SPFB.HYDR-6.19;60;20190528;150000;5440.0000000;5455.0000000;5440.0000000;5452.0000000;235
SPFB.HYDR-6.19;60;20190528;160000;5453.0000000;5466.0000000;5451.0000000;5460.0000000;63
SPFB.HYDR-6.19;60;20190528;170000;5456.0000000;5461.0000000;5456.0000000;5458.0000000;20
SPFB.HYDR-6.19;60;20190528;180000;5454.0000000;5454.0000000;5441.0000000;5448.0000000;119
SPFB.HYDR-6.19;60;20190528;190000;5448.0000000;5454.0000000;5440.0000000;5447.0000000;406
SPFB.HYDR-6.19;60;20190528;200000;5428.0000000;5428.0000000;5428.0000000;5428.0000000;2
SPFB.HYDR-6.19;60;20190528;210000;5426.0000000;5462.0000000;5426.0000000;5462.0000000;23
SPFB.HYDR-6.19;60;20190528;220000;5462.0000000;5474.0000000;5453.0000000;5453.0000000;27
SPFB.HYDR-6.19;60;20190528;230000;5455.0000000;5455.0000000;5451.0000000;5451.0000000;12
SPFB.HYDR-6.19;60;20190529;000000;5451.0000000;5451.0000000;5447.0000000;5447.0000000;3
SPFB.HYDR-6.19;60;20190529;110000;5440.0000000;5477.0000000;5424.0000000;5428.0000000;360
SPFB.HYDR-6.19;60;20190529;120000;5422.0000000;5429.0000000;5416.0000000;5422.0000000;1254
SPFB.HYDR-6.19;60;20190529;130000;5423.0000000;5439.0000000;5420.0000000;5428.0000000;283
SPFB.HYDR-6.19;60;20190529;140000;5431.0000000;5437.0000000;5425.0000000;5431.0000000;81
SPFB.HYDR-6.19;60;20190529;150000;5431.0000000;5436.0000000;5428.0000000;5430.0000000;43
SPFB.HYDR-6.19;60;20190529;160000;5430.0000000;5432.0000000;5420.0000000;5430.0000000;103
SPFB.HYDR-6.19;60;20190529;170000;5427.0000000;5435.0000000;5423.0000000;5425.0000000;43
SPFB.HYDR-6.19;60;20190529;180000;5427.0000000;5437.0000000;5427.0000000;5435.0000000;166
SPFB.HYDR-6.19;60;20190529;190000;5428.0000000;5441.0000000;5420.0000000;5441.0000000;27
SPFB.HYDR-6.19;60;20190529;200000;5444.0000000;5444.0000000;5425.0000000;5425.0000000;14
SPFB.HYDR-6.19;60;20190529;210000;5420.0000000;5429.0000000;5420.0000000;5420.0000000;8
SPFB.HYDR-6.19;60;20190529;220000;5428.0000000;5428.0000000;5428.0000000;5428.0000000;2
SPFB.HYDR-6.19;60;20190529;230000;5423.0000000;5423.0000000;5420.0000000;5420.0000000;7
SPFB.HYDR-6.19;60;20190530;000000;5429.0000000;5440.0000000;5429.0000000;5440.0000000;2
SPFB.HYDR-6.19;60;20190530;110000;5440.0000000;5445.0000000;5430.0000000;5442.0000000;210
SPFB.HYDR-6.19;60;20190530;120000;5439.0000000;5440.0000000;5427.0000000;5427.0000000;17
SPFB.HYDR-6.19;60;20190530;130000;5432.0000000;5432.0000000;5424.0000000;5424.0000000;40
SPFB.HYDR-6.19;60;20190530;140000;5425.0000000;5430.0000000;5423.0000000;5430.0000000;14
SPFB.HYDR-6.19;60;20190530;150000;5428.0000000;5428.0000000;5418.0000000;5423.0000000;157
SPFB.HYDR-6.19;60;20190530;160000;5426.0000000;5426.0000000;5418.0000000;5418.0000000;13
SPFB.HYDR-6.19;60;20190530;170000;5419.0000000;5424.0000000;5419.0000000;5424.0000000;16
SPFB.HYDR-6.19;60;20190530;180000;5420.0000000;5420.0000000;5408.0000000;5409.0000000;400
SPFB.HYDR-6.19;60;20190530;190000;5408.0000000;5416.0000000;5396.0000000;5416.0000000;113
SPFB.HYDR-6.19;60;20190530;200000;5387.0000000;5387.0000000;5380.0000000;5380.0000000;5
SPFB.HYDR-6.19;60;20190530;210000;5393.0000000;5393.0000000;5380.0000000;5385.0000000;10
SPFB.HYDR-6.19;60;20190530;220000;5391.0000000;5391.0000000;5380.0000000;5380.0000000;42
SPFB.HYDR-6.19;60;20190530;230000;5379.0000000;5389.0000000;5379.0000000;5389.0000000;4
SPFB.HYDR-6.19;60;20190531;110000;5395.0000000;5420.0000000;5371.0000000;5406.0000000;162
SPFB.HYDR-6.19;60;20190531;120000;5410.0000000;5420.0000000;5407.0000000;5420.0000000;58
SPFB.HYDR-6.19;60;20190531;130000;5420.0000000;5420.0000000;5404.0000000;5405.0000000;156
SPFB.HYDR-6.19;60;20190531;140000;5412.0000000;5418.0000000;5412.0000000;5414.0000000;55
SPFB.HYDR-6.19;60;20190531;150000;5422.0000000;5429.0000000;5417.0000000;5421.0000000;14
SPFB.HYDR-6.19;60;20190531;160000;5416.0000000;5419.0000000;5408.0000000;5416.0000000;31
SPFB.HYDR-6.19;60;20190531;170000;5411.0000000;5416.0000000;5407.0000000;5416.0000000;18
SPFB.HYDR-6.19;60;20190531;180000;5414.0000000;5419.0000000;5409.0000000;5419.0000000;61
SPFB.HYDR-6.19;60;20190531;190000;5421.0000000;5423.0000000;5413.0000000;5413.0000000;21
SPFB.HYDR-6.19;60;20190531;200000;5373.0000000;5450.0000000;5372.0000000;5423.0000000;69
SPFB.HYDR-6.19;60;20190531;210000;5440.0000000;5441.0000000;5416.0000000;5419.0000000;20
SPFB.HYDR-6.19;60;20190531;220000;5428.0000000;5428.0000000;5428.0000000;5428.0000000;1
SPFB.HYDR-6.19;60;20190531;230000;5423.0000000;5425.0000000;5419.0000000;5425.0000000;32
SPFB.HYDR-6.19;60;20190601;000000;5415.0000000;5424.0000000;5414.0000000;5424.0000000;5
SPFB.HYDR-6.19;60;20190603;110000;5410.0000000;5425.0000000;5385.0000000;5388.0000000;304
SPFB.HYDR-6.19;60;20190603;120000;5390.0000000;5414.0000000;5382.0000000;5410.0000000;143
SPFB.HYDR-6.19;60;20190603;130000;5415.0000000;5470.0000000;5408.0000000;5418.0000000;611
SPFB.HYDR-6.19;60;20190603;140000;5418.0000000;5421.0000000;5408.0000000;5413.0000000;76
SPFB.HYDR-6.19;60;20190603;150000;5418.0000000;5422.0000000;5416.0000000;5416.0000000;22
SPFB.HYDR-6.19;60;20190603;160000;5419.0000000;5422.0000000;5412.0000000;5422.0000000;33
SPFB.HYDR-6.19;60;20190603;170000;5416.0000000;5421.0000000;5411.0000000;5419.0000000;108
SPFB.HYDR-6.19;60;20190603;180000;5415.0000000;5420.0000000;5415.0000000;5416.0000000;36
SPFB.HYDR-6.19;60;20190603;190000;5420.0000000;5420.0000000;5414.0000000;5417.0000000;20
SPFB.HYDR-6.19;60;20190603;200000;5424.0000000;5425.0000000;5414.0000000;5421.0000000;10
SPFB.HYDR-6.19;60;20190603;210000;5422.0000000;5422.0000000;5418.0000000;5418.0000000;10
SPFB.HYDR-6.19;60;20190603;220000;5419.0000000;5419.0000000;5407.0000000;5407.0000000;20
SPFB.HYDR-6.19;60;20190603;230000;5411.0000000;5411.0000000;5411.0000000;5411.0000000;1
SPFB.HYDR-6.19;60;20190604;110000;5419.0000000;5445.0000000;5410.0000000;5433.0000000;303
SPFB.HYDR-6.19;60;20190604;120000;5427.0000000;5434.0000000;5421.0000000;5421.0000000;69
SPFB.HYDR-6.19;60;20190604;130000;5422.0000000;5423.0000000;5414.0000000;5417.0000000;143
SPFB.HYDR-6.19;60;20190604;140000;5418.0000000;5423.0000000;5417.0000000;5418.0000000;48
SPFB.HYDR-6.19;60;20190604;150000;5418.0000000;5431.0000000;5416.0000000;5431.0000000;49
SPFB.HYDR-6.19;60;20190604;160000;5427.0000000;5427.0000000;5418.0000000;5424.0000000;358
SPFB.HYDR-6.19;60;20190604;170000;5424.0000000;5430.0000000;5423.0000000;5428.0000000;1014
SPFB.HYDR-6.19;60;20190604;180000;5428.0000000;5428.0000000;5423.0000000;5426.0000000;658
SPFB.HYDR-6.19;60;20190604;190000;5429.0000000;5443.0000000;5424.0000000;5431.0000000;89
SPFB.HYDR-6.19;60;20190604;200000;5444.0000000;5445.0000000;5444.0000000;5445.0000000;21
SPFB.HYDR-6.19;60;20190604;210000;5444.0000000;5445.0000000;5444.0000000;5445.0000000;3
SPFB.HYDR-6.19;60;20190604;220000;5435.0000000;5444.0000000;5431.0000000;5444.0000000;24
SPFB.HYDR-6.19;60;20190604;230000;5445.0000000;5445.0000000;5445.0000000;5445.0000000;2
SPFB.HYDR-6.19;60;20190605;110000;5425.0000000;5430.0000000;5416.0000000;5420.0000000;222
SPFB.HYDR-6.19;60;20190605;120000;5421.0000000;5423.0000000;5420.0000000;5420.0000000;25
SPFB.HYDR-6.19;60;20190605;130000;5424.0000000;5438.0000000;5424.0000000;5438.0000000;35
SPFB.HYDR-6.19;60;20190605;140000;5441.0000000;5464.0000000;5441.0000000;5457.0000000;236
SPFB.HYDR-6.19;60;20190605;150000;5464.0000000;5469.0000000;5450.0000000;5460.0000000;230
SPFB.HYDR-6.19;60;20190605;160000;5466.0000000;5471.0000000;5457.0000000;5471.0000000;600
SPFB.HYDR-6.19;60;20190605;170000;5472.0000000;5475.0000000;5462.0000000;5468.0000000;166
SPFB.HYDR-6.19;60;20190605;180000;5467.0000000;5470.0000000;5432.0000000;5432.0000000;457
SPFB.HYDR-6.19;60;20190605;190000;5451.0000000;5465.0000000;5450.0000000;5452.0000000;33
SPFB.HYDR-6.19;60;20190605;200000;5450.0000000;5469.0000000;5450.0000000;5469.0000000;17
SPFB.HYDR-6.19;60;20190605;210000;5469.0000000;5470.0000000;5464.0000000;5470.0000000;38
SPFB.HYDR-6.19;60;20190605;220000;5470.0000000;5476.0000000;5469.0000000;5476.0000000;17
SPFB.HYDR-6.19;60;20190605;230000;5473.0000000;5473.0000000;5473.0000000;5473.0000000;1
SPFB.HYDR-6.19;60;20190606;000000;5473.0000000;5489.0000000;5473.0000000;5475.0000000;31
SPFB.HYDR-6.19;60;20190606;110000;5459.0000000;5573.0000000;5425.0000000;5559.0000000;2834
SPFB.HYDR-6.19;60;20190606;120000;5560.0000000;5575.0000000;5544.0000000;5557.0000000;361
SPFB.HYDR-6.19;60;20190606;130000;5560.0000000;5613.0000000;5560.0000000;5569.0000000;3407
SPFB.HYDR-6.19;60;20190606;140000;5570.0000000;5597.0000000;5559.0000000;5586.0000000;724
SPFB.HYDR-6.19;60;20190606;150000;5581.0000000;5641.0000000;5570.0000000;5641.0000000;1527
SPFB.HYDR-6.19;60;20190606;160000;5644.0000000;5650.0000000;5625.0000000;5637.0000000;998
SPFB.HYDR-6.19;60;20190606;170000;5635.0000000;5652.0000000;5621.0000000;5652.0000000;962
SPFB.HYDR-6.19;60;20190606;180000;5652.0000000;5683.0000000;5570.0000000;5602.0000000;1160
SPFB.HYDR-6.19;60;20190606;190000;5604.0000000;5629.0000000;5589.0000000;5629.0000000;170
SPFB.HYDR-6.19;60;20190606;200000;5629.0000000;5629.0000000;5612.0000000;5612.0000000;20
SPFB.HYDR-6.19;60;20190606;220000;5623.0000000;5630.0000000;5623.0000000;5630.0000000;11
SPFB.HYDR-6.19;60;20190606;230000;5631.0000000;5633.0000000;5623.0000000;5632.0000000;170
SPFB.HYDR-6.19;60;20190607;000000;5632.0000000;5633.0000000;5632.0000000;5633.0000000;22
SPFB.HYDR-6.19;60;20190607;110000;5625.0000000;5702.0000000;5625.0000000;5665.0000000;918
SPFB.HYDR-6.19;60;20190607;120000;5665.0000000;5680.0000000;5638.0000000;5657.0000000;114
SPFB.HYDR-6.19;60;20190607;130000;5659.0000000;5688.0000000;5659.0000000;5684.0000000;304
SPFB.HYDR-6.19;60;20190607;140000;5680.0000000;5692.0000000;5680.0000000;5692.0000000;270
SPFB.HYDR-6.19;60;20190607;150000;5695.0000000;5765.0000000;5695.0000000;5737.0000000;631
SPFB.HYDR-6.19;60;20190607;160000;5752.0000000;5758.0000000;5701.0000000;5731.0000000;510
SPFB.HYDR-6.19;60;20190607;170000;5726.0000000;5770.0000000;5716.0000000;5754.0000000;648
SPFB.HYDR-6.19;60;20190607;180000;5755.0000000;5758.0000000;5735.0000000;5735.0000000;174
SPFB.HYDR-6.19;60;20190607;190000;5745.0000000;5747.0000000;5728.0000000;5728.0000000;91
SPFB.HYDR-6.19;60;20190607;200000;5769.0000000;5777.0000000;5693.0000000;5718.0000000;50
SPFB.HYDR-6.19;60;20190607;210000;5731.0000000;5732.0000000;5731.0000000;5731.0000000;6
SPFB.HYDR-6.19;60;20190607;220000;5741.0000000;5749.0000000;5741.0000000;5749.0000000;37
SPFB.HYDR-6.19;60;20190607;230000;5750.0000000;5750.0000000;5750.0000000;5750.0000000;16
SPFB.HYDR-6.19;60;20190608;000000;5750.0000000;5763.0000000;5740.0000000;5750.0000000;98
SPFB.HYDR-6.19;60;20190610;110000;5755.0000000;5863.0000000;5749.0000000;5843.0000000;1546
SPFB.HYDR-6.19;60;20190610;120000;5860.0000000;5912.0000000;5833.0000000;5871.0000000;1924
SPFB.HYDR-6.19;60;20190610;130000;5875.0000000;5875.0000000;5852.0000000;5864.0000000;318
SPFB.HYDR-6.19;60;20190610;140000;5862.0000000;5870.0000000;5854.0000000;5860.0000000;120
SPFB.HYDR-6.19;60;20190610;150000;5858.0000000;5893.0000000;5820.0000000;5865.0000000;247
SPFB.HYDR-6.19;60;20190610;160000;5866.0000000;5906.0000000;5865.0000000;5891.0000000;617
SPFB.HYDR-6.19;60;20190610;170000;5895.0000000;5927.0000000;5890.0000000;5915.0000000;586
SPFB.HYDR-6.19;60;20190610;180000;5925.0000000;5939.0000000;5911.0000000;5935.0000000;600
SPFB.HYDR-6.19;60;20190610;190000;5927.0000000;5943.0000000;5915.0000000;5941.0000000;572
SPFB.HYDR-6.19;60;20190610;200000;5933.0000000;5975.0000000;5933.0000000;5966.0000000;164
SPFB.HYDR-6.19;60;20190610;210000;5966.0000000;5975.0000000;5965.0000000;5975.0000000;75
SPFB.HYDR-6.19;60;20190610;220000;5975.0000000;5976.0000000;5965.0000000;5965.0000000;100
SPFB.HYDR-6.19;60;20190610;230000;5966.0000000;5967.0000000;5959.0000000;5967.0000000;35
SPFB.HYDR-6.19;60;20190611;000000;5968.0000000;5974.0000000;5959.0000000;5974.0000000;38
SPFB.HYDR-6.19;60;20190611;110000;5963.0000000;6010.0000000;5908.0000000;6005.0000000;1016
SPFB.HYDR-6.19;60;20190611;120000;6007.0000000;6012.0000000;5866.0000000;5880.0000000;1132
SPFB.HYDR-6.19;60;20190611;130000;5885.0000000;5960.0000000;5870.0000000;5897.0000000;1006
SPFB.HYDR-6.19;60;20190611;140000;5906.0000000;5930.0000000;5890.0000000;5900.0000000;343
SPFB.HYDR-6.19;60;20190611;150000;5901.0000000;5906.0000000;5895.0000000;5903.0000000;136
SPFB.HYDR-6.19;60;20190611;160000;5904.0000000;5910.0000000;5866.0000000;5866.0000000;256
SPFB.HYDR-6.19;60;20190611;170000;5867.0000000;5870.0000000;5827.0000000;5840.0000000;570
SPFB.HYDR-6.19;60;20190611;180000;5834.0000000;5838.0000000;5756.0000000;5765.0000000;698
SPFB.HYDR-6.19;60;20190611;190000;5771.0000000;5833.0000000;5771.0000000;5815.0000000;531
SPFB.HYDR-6.19;60;20190611;200000;5837.0000000;5837.0000000;5808.0000000;5831.0000000;14
SPFB.HYDR-6.19;60;20190611;210000;5822.0000000;5833.0000000;5822.0000000;5826.0000000;11
SPFB.HYDR-6.19;60;20190611;220000;5835.0000000;5835.0000000;5834.0000000;5834.0000000;2
SPFB.HYDR-6.19;60;20190611;230000;5834.0000000;5834.0000000;5834.0000000;5834.0000000;1
SPFB.HYDR-6.19;60;20190612;000000;5834.0000000;5837.0000000;5830.0000000;5830.0000000;11
SPFB.HYDR-6.19;60;20190613;110000;5837.0000000;5912.0000000;5803.0000000;5885.0000000;420
SPFB.HYDR-6.19;60;20190613;120000;5884.0000000;5904.0000000;5867.0000000;5898.0000000;272
SPFB.HYDR-6.19;60;20190613;130000;5900.0000000;5906.0000000;5891.0000000;5904.0000000;118
SPFB.HYDR-6.19;60;20190613;140000;5904.0000000;5905.0000000;5876.0000000;5898.0000000;76
SPFB.HYDR-6.19;60;20190613;150000;5894.0000000;5895.0000000;5876.0000000;5895.0000000;114
SPFB.HYDR-6.19;60;20190613;160000;5900.0000000;5906.0000000;5888.0000000;5888.0000000;177
SPFB.HYDR-6.19;60;20190613;170000;5880.0000000;5898.0000000;5880.0000000;5898.0000000;16
SPFB.HYDR-6.19;60;20190613;180000;5899.0000000;5899.0000000;5897.0000000;5899.0000000;11
SPFB.HYDR-6.19;60;20190613;190000;5888.0000000;5896.0000000;5871.0000000;5871.0000000;36
SPFB.HYDR-6.19;60;20190613;200000;5872.0000000;5872.0000000;5872.0000000;5872.0000000;1
SPFB.HYDR-6.19;60;20190613;210000;5886.0000000;5896.0000000;5886.0000000;5891.0000000;12
SPFB.HYDR-6.19;60;20190613;220000;5900.0000000;5900.0000000;5883.0000000;5889.0000000;37
SPFB.HYDR-6.19;60;20190613;230000;5880.0000000;5889.0000000;5880.0000000;5888.0000000;6
SPFB.HYDR-6.19;60;20190614;000000;5891.0000000;5891.0000000;5882.0000000;5882.0000000;5
SPFB.HYDR-6.19;60;20190614;110000;5891.0000000;5964.0000000;5891.0000000;5964.0000000;883
SPFB.HYDR-6.19;60;20190614;120000;5964.0000000;6102.0000000;5961.0000000;6092.0000000;2055
SPFB.HYDR-6.19;60;20190614;130000;6103.0000000;6103.0000000;6043.0000000;6051.0000000;271
SPFB.HYDR-6.19;60;20190614;140000;6045.0000000;6056.0000000;6021.0000000;6030.0000000;207
SPFB.HYDR-6.19;60;20190614;150000;6026.0000000;6039.0000000;6007.0000000;6025.0000000;276
SPFB.HYDR-6.19;60;20190614;160000;6029.0000000;6071.0000000;6021.0000000;6061.0000000;170
SPFB.HYDR-6.19;60;20190614;170000;6076.0000000;6082.0000000;6005.0000000;6045.0000000;753
SPFB.HYDR-6.19;60;20190614;180000;6049.0000000;6060.0000000;6021.0000000;6060.0000000;346
SPFB.HYDR-6.19;60;20190614;190000;6060.0000000;6066.0000000;6010.0000000;6037.0000000;317
SPFB.HYDR-6.19;60;20190614;200000;6012.0000000;6028.0000000;6012.0000000;6025.0000000;6
SPFB.HYDR-6.19;60;20190614;210000;6023.0000000;6033.0000000;6022.0000000;6033.0000000;15
SPFB.HYDR-6.19;60;20190614;220000;6023.0000000;6038.0000000;6022.0000000;6023.0000000;47
SPFB.HYDR-6.19;60;20190614;230000;6022.0000000;6031.0000000;6022.0000000;6022.0000000;30
SPFB.HYDR-6.19;60;20190615;000000;6031.0000000;6038.0000000;6031.0000000;6031.0000000;41
SPFB.HYDR-6.19;60;20190617;110000;6042.0000000;6170.0000000;6032.0000000;6140.0000000;807
SPFB.HYDR-6.19;60;20190617;120000;6127.0000000;6132.0000000;6063.0000000;6088.0000000;746
SPFB.HYDR-6.19;60;20190617;130000;6088.0000000;6105.0000000;6079.0000000;6095.0000000;343
SPFB.HYDR-6.19;60;20190617;140000;6094.0000000;6112.0000000;6084.0000000;6090.0000000;298
SPFB.HYDR-6.19;60;20190617;150000;6080.0000000;6100.0000000;6070.0000000;6100.0000000;226
SPFB.HYDR-6.19;60;20190617;160000;6102.0000000;6128.0000000;6096.0000000;6113.0000000;628
SPFB.HYDR-6.19;60;20190617;170000;6122.0000000;6122.0000000;6092.0000000;6092.0000000;162
SPFB.HYDR-6.19;60;20190617;180000;6108.0000000;6112.0000000;6098.0000000;6108.0000000;36
SPFB.HYDR-6.19;60;20190617;190000;6106.0000000;6125.0000000;6106.0000000;6112.0000000;186
SPFB.HYDR-6.19;60;20190617;200000;6100.0000000;6122.0000000;6100.0000000;6120.0000000;25
SPFB.HYDR-6.19;60;20190617;210000;6120.0000000;6120.0000000;6097.0000000;6115.0000000;313
SPFB.HYDR-6.19;60;20190617;220000;6115.0000000;6147.0000000;6111.0000000;6125.0000000;90
SPFB.HYDR-6.19;60;20190618;000000;6120.0000000;6131.0000000;6119.0000000;6121.0000000;10
SPFB.HYDR-6.19;60;20190618;110000;6106.0000000;6128.0000000;6019.0000000;6100.0000000;335
SPFB.HYDR-6.19;60;20190618;120000;6084.0000000;6109.0000000;6081.0000000;6088.0000000;274
SPFB.HYDR-6.19;60;20190618;130000;6090.0000000;6095.0000000;6060.0000000;6091.0000000;823
SPFB.HYDR-6.19;60;20190618;140000;6085.0000000;6085.0000000;6048.0000000;6074.0000000;116
SPFB.HYDR-6.19;60;20190618;150000;6069.0000000;6124.0000000;6060.0000000;6123.0000000;331
SPFB.HYDR-6.19;60;20190618;160000;6120.0000000;6125.0000000;6102.0000000;6102.0000000;644
SPFB.HYDR-6.19;60;20190618;170000;6102.0000000;6115.0000000;6090.0000000;6094.0000000;110
SPFB.HYDR-6.19;60;20190618;180000;6094.0000000;6167.0000000;6093.0000000;6114.0000000;507
SPFB.HYDR-6.19;60;20190618;190000;6122.0000000;6139.0000000;6113.0000000;6139.0000000;80
SPFB.HYDR-6.19;60;20190618;200000;6140.0000000;6140.0000000;6126.0000000;6126.0000000;21
SPFB.HYDR-6.19;60;20190618;210000;6129.0000000;6129.0000000;6129.0000000;6129.0000000;8
SPFB.HYDR-6.19;60;20190618;220000;6130.0000000;6143.0000000;6121.0000000;6125.0000000;7
SPFB.HYDR-6.19;60;20190618;230000;6111.0000000;6111.0000000;6111.0000000;6111.0000000;3
SPFB.HYDR-6.19;60;20190619;000000;6112.0000000;6112.0000000;6110.0000000;6110.0000000;17
SPFB.HYDR-6.19;60;20190619;110000;6141.0000000;6150.0000000;6125.0000000;6137.0000000;394
SPFB.HYDR-6.19;60;20190619;120000;6140.0000000;6146.0000000;6136.0000000;6138.0000000;222
SPFB.HYDR-6.19;60;20190619;130000;6138.0000000;6155.0000000;6137.0000000;6145.0000000;194
SPFB.HYDR-6.19;60;20190619;140000;6147.0000000;6147.0000000;6080.0000000;6095.0000000;338
SPFB.HYDR-6.19;60;20190619;150000;6099.0000000;6099.0000000;6068.0000000;6087.0000000;440
SPFB.HYDR-6.19;60;20190619;160000;6085.0000000;6125.0000000;6083.0000000;6103.0000000;400
SPFB.HYDR-6.19;60;20190619;170000;6100.0000000;6105.0000000;6086.0000000;6090.0000000;167
SPFB.HYDR-6.19;60;20190619;180000;6084.0000000;6107.0000000;6083.0000000;6100.0000000;233
SPFB.HYDR-6.19;60;20190619;190000;6103.0000000;6130.0000000;6092.0000000;6092.0000000;370
SPFB.HYDR-6.19;60;20190619;200000;6090.0000000;6104.0000000;6090.0000000;6104.0000000;5
SPFB.HYDR-6.19;60;20190619;210000;6095.0000000;6113.0000000;6095.0000000;6113.0000000;22
SPFB.HYDR-6.19;60;20190619;220000;6105.0000000;6113.0000000;6105.0000000;6113.0000000;6
SPFB.HYDR-6.19;60;20190619;230000;6109.0000000;6115.0000000;6109.0000000;6110.0000000;15
SPFB.HYDR-6.19;60;20190620;000000;6093.0000000;6115.0000000;6093.0000000;6115.0000000;138
SPFB.HYDR-6.19;60;20190620;110000;6116.0000000;6181.0000000;6113.0000000;6153.0000000;1391
SPFB.HYDR-6.19;60;20190620;120000;6145.0000000;6181.0000000;6136.0000000;6148.0000000;631
SPFB.HYDR-6.19;60;20190620;130000;6148.0000000;6161.0000000;6118.0000000;6128.0000000;245
SPFB.HYDR-6.19;60;20190620;140000;6139.0000000;6139.0000000;6101.0000000;6101.0000000;449
SPFB.HYDR-6.19;60;20190620;150000;6130.0000000;6130.0000000;6116.0000000;6125.0000000;105
SPFB.HYDR-6.19;60;20190620;160000;6126.0000000;6166.0000000;6115.0000000;6159.0000000;493
SPFB.HYDR-6.19;60;20190620;170000;6153.0000000;6153.0000000;6123.0000000;6133.0000000;478
SPFB.HYDR-6.19;60;20190620;180000;6130.0000000;6141.0000000;6123.0000000;6137.0000000;331
SPFB.HYDR-6.19;60;20190620;190000;6142.0000000;6144.0000000;6112.0000000;6112.0000000;124
