<TICKER>;<PER>;<DATE>;<TIME>;<OPEN>;<HIGH>;<LOW>;<CLOSE>;<VOL>
SPFB.HYDR-9.20;60;20200312;190000;5000.0000000;5000.0000000;5000.0000000;5000.0000000;2
SPFB.HYDR-9.20;60;20200318;130000;4900.0000000;4900.0000000;4900.0000000;4900.0000000;1
SPFB.HYDR-9.20;60;20200323;190000;5700.0000000;5700.0000000;5700.0000000;5700.0000000;1
SPFB.HYDR-9.20;60;20200330;190000;6000.0000000;6000.0000000;6000.0000000;6000.0000000;1
SPFB.HYDR-9.20;60;20200331;200000;6289.0000000;6289.0000000;6289.0000000;6289.0000000;40
SPFB.HYDR-9.20;60;20200331;210000;6216.0000000;6216.0000000;6216.0000000;6216.0000000;4
SPFB.HYDR-9.20;60;20200401;110000;5920.0000000;5920.0000000;5919.0000000;5919.0000000;20
SPFB.HYDR-9.20;60;20200402;140000;6000.0000000;6000.0000000;6000.0000000;6000.0000000;1
SPFB.HYDR-9.20;60;20200406;180000;6350.0000000;6350.0000000;6350.0000000;6350.0000000;1
SPFB.HYDR-9.20;60;20200406;210000;6500.0000000;6500.0000000;6500.0000000;6500.0000000;1
SPFB.HYDR-9.20;60;20200407;190000;6200.0000000;6200.0000000;6200.0000000;6200.0000000;1
SPFB.HYDR-9.20;60;20200407;200000;5924.0000000;5924.0000000;5924.0000000;5924.0000000;1
SPFB.HYDR-9.20;60;20200407;210000;6400.0000000;6400.0000000;6200.0000000;6400.0000000;3
SPFB.HYDR-9.20;60;20200408;110000;6201.0000000;6201.0000000;6201.0000000;6201.0000000;1
SPFB.HYDR-9.20;60;20200408;170000;6249.0000000;6249.0000000;6249.0000000;6249.0000000;1
SPFB.HYDR-9.20;60;20200409;110000;6500.0000000;6500.0000000;6500.0000000;6500.0000000;1
SPFB.HYDR-9.20;60;20200409;160000;6300.0000000;6300.0000000;6300.0000000;6300.0000000;1
SPFB.HYDR-9.20;60;20200409;170000;6019.0000000;6019.0000000;6019.0000000;6019.0000000;1
SPFB.HYDR-9.20;60;20200414;150000;6051.0000000;6051.0000000;6051.0000000;6051.0000000;1
SPFB.HYDR-9.20;60;20200415;160000;6000.0000000;6000.0000000;6000.0000000;6000.0000000;1
SPFB.HYDR-9.20;60;20200415;200000;5512.0000000;5512.0000000;5512.0000000;5512.0000000;1
SPFB.HYDR-9.20;60;20200416;120000;6219.0000000;6219.0000000;6219.0000000;6219.0000000;1
SPFB.HYDR-9.20;60;20200507;110000;6000.0000000;6000.0000000;6000.0000000;6000.0000000;2
SPFB.HYDR-9.20;60;20200508;150000;6369.0000000;6369.0000000;6369.0000000;6369.0000000;3
SPFB.HYDR-9.20;60;20200509;000000;6370.0000000;6495.0000000;6370.0000000;6495.0000000;10
SPFB.HYDR-9.20;60;20200512;120000;6002.0000000;6002.0000000;6002.0000000;6002.0000000;1
SPFB.HYDR-9.20;60;20200512;170000;6200.0000000;6528.0000000;6200.0000000;6528.0000000;2
SPFB.HYDR-9.20;60;20200514;120000;6596.0000000;6596.0000000;6596.0000000;6596.0000000;1
SPFB.HYDR-9.20;60;20200518;140000;6358.0000000;6358.0000000;6358.0000000;6358.0000000;2
SPFB.HYDR-9.20;60;20200518;190000;6358.0000000;6358.0000000;6358.0000000;6358.0000000;1
SPFB.HYDR-9.20;60;20200519;150000;6695.0000000;6702.0000000;6695.0000000;6702.0000000;6
SPFB.HYDR-9.20;60;20200519;160000;6703.0000000;6703.0000000;6703.0000000;6703.0000000;8
SPFB.HYDR-9.20;60;20200519;170000;6703.0000000;6703.0000000;6703.0000000;6703.0000000;1
SPFB.HYDR-9.20;60;20200519;220000;6825.0000000;6825.0000000;6825.0000000;6825.0000000;1
SPFB.HYDR-9.20;60;20200520;160000;6496.0000000;6496.0000000;6496.0000000;6496.0000000;1
SPFB.HYDR-9.20;60;20200520;190000;6630.0000000;6630.0000000;6531.0000000;6531.0000000;5
SPFB.HYDR-9.20;60;20200521;120000;6748.0000000;6748.0000000;6748.0000000;6748.0000000;5
SPFB.HYDR-9.20;60;20200521;140000;6744.0000000;6744.0000000;6744.0000000;6744.0000000;2
SPFB.HYDR-9.20;60;20200521;190000;6536.0000000;6536.0000000;6532.0000000;6532.0000000;20
SPFB.HYDR-9.20;60;20200522;110000;6531.0000000;6531.0000000;6522.0000000;6522.0000000;20
SPFB.HYDR-9.20;60;20200522;140000;6611.0000000;6612.0000000;6611.0000000;6612.0000000;4
SPFB.HYDR-9.20;60;20200527;230000;7000.0000000;7000.0000000;7000.0000000;7000.0000000;2
SPFB.HYDR-9.20;60;20200528;110000;6997.0000000;6997.0000000;6768.0000000;6768.0000000;11
SPFB.HYDR-9.20;60;20200528;120000;6632.0000000;6985.0000000;6632.0000000;6985.0000000;8
SPFB.HYDR-9.20;60;20200528;200000;6994.0000000;6994.0000000;6994.0000000;6994.0000000;1
SPFB.HYDR-9.20;60;20200528;210000;6991.0000000;6991.0000000;6656.0000000;6656.0000000;3
SPFB.HYDR-9.20;60;20200528;220000;6992.0000000;6992.0000000;6992.0000000;6992.0000000;5
SPFB.HYDR-9.20;60;20200528;230000;6990.0000000;6990.0000000;6990.0000000;6990.0000000;2
SPFB.HYDR-9.20;60;20200529;110000;6981.0000000;6982.0000000;6695.0000000;6695.0000000;19
SPFB.HYDR-9.20;60;20200529;180000;6872.0000000;6872.0000000;6872.0000000;6872.0000000;1
SPFB.HYDR-9.20;60;20200601;120000;6982.0000000;6982.0000000;6796.0000000;6796.0000000;12
SPFB.HYDR-9.20;60;20200601;140000;6755.0000000;6755.0000000;6754.0000000;6754.0000000;6
SPFB.HYDR-9.20;60;20200601;150000;6895.0000000;6985.0000000;6895.0000000;6985.0000000;10
SPFB.HYDR-9.20;60;20200601;200000;6975.0000000;6975.0000000;6974.0000000;6974.0000000;20
SPFB.HYDR-9.20;60;20200601;210000;6975.0000000;6975.0000000;6975.0000000;6975.0000000;10
SPFB.HYDR-9.20;60;20200602;110000;6976.0000000;6976.0000000;6976.0000000;6976.0000000;10
SPFB.HYDR-9.20;60;20200602;130000;7000.0000000;7010.0000000;7000.0000000;7010.0000000;15
SPFB.HYDR-9.20;60;20200602;140000;7030.0000000;7031.0000000;7001.0000000;7001.0000000;37
SPFB.HYDR-9.20;60;20200602;200000;6937.0000000;6937.0000000;6937.0000000;6937.0000000;1
SPFB.HYDR-9.20;60;20200603;110000;7029.0000000;7098.0000000;7029.0000000;7098.0000000;6
SPFB.HYDR-9.20;60;20200603;120000;7071.0000000;7097.0000000;7070.0000000;7097.0000000;16
SPFB.HYDR-9.20;60;20200603;130000;7097.0000000;7097.0000000;7097.0000000;7097.0000000;7
SPFB.HYDR-9.20;60;20200603;140000;7070.0000000;7070.0000000;7070.0000000;7070.0000000;4
SPFB.HYDR-9.20;60;20200603;150000;7070.0000000;7070.0000000;7070.0000000;7070.0000000;1
SPFB.HYDR-9.20;60;20200603;180000;7149.0000000;7151.0000000;7149.0000000;7151.0000000;5
SPFB.HYDR-9.20;60;20200604;110000;7070.0000000;7071.0000000;7070.0000000;7070.0000000;12
SPFB.HYDR-9.20;60;20200604;120000;6927.0000000;6927.0000000;6927.0000000;6927.0000000;1
SPFB.HYDR-9.20;60;20200604;130000;7021.0000000;7021.0000000;7021.0000000;7021.0000000;1
SPFB.HYDR-9.20;60;20200604;160000;7087.0000000;7087.0000000;7077.0000000;7087.0000000;13
SPFB.HYDR-9.20;60;20200604;170000;7077.0000000;7077.0000000;7077.0000000;7077.0000000;1
SPFB.HYDR-9.20;60;20200604;180000;7076.0000000;7076.0000000;7076.0000000;7076.0000000;1
SPFB.HYDR-9.20;60;20200605;000000;7087.0000000;7087.0000000;7087.0000000;7087.0000000;1
SPFB.HYDR-9.20;60;20200605;130000;7175.0000000;7233.0000000;7175.0000000;7202.0000000;8
SPFB.HYDR-9.20;60;20200605;150000;7203.0000000;7203.0000000;7202.0000000;7202.0000000;5
SPFB.HYDR-9.20;60;20200605;170000;7207.0000000;7207.0000000;7200.0000000;7200.0000000;4
SPFB.HYDR-9.20;60;20200605;200000;7297.0000000;7300.0000000;7297.0000000;7300.0000000;6
SPFB.HYDR-9.20;60;20200605;210000;7221.0000000;7393.0000000;7221.0000000;7393.0000000;2
SPFB.HYDR-9.20;60;20200605;230000;7300.0000000;7300.0000000;7300.0000000;7300.0000000;5
SPFB.HYDR-9.20;60;20200608;110000;7280.0000000;7527.0000000;7275.0000000;7363.0000000;28
SPFB.HYDR-9.20;60;20200608;130000;7452.0000000;7480.0000000;7451.0000000;7480.0000000;10
SPFB.HYDR-9.20;60;20200608;140000;7553.0000000;7586.0000000;7553.0000000;7584.0000000;34
SPFB.HYDR-9.20;60;20200608;150000;7549.0000000;7630.0000000;7549.0000000;7630.0000000;11
SPFB.HYDR-9.20;60;20200608;160000;7720.0000000;7720.0000000;7630.0000000;7630.0000000;32
SPFB.HYDR-9.20;60;20200608;170000;7640.0000000;7675.0000000;7590.0000000;7590.0000000;4
SPFB.HYDR-9.20;60;20200608;180000;7601.0000000;7601.0000000;7601.0000000;7601.0000000;2
SPFB.HYDR-9.20;60;20200608;190000;7643.0000000;7740.0000000;7643.0000000;7740.0000000;48
SPFB.HYDR-9.20;60;20200608;200000;7737.0000000;7740.0000000;7737.0000000;7740.0000000;6
SPFB.HYDR-9.20;60;20200608;210000;7777.0000000;8030.0000000;7777.0000000;8025.0000000;108
SPFB.HYDR-9.20;60;20200608;220000;7925.0000000;8009.0000000;7925.0000000;7992.0000000;23
SPFB.HYDR-9.20;60;20200608;230000;7999.0000000;8006.0000000;7991.0000000;8005.0000000;17
SPFB.HYDR-9.20;60;20200609;000000;7922.0000000;7922.0000000;7826.0000000;7826.0000000;36
SPFB.HYDR-9.20;60;20200609;110000;7751.0000000;7796.0000000;7634.0000000;7748.0000000;11
SPFB.HYDR-9.20;60;20200609;120000;7655.0000000;7750.0000000;7620.0000000;7738.0000000;15
SPFB.HYDR-9.20;60;20200609;130000;7700.0000000;7700.0000000;7606.0000000;7606.0000000;11
SPFB.HYDR-9.20;60;20200609;140000;7680.0000000;7680.0000000;7604.0000000;7655.0000000;9
SPFB.HYDR-9.20;60;20200609;150000;7615.0000000;7741.0000000;7615.0000000;7741.0000000;2
SPFB.HYDR-9.20;60;20200609;160000;7627.0000000;7692.0000000;7627.0000000;7692.0000000;4
SPFB.HYDR-9.20;60;20200609;180000;7624.0000000;7671.0000000;7624.0000000;7671.0000000;11
SPFB.HYDR-9.20;60;20200609;190000;7678.0000000;7678.0000000;7678.0000000;7678.0000000;1
SPFB.HYDR-9.20;60;20200609;200000;7738.0000000;7738.0000000;7738.0000000;7738.0000000;1
SPFB.HYDR-9.20;60;20200609;220000;7736.0000000;7738.0000000;7736.0000000;7738.0000000;4
SPFB.HYDR-9.20;60;20200610;110000;7738.0000000;7779.0000000;7701.0000000;7701.0000000;21
SPFB.HYDR-9.20;60;20200610;120000;7710.0000000;7710.0000000;7632.0000000;7632.0000000;43
SPFB.HYDR-9.20;60;20200610;130000;7650.0000000;7650.0000000;7575.0000000;7614.0000000;21
SPFB.HYDR-9.20;60;20200610;140000;7670.0000000;7670.0000000;7610.0000000;7610.0000000;11
SPFB.HYDR-9.20;60;20200610;150000;7734.0000000;7734.0000000;7731.0000000;7731.0000000;8
SPFB.HYDR-9.20;60;20200610;160000;7732.0000000;7799.0000000;7732.0000000;7780.0000000;71
SPFB.HYDR-9.20;60;20200610;170000;7800.0000000;7864.0000000;7800.0000000;7864.0000000;39
SPFB.HYDR-9.20;60;20200610;180000;7701.0000000;7701.0000000;7701.0000000;7701.0000000;1
SPFB.HYDR-9.20;60;20200610;190000;7857.0000000;7863.0000000;7857.0000000;7863.0000000;7
SPFB.HYDR-9.20;60;20200610;200000;7666.0000000;7666.0000000;7666.0000000;7666.0000000;1
SPFB.HYDR-9.20;60;20200610;220000;7667.0000000;7830.0000000;7667.0000000;7830.0000000;6
SPFB.HYDR-9.20;60;20200611;110000;7750.0000000;7750.0000000;7700.0000000;7700.0000000;8
SPFB.HYDR-9.20;60;20200611;120000;7701.0000000;7754.0000000;7661.0000000;7753.0000000;8
SPFB.HYDR-9.20;60;20200611;130000;7754.0000000;7777.0000000;7754.0000000;7777.0000000;5
SPFB.HYDR-9.20;60;20200611;150000;7820.0000000;7820.0000000;7820.0000000;7820.0000000;5
SPFB.HYDR-9.20;60;20200611;160000;7701.0000000;7701.0000000;7690.0000000;7690.0000000;3
SPFB.HYDR-9.20;60;20200611;190000;7796.0000000;7797.0000000;7751.0000000;7792.0000000;11
SPFB.HYDR-9.20;60;20200611;200000;7690.0000000;7690.0000000;7690.0000000;7690.0000000;4
SPFB.HYDR-9.20;60;20200611;220000;7635.0000000;7635.0000000;7635.0000000;7635.0000000;1
SPFB.HYDR-9.20;60;20200611;230000;7636.0000000;7636.0000000;7635.0000000;7635.0000000;5
SPFB.HYDR-9.20;60;20200612;000000;7635.0000000;7635.0000000;7626.0000000;7626.0000000;2
SPFB.HYDR-9.20;60;20200615;110000;7620.0000000;7642.0000000;7427.0000000;7590.0000000;255
SPFB.HYDR-9.20;60;20200615;120000;7590.0000000;7677.0000000;7590.0000000;7646.0000000;30
SPFB.HYDR-9.20;60;20200615;130000;7629.0000000;7677.0000000;7592.0000000;7601.0000000;41
SPFB.HYDR-9.20;60;20200615;140000;7670.0000000;7675.0000000;7555.0000000;7562.0000000;36
SPFB.HYDR-9.20;60;20200615;150000;7570.0000000;7613.0000000;7540.0000000;7587.0000000;12
SPFB.HYDR-9.20;60;20200615;160000;7545.0000000;7549.0000000;7539.0000000;7549.0000000;3
SPFB.HYDR-9.20;60;20200615;170000;7575.0000000;7620.0000000;7575.0000000;7601.0000000;9
SPFB.HYDR-9.20;60;20200615;180000;7630.0000000;7699.0000000;7563.0000000;7607.0000000;41
SPFB.HYDR-9.20;60;20200615;190000;7593.0000000;7704.0000000;7588.0000000;7704.0000000;111
SPFB.HYDR-9.20;60;20200615;200000;7632.0000000;7745.0000000;7632.0000000;7720.0000000;5
SPFB.HYDR-9.20;60;20200615;210000;7720.0000000;7720.0000000;7719.0000000;7719.0000000;4
SPFB.HYDR-9.20;60;20200615;220000;7719.0000000;7719.0000000;7719.0000000;7719.0000000;7
SPFB.HYDR-9.20;60;20200615;230000;7713.0000000;7713.0000000;7708.0000000;7708.0000000;10
SPFB.HYDR-9.20;60;20200616;110000;7750.0000000;7810.0000000;7700.0000000;7764.0000000;297
SPFB.HYDR-9.20;60;20200616;120000;7840.0000000;7970.0000000;7800.0000000;7926.0000000;151
SPFB.HYDR-9.20;60;20200616;130000;7916.0000000;7960.0000000;7740.0000000;7930.0000000;622
SPFB.HYDR-9.20;60;20200616;140000;7915.0000000;8003.0000000;7796.0000000;7915.0000000;362
SPFB.HYDR-9.20;60;20200616;150000;7902.0000000;8184.0000000;7901.0000000;8143.0000000;1140
SPFB.HYDR-9.20;60;20200616;160000;8113.0000000;8297.0000000;8113.0000000;8138.0000000;421
SPFB.HYDR-9.20;60;20200616;170000;8166.0000000;8261.0000000;8145.0000000;8162.0000000;60
SPFB.HYDR-9.20;60;20200616;180000;8178.0000000;8179.0000000;8138.0000000;8140.0000000;81
SPFB.HYDR-9.20;60;20200616;190000;8138.0000000;8179.0000000;8103.0000000;8125.0000000;220
SPFB.HYDR-9.20;60;20200616;200000;8056.0000000;8367.0000000;8055.0000000;8301.0000000;439
SPFB.HYDR-9.20;60;20200616;210000;8300.0000000;8354.0000000;8280.0000000;8296.0000000;26
SPFB.HYDR-9.20;60;20200616;220000;8299.0000000;8370.0000000;8299.0000000;8370.0000000;63
SPFB.HYDR-9.20;60;20200616;230000;8368.0000000;8382.0000000;8296.0000000;8335.0000000;153
SPFB.HYDR-9.20;60;20200617;000000;8355.0000000;8390.0000000;8350.0000000;8389.0000000;203
SPFB.HYDR-9.20;60;20200617;110000;8347.0000000;8389.0000000;8274.0000000;8316.0000000;568
SPFB.HYDR-9.20;60;20200617;120000;8316.0000000;8325.0000000;8261.0000000;8307.0000000;140
SPFB.HYDR-9.20;60;20200617;130000;8252.0000000;8353.0000000;8171.0000000;8319.0000000;3111
SPFB.HYDR-9.20;60;20200617;140000;8288.0000000;8437.0000000;8214.0000000;8254.0000000;4408
SPFB.HYDR-9.20;60;20200617;150000;8254.0000000;8367.0000000;8243.0000000;8293.0000000;3233
SPFB.HYDR-9.20;60;20200617;160000;8311.0000000;8311.0000000;8207.0000000;8257.0000000;2111
SPFB.HYDR-9.20;60;20200617;170000;8236.0000000;8295.0000000;8235.0000000;8291.0000000;612
SPFB.HYDR-9.20;60;20200617;180000;8275.0000000;8296.0000000;8260.0000000;8265.0000000;1618
SPFB.HYDR-9.20;60;20200617;190000;8265.0000000;8271.0000000;8231.0000000;8237.0000000;515
SPFB.HYDR-9.20;60;20200617;200000;8212.0000000;8216.0000000;8212.0000000;8216.0000000;28
SPFB.HYDR-9.20;60;20200617;210000;8212.0000000;8245.0000000;8207.0000000;8230.0000000;44
SPFB.HYDR-9.20;60;20200617;220000;8239.0000000;8239.0000000;8203.0000000;8222.0000000;42
SPFB.HYDR-9.20;60;20200617;230000;8223.0000000;8225.0000000;8202.0000000;8205.0000000;35
SPFB.HYDR-9.20;60;20200618;000000;8205.0000000;8220.0000000;8103.0000000;8150.0000000;127
SPFB.HYDR-9.20;60;20200618;110000;8198.0000000;8299.0000000;8198.0000000;8299.0000000;468
SPFB.HYDR-9.20;60;20200618;120000;8284.0000000;8295.0000000;8156.0000000;8236.0000000;736
SPFB.HYDR-9.20;60;20200618;130000;8224.0000000;8284.0000000;8212.0000000;8217.0000000;948
SPFB.HYDR-9.20;60;20200618;140000;8211.0000000;8215.0000000;8196.0000000;8204.0000000;159
SPFB.HYDR-9.20;60;20200618;150000;8202.0000000;8207.0000000;8095.0000000;8105.0000000;547
SPFB.HYDR-9.20;60;20200618;160000;8108.0000000;8140.0000000;7960.0000000;8010.0000000;8649
SPFB.HYDR-9.20;60;20200618;170000;8010.0000000;8057.0000000;7987.0000000;8046.0000000;1018
SPFB.HYDR-9.20;60;20200618;180000;8048.0000000;8090.0000000;8047.0000000;8080.0000000;300
SPFB.HYDR-9.20;60;20200618;190000;8075.0000000;8117.0000000;8070.0000000;8101.0000000;244
SPFB.HYDR-9.20;60;20200618;200000;8110.0000000;8126.0000000;8093.0000000;8093.0000000;26
SPFB.HYDR-9.20;60;20200618;210000;8093.0000000;8093.0000000;8053.0000000;8071.0000000;53
SPFB.HYDR-9.20;60;20200618;220000;8071.0000000;8082.0000000;8071.0000000;8081.0000000;6
SPFB.HYDR-9.20;60;20200618;230000;8063.0000000;8075.0000000;8058.0000000;8058.0000000;23
SPFB.HYDR-9.20;60;20200619;000000;8078.0000000;8127.0000000;8078.0000000;8127.0000000;59
SPFB.HYDR-9.20;60;20200619;110000;8129.0000000;8185.0000000;8129.0000000;8151.0000000;667
SPFB.HYDR-9.20;60;20200619;120000;8142.0000000;8142.0000000;8085.0000000;8101.0000000;222
SPFB.HYDR-9.20;60;20200619;130000;8099.0000000;8124.0000000;8091.0000000;8124.0000000;101
SPFB.HYDR-9.20;60;20200619;140000;8120.0000000;8120.0000000;8057.0000000;8071.0000000;270
SPFB.HYDR-9.20;60;20200619;150000;8065.0000000;8083.0000000;8056.0000000;8078.0000000;275
SPFB.HYDR-9.20;60;20200619;160000;8078.0000000;8085.0000000;8072.0000000;8081.0000000;46
SPFB.HYDR-9.20;60;20200619;170000;8088.0000000;8097.0000000;8062.0000000;8070.0000000;325
SPFB.HYDR-9.20;60;20200619;180000;8070.0000000;8080.0000000;8020.0000000;8024.0000000;333
SPFB.HYDR-9.20;60;20200619;190000;8023.0000000;8039.0000000;7962.0000000;7979.0000000;614
SPFB.HYDR-9.20;60;20200619;200000;7959.0000000;8031.0000000;7949.0000000;7949.0000000;369
SPFB.HYDR-9.20;60;20200619;210000;7947.0000000;7947.0000000;7930.0000000;7941.0000000;31
SPFB.HYDR-9.20;60;20200619;220000;7947.0000000;7950.0000000;7938.0000000;7939.0000000;71
SPFB.HYDR-9.20;60;20200619;230000;7940.0000000;7940.0000000;7936.0000000;7939.0000000;123
SPFB.HYDR-9.20;60;20200620;000000;7934.0000000;7939.0000000;7932.0000000;7938.0000000;10
SPFB.HYDR-9.20;60;20200622;110000;7949.0000000;8057.0000000;7929.0000000;8035.0000000;1674
SPFB.HYDR-9.20;60;20200622;120000;8033.0000000;8044.0000000;7980.0000000;8026.0000000;467
SPFB.HYDR-9.20;60;20200622;130000;8022.0000000;8038.0000000;7981.0000000;7986.0000000;144
SPFB.HYDR-9.20;60;20200622;140000;7986.0000000;7986.0000000;7930.0000000;7943.0000000;347
SPFB.HYDR-9.20;60;20200622;150000;7949.0000000;7998.0000000;7930.0000000;7983.0000000;248
SPFB.HYDR-9.20;60;20200622;160000;7976.0000000;7982.0000000;7946.0000000;7946.0000000;84
SPFB.HYDR-9.20;60;20200622;170000;7949.0000000;7995.0000000;7945.0000000;7995.0000000;132
SPFB.HYDR-9.20;60;20200622;180000;7993.0000000;8035.0000000;7989.0000000;8010.0000000;261
SPFB.HYDR-9.20;60;20200622;190000;8015.0000000;8025.0000000;8009.0000000;8022.0000000;136
SPFB.HYDR-9.20;60;20200622;200000;8026.0000000;8085.0000000;7940.0000000;8034.0000000;158
SPFB.HYDR-9.20;60;20200622;210000;8047.0000000;8074.0000000;8030.0000000;8050.0000000;52
SPFB.HYDR-9.20;60;20200622;220000;8046.0000000;8074.0000000;8046.0000000;8065.0000000;62
SPFB.HYDR-9.20;60;20200622;230000;8057.0000000;8079.0000000;8057.0000000;8073.0000000;193
SPFB.HYDR-9.20;60;20200623;000000;8068.0000000;8068.0000000;8054.0000000;8054.0000000;10
SPFB.HYDR-9.20;60;20200623;110000;8090.0000000;8127.0000000;8032.0000000;8043.0000000;935
SPFB.HYDR-9.20;60;20200623;120000;8011.0000000;8028.0000000;7942.0000000;7942.0000000;500
SPFB.HYDR-9.20;60;20200623;130000;7944.0000000;7980.0000000;7940.0000000;7970.0000000;223
SPFB.HYDR-9.20;60;20200623;140000;7970.0000000;7979.0000000;7952.0000000;7952.0000000;221
SPFB.HYDR-9.20;60;20200623;150000;7953.0000000;7953.0000000;7888.0000000;7948.0000000;416
SPFB.HYDR-9.20;60;20200623;160000;7941.0000000;7951.0000000;7940.0000000;7949.0000000;87
SPFB.HYDR-9.20;60;20200623;170000;7949.0000000;7949.0000000;7910.0000000;7940.0000000;239
SPFB.HYDR-9.20;60;20200623;180000;7919.0000000;7984.0000000;7902.0000000;7978.0000000;616
SPFB.HYDR-9.20;60;20200623;190000;7978.0000000;7992.0000000;7937.0000000;7958.0000000;264
SPFB.HYDR-9.20;60;20200623;200000;7949.0000000;7949.0000000;7898.0000000;7947.0000000;41
SPFB.HYDR-9.20;60;20200623;210000;7934.0000000;7995.0000000;7922.0000000;7943.0000000;107
SPFB.HYDR-9.20;60;20200623;220000;7949.0000000;7959.0000000;7927.0000000;7946.0000000;143
SPFB.HYDR-9.20;60;20200623;230000;7953.0000000;7953.0000000;7938.0000000;7938.0000000;35
SPFB.HYDR-9.20;60;20200624;000000;7938.0000000;7938.0000000;7901.0000000;7927.0000000;72
SPFB.HYDR-9.20;60;20200625;110000;7900.0000000;7900.0000000;7660.0000000;7739.0000000;1103
SPFB.HYDR-9.20;60;20200625;120000;7738.0000000;7756.0000000;7721.0000000;7753.0000000;863
SPFB.HYDR-9.20;60;20200625;130000;7753.0000000;7755.0000000;7645.0000000;7645.0000000;1658
SPFB.HYDR-9.20;60;20200625;140000;7649.0000000;7692.0000000;7649.0000000;7677.0000000;169
SPFB.HYDR-9.20;60;20200625;150000;7670.0000000;7675.0000000;7635.0000000;7654.0000000;199
SPFB.HYDR-9.20;60;20200625;160000;7652.0000000;7672.0000000;7603.0000000;7626.0000000;654
SPFB.HYDR-9.20;60;20200625;170000;7623.0000000;7649.0000000;7614.0000000;7628.0000000;173
SPFB.HYDR-9.20;60;20200625;180000;7639.0000000;7647.0000000;7578.0000000;7578.0000000;577
SPFB.HYDR-9.20;60;20200625;190000;7580.0000000;7600.0000000;7523.0000000;7538.0000000;1132
SPFB.HYDR-9.20;60;20200625;200000;7559.0000000;7559.0000000;7535.0000000;7552.0000000;152
SPFB.HYDR-9.20;60;20200625;210000;7552.0000000;7557.0000000;7542.0000000;7557.0000000;37
SPFB.HYDR-9.20;60;20200625;220000;7544.0000000;7545.0000000;7542.0000000;7543.0000000;35
SPFB.HYDR-9.20;60;20200625;230000;7544.0000000;7573.0000000;7544.0000000;7568.0000000;127
SPFB.HYDR-9.20;60;20200626;000000;7572.0000000;7590.0000000;7561.0000000;7561.0000000;95
SPFB.HYDR-9.20;60;20200626;110000;7573.0000000;7593.0000000;7482.0000000;7498.0000000;1368
SPFB.HYDR-9.20;60;20200626;120000;7501.0000000;7507.0000000;7403.0000000;7500.0000000;2026
SPFB.HYDR-9.20;60;20200626;130000;7497.0000000;7509.0000000;7458.0000000;7480.0000000;205
SPFB.HYDR-9.20;60;20200626;140000;7476.0000000;7483.0000000;7204.0000000;7378.0000000;7746
SPFB.HYDR-9.20;60;20200626;150000;7366.0000000;7516.0000000;7351.0000000;7430.0000000;3125
SPFB.HYDR-9.20;60;20200626;160000;7436.0000000;7469.0000000;7417.0000000;7438.0000000;505
SPFB.HYDR-9.20;60;20200626;170000;7436.0000000;7466.0000000;7411.0000000;7415.0000000;693
SPFB.HYDR-9.20;60;20200626;180000;7409.0000000;7412.0000000;7330.0000000;7364.0000000;1124
SPFB.HYDR-9.20;60;20200626;190000;7362.0000000;7363.0000000;7252.0000000;7286.0000000;1195
SPFB.HYDR-9.20;60;20200626;200000;7230.0000000;7357.0000000;7230.0000000;7329.0000000;253
SPFB.HYDR-9.20;60;20200626;210000;7325.0000000;7332.0000000;7320.0000000;7330.0000000;59
SPFB.HYDR-9.20;60;20200626;220000;7331.0000000;7338.0000000;7307.0000000;7308.0000000;213
SPFB.HYDR-9.20;60;20200626;230000;7308.0000000;7324.0000000;7303.0000000;7303.0000000;40
SPFB.HYDR-9.20;60;20200627;000000;7304.0000000;7319.0000000;7292.0000000;7319.0000000;41
SPFB.HYDR-9.20;60;20200629;110000;7282.0000000;7429.0000000;7280.0000000;7351.0000000;1216
SPFB.HYDR-9.20;60;20200629;120000;7341.0000000;7341.0000000;7244.0000000;7338.0000000;1117
SPFB.HYDR-9.20;60;20200629;130000;7343.0000000;7360.0000000;7312.0000000;7359.0000000;653
SPFB.HYDR-9.20;60;20200629;140000;7360.0000000;7374.0000000;7327.0000000;7347.0000000;615
SPFB.HYDR-9.20;60;20200629;150000;7332.0000000;7400.0000000;7328.0000000;7384.0000000;115
SPFB.HYDR-9.20;60;20200629;160000;7385.0000000;7414.0000000;7379.0000000;7386.0000000;252
SPFB.HYDR-9.20;60;20200629;170000;7398.0000000;7400.0000000;7326.0000000;7365.0000000;377
SPFB.HYDR-9.20;60;20200629;180000;7361.0000000;7416.0000000;7338.0000000;7410.0000000;327
SPFB.HYDR-9.20;60;20200629;190000;7410.0000000;7417.0000000;7381.0000000;7415.0000000;112
SPFB.HYDR-9.20;60;20200629;200000;7361.0000000;7469.0000000;7340.0000000;7434.0000000;529
SPFB.HYDR-9.20;60;20200629;210000;7422.0000000;7436.0000000;7415.0000000;7431.0000000;50
SPFB.HYDR-9.20;60;20200629;220000;7415.0000000;7435.0000000;7414.0000000;7432.0000000;26
SPFB.HYDR-9.20;60;20200629;230000;7410.0000000;7419.0000000;7401.0000000;7416.0000000;122
SPFB.HYDR-9.20;60;20200630;000000;7414.0000000;7440.0000000;7414.0000000;7440.0000000;15
SPFB.HYDR-9.20;60;20200630;110000;7430.0000000;7522.0000000;7424.0000000;7498.0000000;1642
SPFB.HYDR-9.20;60;20200630;120000;7498.0000000;7561.0000000;7485.0000000;7555.0000000;684
SPFB.HYDR-9.20;60;20200630;130000;7541.0000000;7551.0000000;7500.0000000;7512.0000000;520
SPFB.HYDR-9.20;60;20200630;140000;7510.0000000;7535.0000000;7460.0000000;7460.0000000;386
SPFB.HYDR-9.20;60;20200630;150000;7453.0000000;7499.0000000;7415.0000000;7480.0000000;283
SPFB.HYDR-9.20;60;20200630;160000;7463.0000000;7465.0000000;7411.0000000;7431.0000000;393
SPFB.HYDR-9.20;60;20200630;170000;7432.0000000;7459.0000000;7358.0000000;7365.0000000;423
SPFB.HYDR-9.20;60;20200630;180000;7397.0000000;7398.0000000;7165.0000000;7187.0000000;3204
SPFB.HYDR-9.20;60;20200630;190000;7177.0000000;7200.0000000;7050.0000000;7118.0000000;5535
SPFB.HYDR-9.20;60;20200630;200000;7144.0000000;7150.0000000;7100.0000000;7121.0000000;360
SPFB.HYDR-9.20;60;20200630;210000;7122.0000000;7150.0000000;7114.0000000;7149.0000000;196
SPFB.HYDR-9.20;60;20200630;220000;7149.0000000;7161.0000000;7121.0000000;7137.0000000;515
SPFB.HYDR-9.20;60;20200630;230000;7138.0000000;7155.0000000;7130.0000000;7155.0000000;66
SPFB.HYDR-9.20;60;20200701;000000;7156.0000000;7167.0000000;7150.0000000;7161.0000000;183
SPFB.HYDR-9.20;60;20200702;110000;7168.0000000;7532.0000000;7168.0000000;7466.0000000;4638
SPFB.HYDR-9.20;60;20200702;120000;7454.0000000;7556.0000000;7418.0000000;7480.0000000;3790
SPFB.HYDR-9.20;60;20200702;130000;7485.0000000;7540.0000000;7474.0000000;7522.0000000;1312
SPFB.HYDR-9.20;60;20200702;140000;7521.0000000;7534.0000000;7492.0000000;7509.0000000;582
SPFB.HYDR-9.20;60;20200702;150000;7508.0000000;7520.0000000;7487.0000000;7503.0000000;720
SPFB.HYDR-9.20;60;20200702;160000;7500.0000000;7554.0000000;7490.0000000;7531.0000000;589
SPFB.HYDR-9.20;60;20200702;170000;7530.0000000;7544.0000000;7507.0000000;7534.0000000;328
SPFB.HYDR-9.20;60;20200702;180000;7520.0000000;7524.0000000;7451.0000000;7463.0000000;308
SPFB.HYDR-9.20;60;20200702;190000;7480.0000000;7550.0000000;7480.0000000;7529.0000000;573
SPFB.HYDR-9.20;60;20200702;200000;7514.0000000;7550.0000000;7500.0000000;7523.0000000;78
SPFB.HYDR-9.20;60;20200702;210000;7522.0000000;7523.0000000;7514.0000000;7514.0000000;672
SPFB.HYDR-9.20;60;20200702;220000;7517.0000000;7518.0000000;7500.0000000;7511.0000000;234
SPFB.HYDR-9.20;60;20200702;230000;7510.0000000;7518.0000000;7510.0000000;7518.0000000;91
SPFB.HYDR-9.20;60;20200703;000000;7511.0000000;7518.0000000;7505.0000000;7517.0000000;190
SPFB.HYDR-9.20;60;20200703;110000;7518.0000000;7538.0000000;7421.0000000;7464.0000000;4293
SPFB.HYDR-9.20;60;20200703;120000;7472.0000000;7538.0000000;7472.0000000;7512.0000000;1022
SPFB.HYDR-9.20;60;20200703;130000;7520.0000000;7525.0000000;7492.0000000;7504.0000000;449
SPFB.HYDR-9.20;60;20200703;140000;7496.0000000;7496.0000000;7451.0000000;7478.0000000;1648
SPFB.HYDR-9.20;60;20200703;150000;7478.0000000;7483.0000000;7445.0000000;7476.0000000;913
SPFB.HYDR-9.20;60;20200703;160000;7482.0000000;7542.0000000;7482.0000000;7484.0000000;477
SPFB.HYDR-9.20;60;20200703;170000;7498.0000000;7529.0000000;7498.0000000;7529.0000000;219
SPFB.HYDR-9.20;60;20200703;180000;7528.0000000;7533.0000000;7510.0000000;7523.0000000;281
SPFB.HYDR-9.20;60;20200703;190000;7532.0000000;7538.0000000;7512.0000000;7537.0000000;265
SPFB.HYDR-9.20;60;20200703;200000;7543.0000000;7594.0000000;7533.0000000;7570.0000000;429
SPFB.HYDR-9.20;60;20200703;210000;7566.0000000;7599.0000000;7550.0000000;7581.0000000;167
SPFB.HYDR-9.20;60;20200703;220000;7577.0000000;7581.0000000;7567.0000000;7579.0000000;31
SPFB.HYDR-9.20;60;20200703;230000;7567.0000000;7580.0000000;7567.0000000;7576.0000000;112
SPFB.HYDR-9.20;60;20200704;000000;7576.0000000;7584.0000000;7575.0000000;7575.0000000;37
SPFB.HYDR-9.20;60;20200706;110000;7600.0000000;7767.0000000;7597.0000000;7745.0000000;1969
SPFB.HYDR-9.20;60;20200706;120000;7755.0000000;7755.0000000;7670.0000000;7681.0000000;871
SPFB.HYDR-9.20;60;20200706;130000;7685.0000000;7685.0000000;7609.0000000;7660.0000000;1004
SPFB.HYDR-9.20;60;20200706;140000;7657.0000000;7673.0000000;7635.0000000;7666.0000000;264
SPFB.HYDR-9.20;60;20200706;150000;7670.0000000;7695.0000000;7667.0000000;7671.0000000;128
SPFB.HYDR-9.20;60;20200706;160000;7678.0000000;7688.0000000;7655.0000000;7655.0000000;256
SPFB.HYDR-9.20;60;20200706;170000;7657.0000000;7672.0000000;7657.0000000;7666.0000000;74
SPFB.HYDR-9.20;60;20200706;180000;7661.0000000;7661.0000000;7597.0000000;7624.0000000;2517
SPFB.HYDR-9.20;60;20200706;190000;7616.0000000;7658.0000000;7607.0000000;7640.0000000;864
SPFB.HYDR-9.20;60;20200706;200000;7608.0000000;7669.0000000;7607.0000000;7614.0000000;206
SPFB.HYDR-9.20;60;20200706;210000;7608.0000000;7620.0000000;7605.0000000;7605.0000000;48
SPFB.HYDR-9.20;60;20200706;220000;7608.0000000;7608.0000000;7601.0000000;7603.0000000;69
SPFB.HYDR-9.20;60;20200706;230000;7600.0000000;7619.0000000;7600.0000000;7607.0000000;70
SPFB.HYDR-9.20;60;20200707;000000;7615.0000000;7636.0000000;7615.0000000;7630.0000000;61
SPFB.HYDR-9.20;60;20200707;110000;7641.0000000;7688.0000000;7340.0000000;7576.0000000;2064
SPFB.HYDR-9.20;60;20200707;120000;7579.0000000;7635.0000000;7565.0000000;7619.0000000;223
SPFB.HYDR-9.20;60;20200707;130000;7601.0000000;7606.0000000;7542.0000000;7567.0000000;188
SPFB.HYDR-9.20;60;20200707;140000;7567.0000000;7573.0000000;7541.0000000;7559.0000000;179
SPFB.HYDR-9.20;60;20200707;150000;7562.0000000;7578.0000000;7560.0000000;7578.0000000;26
SPFB.HYDR-9.20;60;20200707;160000;7563.0000000;7563.0000000;7540.0000000;7550.0000000;110
SPFB.HYDR-9.20;60;20200707;170000;7535.0000000;7535.0000000;7447.0000000;7486.0000000;1167
SPFB.HYDR-9.20;60;20200707;180000;7491.0000000;7525.0000000;7430.0000000;7446.0000000;399
SPFB.HYDR-9.20;60;20200707;190000;7435.0000000;7457.0000000;7387.0000000;7395.0000000;1239
SPFB.HYDR-9.20;60;20200707;200000;7405.0000000;7405.0000000;7385.0000000;7405.0000000;80
SPFB.HYDR-9.20;60;20200707;210000;7405.0000000;7405.0000000;7402.0000000;7402.0000000;39
SPFB.HYDR-9.20;60;20200707;220000;7400.0000000;7400.0000000;7384.0000000;7389.0000000;49
SPFB.HYDR-9.20;60;20200707;230000;7399.0000000;7399.0000000;7350.0000000;7385.0000000;360
SPFB.HYDR-9.20;60;20200708;000000;7394.0000000;7404.0000000;7386.0000000;7404.0000000;38
SPFB.HYDR-9.20;60;20200708;110000;7404.0000000;7405.0000000;7312.0000000;7362.0000000;1190
SPFB.HYDR-9.20;60;20200708;120000;7358.0000000;7505.0000000;7358.0000000;7482.0000000;1013
SPFB.HYDR-9.20;60;20200708;130000;7471.0000000;7471.0000000;7410.0000000;7445.0000000;261
SPFB.HYDR-9.20;60;20200708;140000;7438.0000000;7441.0000000;7415.0000000;7427.0000000;114
SPFB.HYDR-9.20;60;20200708;150000;7441.0000000;7522.0000000;7441.0000000;7510.0000000;430
SPFB.HYDR-9.20;60;20200708;160000;7510.0000000;7516.0000000;7478.0000000;7480.0000000;395
SPFB.HYDR-9.20;60;20200708;170000;7487.0000000;7521.0000000;7480.0000000;7504.0000000;473
SPFB.HYDR-9.20;60;20200708;180000;7505.0000000;7561.0000000;7499.0000000;7561.0000000;298
SPFB.HYDR-9.20;60;20200708;190000;7563.0000000;7594.0000000;7534.0000000;7575.0000000;1175
SPFB.HYDR-9.20;60;20200708;200000;7590.0000000;7635.0000000;7572.0000000;7577.0000000;107
SPFB.HYDR-9.20;60;20200708;210000;7573.0000000;7584.0000000;7572.0000000;7575.0000000;22
SPFB.HYDR-9.20;60;20200708;220000;7575.0000000;7580.0000000;7572.0000000;7572.0000000;125
SPFB.HYDR-9.20;60;20200708;230000;7576.0000000;7586.0000000;7555.0000000;7586.0000000;133
SPFB.HYDR-9.20;60;20200709;000000;7575.0000000;7590.0000000;7573.0000000;7590.0000000;35
SPFB.HYDR-9.20;60;20200709;110000;7584.0000000;7609.0000000;7505.0000000;7523.0000000;1061
SPFB.HYDR-9.20;60;20200709;120000;7535.0000000;7540.0000000;7480.0000000;7490.0000000;328
SPFB.HYDR-9.20;60;20200709;130000;7498.0000000;7611.0000000;7498.0000000;7600.0000000;1654
SPFB.HYDR-9.20;60;20200709;140000;7596.0000000;7604.0000000;7570.0000000;7588.0000000;226
SPFB.HYDR-9.20;60;20200709;150000;7586.0000000;7599.0000000;7562.0000000;7562.0000000;204
SPFB.HYDR-9.20;60;20200709;160000;7561.0000000;7585.0000000;7560.0000000;7585.0000000;129
SPFB.HYDR-9.20;60;20200709;170000;7578.0000000;7590.0000000;7562.0000000;7576.0000000;114
SPFB.HYDR-9.20;60;20200709;180000;7576.0000000;7585.0000000;7394.0000000;7394.0000000;1346
SPFB.HYDR-9.20;60;20200709;190000;7392.0000000;7407.0000000;7314.0000000;7354.0000000;1037
SPFB.HYDR-9.20;60;20200709;200000;7365.0000000;7421.0000000;7355.0000000;7418.0000000;198
SPFB.HYDR-9.20;60;20200709;210000;7420.0000000;7426.0000000;7406.0000000;7426.0000000;61
SPFB.HYDR-9.20;60;20200709;220000;7425.0000000;7425.0000000;7421.0000000;7422.0000000;32
SPFB.HYDR-9.20;60;20200709;230000;7421.0000000;7438.0000000;7408.0000000;7414.0000000;197
SPFB.HYDR-9.20;60;20200710;000000;7424.0000000;7429.0000000;7402.0000000;7429.0000000;46
SPFB.HYDR-9.20;60;20200710;110000;7361.0000000;7426.0000000;7337.0000000;7426.0000000;555
SPFB.HYDR-9.20;60;20200710;120000;7418.0000000;7435.0000000;7395.0000000;7404.0000000;353
SPFB.HYDR-9.20;60;20200710;130000;7408.0000000;7410.0000000;7383.0000000;7383.0000000;47
SPFB.HYDR-9.20;60;20200710;140000;7388.0000000;7415.0000000;7387.0000000;7405.0000000;103
SPFB.HYDR-9.20;60;20200710;150000;7415.0000000;7432.0000000;7411.0000000;7416.0000000;55
SPFB.HYDR-9.20;60;20200710;160000;7414.0000000;7424.0000000;7397.0000000;7423.0000000;189
SPFB.HYDR-9.20;60;20200710;170000;7428.0000000;7463.0000000;7428.0000000;7439.0000000;121
SPFB.HYDR-9.20;60;20200710;180000;7422.0000000;7433.0000000;7407.0000000;7420.0000000;270
SPFB.HYDR-9.20;60;20200710;190000;7415.0000000;7426.0000000;7405.0000000;7419.0000000;167
SPFB.HYDR-9.20;60;20200710;200000;7418.0000000;7440.0000000;7418.0000000;7431.0000000;68
SPFB.HYDR-9.20;60;20200710;210000;7430.0000000;7441.0000000;7430.0000000;7441.0000000;38
SPFB.HYDR-9.20;60;20200710;220000;7449.0000000;7455.0000000;7435.0000000;7455.0000000;45
SPFB.HYDR-9.20;60;20200710;230000;7433.0000000;7453.0000000;7432.0000000;7451.0000000;113
SPFB.HYDR-9.20;60;20200711;000000;7449.0000000;7470.0000000;7448.0000000;7470.0000000;95
SPFB.HYDR-9.20;60;20200713;110000;7470.0000000;7537.0000000;7470.0000000;7480.0000000;606
SPFB.HYDR-9.20;60;20200713;120000;7460.0000000;7476.0000000;7395.0000000;7395.0000000;386
SPFB.HYDR-9.20;60;20200713;130000;7405.0000000;7426.0000000;7405.0000000;7410.0000000;93
SPFB.HYDR-9.20;60;20200713;140000;7425.0000000;7431.0000000;7369.0000000;7431.0000000;286
SPFB.HYDR-9.20;60;20200713;150000;7438.0000000;7450.0000000;7417.0000000;7435.0000000;191
SPFB.HYDR-9.20;60;20200713;160000;7438.0000000;7451.0000000;7438.0000000;7451.0000000;25
SPFB.HYDR-9.20;60;20200713;170000;7460.0000000;7493.0000000;7459.0000000;7463.0000000;54
SPFB.HYDR-9.20;60;20200713;180000;7461.0000000;7489.0000000;7452.0000000;7476.0000000;141
SPFB.HYDR-9.20;60;20200713;190000;7470.0000000;7472.0000000;7442.0000000;7457.0000000;150
SPFB.HYDR-9.20;60;20200713;200000;7457.0000000;7463.0000000;7446.0000000;7454.0000000;72
SPFB.HYDR-9.20;60;20200713;210000;7463.0000000;7470.0000000;7450.0000000;7456.0000000;27
SPFB.HYDR-9.20;60;20200713;220000;7456.0000000;7456.0000000;7416.0000000;7421.0000000;215
SPFB.HYDR-9.20;60;20200713;230000;7424.0000000;7429.0000000;7377.0000000;7385.0000000;223
SPFB.HYDR-9.20;60;20200714;000000;7384.0000000;7388.0000000;7349.0000000;7383.0000000;113
SPFB.HYDR-9.20;60;20200714;110000;7400.0000000;7410.0000000;7219.0000000;7249.0000000;1098
SPFB.HYDR-9.20;60;20200714;120000;7236.0000000;7288.0000000;7225.0000000;7230.0000000;344
SPFB.HYDR-9.20;60;20200714;130000;7226.0000000;7277.0000000;7214.0000000;7272.0000000;139
SPFB.HYDR-9.20;60;20200714;140000;7271.0000000;7274.0000000;7235.0000000;7245.0000000;132
SPFB.HYDR-9.20;60;20200714;150000;7258.0000000;7262.0000000;7214.0000000;7215.0000000;316
SPFB.HYDR-9.20;60;20200714;160000;7210.0000000;7229.0000000;7177.0000000;7177.0000000;325
SPFB.HYDR-9.20;60;20200714;170000;7194.0000000;7310.0000000;7194.0000000;7274.0000000;1421
SPFB.HYDR-9.20;60;20200714;180000;7265.0000000;7311.0000000;7262.0000000;7309.0000000;605
SPFB.HYDR-9.20;60;20200714;190000;7313.0000000;7335.0000000;7287.0000000;7303.0000000;391
SPFB.HYDR-9.20;60;20200714;200000;7319.0000000;7330.0000000;7298.0000000;7307.0000000;64
SPFB.HYDR-9.20;60;20200714;210000;7307.0000000;7316.0000000;7295.0000000;7315.0000000;110
SPFB.HYDR-9.20;60;20200714;220000;7311.0000000;7319.0000000;7297.0000000;7318.0000000;82
SPFB.HYDR-9.20;60;20200714;230000;7316.0000000;7347.0000000;7316.0000000;7327.0000000;71
SPFB.HYDR-9.20;60;20200715;000000;7328.0000000;7336.0000000;7326.0000000;7326.0000000;11
SPFB.HYDR-9.20;60;20200715;110000;7302.0000000;7395.0000000;7302.0000000;7377.0000000;2014
SPFB.HYDR-9.20;60;20200715;120000;7379.0000000;7401.0000000;7350.0000000;7361.0000000;790
SPFB.HYDR-9.20;60;20200715;130000;7364.0000000;7381.0000000;7345.0000000;7381.0000000;109
SPFB.HYDR-9.20;60;20200715;140000;7374.0000000;7410.0000000;7374.0000000;7405.0000000;554
SPFB.HYDR-9.20;60;20200715;150000;7394.0000000;7425.0000000;7390.0000000;7394.0000000;294
SPFB.HYDR-9.20;60;20200715;160000;7397.0000000;7397.0000000;7351.0000000;7377.0000000;528
SPFB.HYDR-9.20;60;20200715;170000;7385.0000000;7387.0000000;7327.0000000;7327.0000000;430
SPFB.HYDR-9.20;60;20200715;180000;7325.0000000;7330.0000000;7265.0000000;7277.0000000;508
SPFB.HYDR-9.20;60;20200715;190000;7256.0000000;7281.0000000;7235.0000000;7257.0000000;394
SPFB.HYDR-9.20;60;20200715;200000;7294.0000000;7294.0000000;7231.0000000;7290.0000000;141
SPFB.HYDR-9.20;60;20200715;210000;7290.0000000;7311.0000000;7285.0000000;7305.0000000;87
SPFB.HYDR-9.20;60;20200715;220000;7306.0000000;7317.0000000;7297.0000000;7302.0000000;127
SPFB.HYDR-9.20;60;20200715;230000;7303.0000000;7316.0000000;7289.0000000;7299.0000000;86
SPFB.HYDR-9.20;60;20200716;000000;7299.0000000;7299.0000000;7273.0000000;7281.0000000;31
SPFB.HYDR-9.20;60;20200716;110000;7254.0000000;7276.0000000;7216.0000000;7254.0000000;586
SPFB.HYDR-9.20;60;20200716;120000;7260.0000000;7276.0000000;7216.0000000;7244.0000000;81
SPFB.HYDR-9.20;60;20200716;130000;7241.0000000;7263.0000000;7237.0000000;7250.0000000;103
SPFB.HYDR-9.20;60;20200716;140000;7254.0000000;7296.0000000;7248.0000000;7296.0000000;108
SPFB.HYDR-9.20;60;20200716;150000;7293.0000000;7305.0000000;7282.0000000;7299.0000000;83
SPFB.HYDR-9.20;60;20200716;160000;7288.0000000;7290.0000000;7263.0000000;7280.0000000;116
SPFB.HYDR-9.20;60;20200716;170000;7274.0000000;7293.0000000;7269.0000000;7288.0000000;211
SPFB.HYDR-9.20;60;20200716;180000;7286.0000000;7305.0000000;7262.0000000;7288.0000000;569
SPFB.HYDR-9.20;60;20200716;190000;7283.0000000;7311.0000000;7275.0000000;7295.0000000;402
SPFB.HYDR-9.20;60;20200716;200000;7276.0000000;7300.0000000;7275.0000000;7300.0000000;30
SPFB.HYDR-9.20;60;20200716;210000;7293.0000000;7300.0000000;7293.0000000;7297.0000000;3
SPFB.HYDR-9.20;60;20200716;220000;7292.0000000;7300.0000000;7292.0000000;7293.0000000;9
SPFB.HYDR-9.20;60;20200716;230000;7287.0000000;7294.0000000;7287.0000000;7294.0000000;8
SPFB.HYDR-9.20;60;20200717;000000;7290.0000000;7292.0000000;7282.0000000;7292.0000000;15
SPFB.HYDR-9.20;60;20200717;110000;7287.0000000;7306.0000000;7268.0000000;7275.0000000;304
SPFB.HYDR-9.20;60;20200717;120000;7274.0000000;7313.0000000;7274.0000000;7304.0000000;160
SPFB.HYDR-9.20;60;20200717;130000;7295.0000000;7319.0000000;7295.0000000;7313.0000000;72
SPFB.HYDR-9.20;60;20200717;140000;7309.0000000;7330.0000000;7301.0000000;7322.0000000;111
SPFB.HYDR-9.20;60;20200717;150000;7326.0000000;7341.0000000;7324.0000000;7333.0000000;198
SPFB.HYDR-9.20;60;20200717;160000;7340.0000000;7349.0000000;7328.0000000;7332.0000000;38
SPFB.HYDR-9.20;60;20200717;170000;7324.0000000;7335.0000000;7285.0000000;7294.0000000;165
SPFB.HYDR-9.20;60;20200717;180000;7296.0000000;7308.0000000;7290.0000000;7308.0000000;130
SPFB.HYDR-9.20;60;20200717;190000;7309.0000000;7360.0000000;7308.0000000;7321.0000000;409
SPFB.HYDR-9.20;60;20200717;200000;7312.0000000;7346.0000000;7311.0000000;7332.0000000;32
SPFB.HYDR-9.20;60;20200717;210000;7320.0000000;7346.0000000;7303.0000000;7336.0000000;49
SPFB.HYDR-9.20;60;20200717;220000;7321.0000000;7321.0000000;7321.0000000;7321.0000000;1
SPFB.HYDR-9.20;60;20200717;230000;7328.0000000;7330.0000000;7328.0000000;7330.0000000;11
SPFB.HYDR-9.20;60;20200718;000000;7338.0000000;7358.0000000;7335.0000000;7358.0000000;51
SPFB.HYDR-9.20;60;20200720;110000;7321.0000000;7329.0000000;7294.0000000;7320.0000000;125
SPFB.HYDR-9.20;60;20200720;120000;7320.0000000;7371.0000000;7305.0000000;7369.0000000;225
SPFB.HYDR-9.20;60;20200720;130000;7360.0000000;7370.0000000;7358.0000000;7358.0000000;94
SPFB.HYDR-9.20;60;20200720;140000;7364.0000000;7372.0000000;7360.0000000;7369.0000000;225
SPFB.HYDR-9.20;60;20200720;150000;7368.0000000;7403.0000000;7366.0000000;7385.0000000;658
SPFB.HYDR-9.20;60;20200720;160000;7383.0000000;7596.0000000;7374.0000000;7517.0000000;1681
SPFB.HYDR-9.20;60;20200720;170000;7525.0000000;7564.0000000;7450.0000000;7466.0000000;778
SPFB.HYDR-9.20;60;20200720;180000;7469.0000000;7485.0000000;7447.0000000;7480.0000000;157
SPFB.HYDR-9.20;60;20200720;190000;7478.0000000;7514.0000000;7474.0000000;7489.0000000;375
SPFB.HYDR-9.20;60;20200720;200000;7487.0000000;7524.0000000;7487.0000000;7505.0000000;292
SPFB.HYDR-9.20;60;20200720;210000;7511.0000000;7525.0000000;7511.0000000;7515.0000000;23
SPFB.HYDR-9.20;60;20200720;220000;7522.0000000;7522.0000000;7518.0000000;7518.0000000;6
SPFB.HYDR-9.20;60;20200720;230000;7518.0000000;7535.0000000;7517.0000000;7535.0000000;61
SPFB.HYDR-9.20;60;20200721;000000;7530.0000000;7542.0000000;7518.0000000;7529.0000000;36
SPFB.HYDR-9.20;60;20200721;110000;7549.0000000;7604.0000000;7484.0000000;7558.0000000;1186
SPFB.HYDR-9.20;60;20200721;120000;7559.0000000;7585.0000000;7548.0000000;7585.0000000;712
SPFB.HYDR-9.20;60;20200721;130000;7589.0000000;7670.0000000;7576.0000000;7647.0000000;965
SPFB.HYDR-9.20;60;20200721;140000;7630.0000000;7697.0000000;7435.0000000;7505.0000000;2653
SPFB.HYDR-9.20;60;20200721;150000;7501.0000000;7532.0000000;7415.0000000;7465.0000000;1669
SPFB.HYDR-9.20;60;20200721;160000;7475.0000000;7491.0000000;7450.0000000;7462.0000000;580
SPFB.HYDR-9.20;60;20200721;170000;7467.0000000;7484.0000000;7453.0000000;7484.0000000;120
SPFB.HYDR-9.20;60;20200721;180000;7472.0000000;7493.0000000;7462.0000000;7493.0000000;130
SPFB.HYDR-9.20;60;20200721;190000;7494.0000000;7546.0000000;7493.0000000;7528.0000000;412
SPFB.HYDR-9.20;60;20200721;200000;7498.0000000;7526.0000000;7475.0000000;7524.0000000;21
SPFB.HYDR-9.20;60;20200721;210000;7515.0000000;7523.0000000;7515.0000000;7520.0000000;13
SPFB.HYDR-9.20;60;20200721;220000;7517.0000000;7517.0000000;7517.0000000;7517.0000000;3
SPFB.HYDR-9.20;60;20200721;230000;7511.0000000;7531.0000000;7466.0000000;7495.0000000;243
SPFB.HYDR-9.20;60;20200722;000000;7498.0000000;7564.0000000;7460.0000000;7460.0000000;48
SPFB.HYDR-9.20;60;20200722;110000;7507.0000000;7526.0000000;7459.0000000;7481.0000000;438
SPFB.HYDR-9.20;60;20200722;120000;7489.0000000;7490.0000000;7436.0000000;7475.0000000;295
SPFB.HYDR-9.20;60;20200722;130000;7472.0000000;7520.0000000;7467.0000000;7520.0000000;259
SPFB.HYDR-9.20;60;20200722;140000;7517.0000000;7517.0000000;7479.0000000;7500.0000000;212
SPFB.HYDR-9.20;60;20200722;150000;7508.0000000;7553.0000000;7508.0000000;7537.0000000;460
SPFB.HYDR-9.20;60;20200722;160000;7549.0000000;7556.0000000;7537.0000000;7553.0000000;98
SPFB.HYDR-9.20;60;20200722;170000;7553.0000000;7555.0000000;7530.0000000;7555.0000000;106
SPFB.HYDR-9.20;60;20200722;180000;7541.0000000;7547.0000000;7460.0000000;7460.0000000;470
SPFB.HYDR-9.20;60;20200722;190000;7456.0000000;7488.0000000;7405.0000000;7427.0000000;534
SPFB.HYDR-9.20;60;20200722;200000;7445.0000000;7462.0000000;7441.0000000;7441.0000000;109
SPFB.HYDR-9.20;60;20200722;210000;7455.0000000;7455.0000000;7441.0000000;7446.0000000;78
SPFB.HYDR-9.20;60;20200722;220000;7454.0000000;7458.0000000;7447.0000000;7447.0000000;157
SPFB.HYDR-9.20;60;20200722;230000;7447.0000000;7449.0000000;7441.0000000;7449.0000000;78
SPFB.HYDR-9.20;60;20200723;000000;7447.0000000;7447.0000000;7420.0000000;7420.0000000;67
SPFB.HYDR-9.20;60;20200723;110000;7448.0000000;7486.0000000;7419.0000000;7440.0000000;786
SPFB.HYDR-9.20;60;20200723;120000;7447.0000000;7475.0000000;7442.0000000;7453.0000000;101
SPFB.HYDR-9.20;60;20200723;130000;7460.0000000;7464.0000000;7440.0000000;7456.0000000;57
SPFB.HYDR-9.20;60;20200723;140000;7455.0000000;7485.0000000;7407.0000000;7442.0000000;324
SPFB.HYDR-9.20;60;20200723;150000;7443.0000000;7447.0000000;7431.0000000;7435.0000000;34
SPFB.HYDR-9.20;60;20200723;160000;7436.0000000;7455.0000000;7407.0000000;7415.0000000;226
SPFB.HYDR-9.20;60;20200723;170000;7411.0000000;7411.0000000;7375.0000000;7409.0000000;394
SPFB.HYDR-9.20;60;20200723;180000;7407.0000000;7420.0000000;7385.0000000;7387.0000000;207
SPFB.HYDR-9.20;60;20200723;190000;7384.0000000;7427.0000000;7384.0000000;7412.0000000;227
SPFB.HYDR-9.20;60;20200723;200000;7400.0000000;7407.0000000;7385.0000000;7392.0000000;20
SPFB.HYDR-9.20;60;20200723;210000;7384.0000000;7403.0000000;7323.0000000;7355.0000000;187
SPFB.HYDR-9.20;60;20200723;220000;7355.0000000;7367.0000000;7303.0000000;7365.0000000;208
SPFB.HYDR-9.20;60;20200723;230000;7367.0000000;7376.0000000;7364.0000000;7364.0000000;35
SPFB.HYDR-9.20;60;20200724;000000;7359.0000000;7375.0000000;7322.0000000;7322.0000000;39
SPFB.HYDR-9.20;60;20200724;110000;7331.0000000;7350.0000000;7280.0000000;7337.0000000;255
SPFB.HYDR-9.20;60;20200724;120000;7324.0000000;7329.0000000;7310.0000000;7315.0000000;200
SPFB.HYDR-9.20;60;20200724;130000;7309.0000000;7321.0000000;7309.0000000;7321.0000000;48
SPFB.HYDR-9.20;60;20200724;140000;7315.0000000;7315.0000000;7110.0000000;7249.0000000;2295
SPFB.HYDR-9.20;60;20200724;150000;7249.0000000;7255.0000000;7151.0000000;7176.0000000;579
SPFB.HYDR-9.20;60;20200724;160000;7175.0000000;7208.0000000;7170.0000000;7180.0000000;426
SPFB.HYDR-9.20;60;20200724;170000;7177.0000000;7177.0000000;7156.0000000;7166.0000000;120
SPFB.HYDR-9.20;60;20200724;180000;7170.0000000;7191.0000000;7160.0000000;7187.0000000;432
SPFB.HYDR-9.20;60;20200724;190000;7185.0000000;7207.0000000;7172.0000000;7194.0000000;326
SPFB.HYDR-9.20;60;20200724;200000;7191.0000000;7218.0000000;7191.0000000;7217.0000000;55
SPFB.HYDR-9.20;60;20200724;210000;7220.0000000;7244.0000000;7210.0000000;7243.0000000;125
SPFB.HYDR-9.20;60;20200724;220000;7247.0000000;7258.0000000;7225.0000000;7240.0000000;353
SPFB.HYDR-9.20;60;20200724;230000;7240.0000000;7245.0000000;7226.0000000;7235.0000000;40
SPFB.HYDR-9.20;60;20200725;000000;7225.0000000;7225.0000000;7211.0000000;7211.0000000;173
SPFB.HYDR-9.20;60;20200727;110000;7233.0000000;7269.0000000;7175.0000000;7186.0000000;1105
SPFB.HYDR-9.20;60;20200727;120000;7182.0000000;7226.0000000;7172.0000000;7191.0000000;386
SPFB.HYDR-9.20;60;20200727;130000;7190.0000000;7209.0000000;7183.0000000;7200.0000000;125
SPFB.HYDR-9.20;60;20200727;140000;7197.0000000;7228.0000000;7193.0000000;7218.0000000;195
SPFB.HYDR-9.20;60;20200727;150000;7217.0000000;7221.0000000;7175.0000000;7187.0000000;167
SPFB.HYDR-9.20;60;20200727;160000;7193.0000000;7200.0000000;7162.0000000;7200.0000000;182
SPFB.HYDR-9.20;60;20200727;170000;7200.0000000;7216.0000000;7192.0000000;7210.0000000;252
SPFB.HYDR-9.20;60;20200727;180000;7210.0000000;7216.0000000;7185.0000000;7201.0000000;122
SPFB.HYDR-9.20;60;20200727;190000;7186.0000000;7187.0000000;7165.0000000;7165.0000000;401
SPFB.HYDR-9.20;60;20200727;200000;7168.0000000;7194.0000000;7168.0000000;7184.0000000;49
SPFB.HYDR-9.20;60;20200727;210000;7194.0000000;7198.0000000;7184.0000000;7191.0000000;55
SPFB.HYDR-9.20;60;20200727;220000;7192.0000000;7197.0000000;7191.0000000;7192.0000000;57
SPFB.HYDR-9.20;60;20200727;230000;7196.0000000;7245.0000000;7196.0000000;7225.0000000;183
SPFB.HYDR-9.20;60;20200728;000000;7210.0000000;7225.0000000;7210.0000000;7214.0000000;13
SPFB.HYDR-9.20;60;20200728;110000;7231.0000000;7244.0000000;7173.0000000;7192.0000000;456
SPFB.HYDR-9.20;60;20200728;120000;7187.0000000;7190.0000000;7168.0000000;7180.0000000;145
SPFB.HYDR-9.20;60;20200728;130000;7175.0000000;7182.0000000;7142.0000000;7172.0000000;241
SPFB.HYDR-9.20;60;20200728;140000;7166.0000000;7168.0000000;7149.0000000;7160.0000000;569
SPFB.HYDR-9.20;60;20200728;150000;7162.0000000;7185.0000000;7158.0000000;7158.0000000;240
SPFB.HYDR-9.20;60;20200728;160000;7158.0000000;7169.0000000;7158.0000000;7163.0000000;64
SPFB.HYDR-9.20;60;20200728;170000;7163.0000000;7184.0000000;7163.0000000;7171.0000000;43
SPFB.HYDR-9.20;60;20200728;180000;7169.0000000;7174.0000000;7165.0000000;7170.0000000;32
SPFB.HYDR-9.20;60;20200728;190000;7171.0000000;7172.0000000;7153.0000000;7160.0000000;124
SPFB.HYDR-9.20;60;20200728;200000;7168.0000000;7209.0000000;7155.0000000;7178.0000000;129
SPFB.HYDR-9.20;60;20200728;210000;7183.0000000;7183.0000000;7171.0000000;7171.0000000;28
SPFB.HYDR-9.20;60;20200728;220000;7175.0000000;7191.0000000;7174.0000000;7190.0000000;155
SPFB.HYDR-9.20;60;20200728;230000;7185.0000000;7190.0000000;7175.0000000;7175.0000000;83
SPFB.HYDR-9.20;60;20200729;000000;7182.0000000;7191.0000000;7180.0000000;7180.0000000;46
SPFB.HYDR-9.20;60;20200729;110000;7192.0000000;7375.0000000;7187.0000000;7375.0000000;2816
SPFB.HYDR-9.20;60;20200729;120000;7383.0000000;7429.0000000;7360.0000000;7397.0000000;2444
SPFB.HYDR-9.20;60;20200729;130000;7399.0000000;7435.0000000;7392.0000000;7415.0000000;623
SPFB.HYDR-9.20;60;20200729;140000;7413.0000000;7460.0000000;7410.0000000;7430.0000000;647
SPFB.HYDR-9.20;60;20200729;150000;7435.0000000;7476.0000000;7426.0000000;7470.0000000;301
SPFB.HYDR-9.20;60;20200729;160000;7470.0000000;7510.0000000;7443.0000000;7496.0000000;1033
SPFB.HYDR-9.20;60;20200729;170000;7506.0000000;7540.0000000;7477.0000000;7533.0000000;586
SPFB.HYDR-9.20;60;20200729;180000;7533.0000000;7598.0000000;7528.0000000;7567.0000000;2438
SPFB.HYDR-9.20;60;20200729;190000;7562.0000000;7599.0000000;7548.0000000;7586.0000000;799
SPFB.HYDR-9.20;60;20200729;200000;7586.0000000;7594.0000000;7579.0000000;7587.0000000;249
SPFB.HYDR-9.20;60;20200729;210000;7586.0000000;7589.0000000;7572.0000000;7573.0000000;248
SPFB.HYDR-9.20;60;20200729;220000;7572.0000000;7597.0000000;7567.0000000;7580.0000000;98
SPFB.HYDR-9.20;60;20200729;230000;7575.0000000;7590.0000000;7569.0000000;7590.0000000;123
SPFB.HYDR-9.20;60;20200730;000000;7589.0000000;7597.0000000;7580.0000000;7595.0000000;43
SPFB.HYDR-9.20;60;20200730;110000;7590.0000000;7645.0000000;7547.0000000;7581.0000000;2270
SPFB.HYDR-9.20;60;20200730;120000;7574.0000000;7574.0000000;7476.0000000;7489.0000000;780
SPFB.HYDR-9.20;60;20200730;130000;7484.0000000;7554.0000000;7476.0000000;7543.0000000;299
SPFB.HYDR-9.20;60;20200730;140000;7544.0000000;7587.0000000;7478.0000000;7495.0000000;667
SPFB.HYDR-9.20;60;20200730;150000;7501.0000000;7545.0000000;7500.0000000;7541.0000000;228
SPFB.HYDR-9.20;60;20200730;160000;7537.0000000;7541.0000000;7477.0000000;7477.0000000;122
SPFB.HYDR-9.20;60;20200730;170000;7476.0000000;7510.0000000;7434.0000000;7451.0000000;345
SPFB.HYDR-9.20;60;20200730;180000;7451.0000000;7478.0000000;7384.0000000;7405.0000000;1545
SPFB.HYDR-9.20;60;20200730;190000;7403.0000000;7444.0000000;7394.0000000;7440.0000000;216
SPFB.HYDR-9.20;60;20200730;200000;7456.0000000;7460.0000000;7427.0000000;7449.0000000;95
SPFB.HYDR-9.20;60;20200730;210000;7459.0000000;7475.0000000;7450.0000000;7451.0000000;187
SPFB.HYDR-9.20;60;20200730;220000;7455.0000000;7462.0000000;7444.0000000;7462.0000000;32
SPFB.HYDR-9.20;60;20200730;230000;7457.0000000;7474.0000000;7455.0000000;7464.0000000;80
SPFB.HYDR-9.20;60;20200731;000000;7460.0000000;7486.0000000;7456.0000000;7479.0000000;73
SPFB.HYDR-9.20;60;20200731;110000;7479.0000000;7546.0000000;7440.0000000;7525.0000000;715
SPFB.HYDR-9.20;60;20200731;120000;7534.0000000;7551.0000000;7492.0000000;7493.0000000;334
SPFB.HYDR-9.20;60;20200731;130000;7490.0000000;7511.0000000;7489.0000000;7497.0000000;95
SPFB.HYDR-9.20;60;20200731;140000;7492.0000000;7512.0000000;7491.0000000;7502.0000000;81
SPFB.HYDR-9.20;60;20200731;150000;7508.0000000;7517.0000000;7497.0000000;7500.0000000;68
SPFB.HYDR-9.20;60;20200731;160000;7507.0000000;7540.0000000;7507.0000000;7519.0000000;110
SPFB.HYDR-9.20;60;20200731;170000;7525.0000000;7525.0000000;7509.0000000;7514.0000000;61
SPFB.HYDR-9.20;60;20200731;180000;7514.0000000;7521.0000000;7444.0000000;7444.0000000;268
SPFB.HYDR-9.20;60;20200731;190000;7444.0000000;7506.0000000;7444.0000000;7480.0000000;146
SPFB.HYDR-9.20;60;20200731;200000;7469.0000000;7481.0000000;7445.0000000;7445.0000000;150
SPFB.HYDR-9.20;60;20200731;210000;7454.0000000;7489.0000000;7454.0000000;7489.0000000;35
SPFB.HYDR-9.20;60;20200731;220000;7476.0000000;7477.0000000;7466.0000000;7466.0000000;6
SPFB.HYDR-9.20;60;20200731;230000;7475.0000000;7507.0000000;7470.0000000;7501.0000000;77
SPFB.HYDR-9.20;60;20200801;000000;7506.0000000;7535.0000000;7497.0000000;7535.0000000;188
SPFB.HYDR-9.20;60;20200803;110000;7520.0000000;7535.0000000;7488.0000000;7514.0000000;584
SPFB.HYDR-9.20;60;20200803;120000;7517.0000000;7579.0000000;7513.0000000;7555.0000000;552
SPFB.HYDR-9.20;60;20200803;130000;7564.0000000;7636.0000000;7564.0000000;7618.0000000;504
SPFB.HYDR-9.20;60;20200803;140000;7627.0000000;7633.0000000;7601.0000000;7610.0000000;281
SPFB.HYDR-9.20;60;20200803;150000;7609.0000000;7655.0000000;7598.0000000;7641.0000000;429
SPFB.HYDR-9.20;60;20200803;160000;7642.0000000;7642.0000000;7610.0000000;7626.0000000;312
SPFB.HYDR-9.20;60;20200803;170000;7630.0000000;7639.0000000;7611.0000000;7613.0000000;119
SPFB.HYDR-9.20;60;20200803;180000;7614.0000000;7614.0000000;7539.0000000;7581.0000000;467
SPFB.HYDR-9.20;60;20200803;190000;7581.0000000;7634.0000000;7563.0000000;7634.0000000;335
SPFB.HYDR-9.20;60;20200803;200000;7569.0000000;7585.0000000;7510.0000000;7560.0000000;346
SPFB.HYDR-9.20;60;20200803;210000;7553.0000000;7586.0000000;7553.0000000;7585.0000000;142
SPFB.HYDR-9.20;60;20200803;220000;7586.0000000;7599.0000000;7575.0000000;7581.0000000;104
SPFB.HYDR-9.20;60;20200803;230000;7581.0000000;7581.0000000;7553.0000000;7555.0000000;63
SPFB.HYDR-9.20;60;20200804;000000;7562.0000000;7571.0000000;7527.0000000;7540.0000000;162
SPFB.HYDR-9.20;60;20200804;110000;7581.0000000;7599.0000000;7527.0000000;7560.0000000;540
SPFB.HYDR-9.20;60;20200804;120000;7574.0000000;7585.0000000;7566.0000000;7572.0000000;139
SPFB.HYDR-9.20;60;20200804;130000;7572.0000000;7584.0000000;7568.0000000;7576.0000000;118
SPFB.HYDR-9.20;60;20200804;140000;7576.0000000;7594.0000000;7565.0000000;7594.0000000;69
SPFB.HYDR-9.20;60;20200804;150000;7586.0000000;7586.0000000;7576.0000000;7584.0000000;41
SPFB.HYDR-9.20;60;20200804;160000;7580.0000000;7585.0000000;7575.0000000;7575.0000000;39
SPFB.HYDR-9.20;60;20200804;170000;7577.0000000;7606.0000000;7577.0000000;7584.0000000;411
SPFB.HYDR-9.20;60;20200804;180000;7609.0000000;7621.0000000;7599.0000000;7599.0000000;71
SPFB.HYDR-9.20;60;20200804;190000;7608.0000000;7624.0000000;7595.0000000;7611.0000000;223
SPFB.HYDR-9.20;60;20200804;200000;7630.0000000;7630.0000000;7601.0000000;7601.0000000;38
SPFB.HYDR-9.20;60;20200804;210000;7605.0000000;7624.0000000;7605.0000000;7614.0000000;114
SPFB.HYDR-9.20;60;20200804;220000;7612.0000000;7624.0000000;7600.0000000;7608.0000000;37
SPFB.HYDR-9.20;60;20200804;230000;7606.0000000;7616.0000000;7606.0000000;7610.0000000;72
SPFB.HYDR-9.20;60;20200805;000000;7618.0000000;7618.0000000;7618.0000000;7618.0000000;4
SPFB.HYDR-9.20;60;20200805;110000;7630.0000000;7634.0000000;7607.0000000;7620.0000000;621
SPFB.HYDR-9.20;60;20200805;120000;7623.0000000;7641.0000000;7620.0000000;7625.0000000;112
SPFB.HYDR-9.20;60;20200805;130000;7618.0000000;7620.0000000;7513.0000000;7550.0000000;682
SPFB.HYDR-9.20;60;20200805;140000;7547.0000000;7550.0000000;7510.0000000;7546.0000000;295
SPFB.HYDR-9.20;60;20200805;150000;7555.0000000;7572.0000000;7550.0000000;7558.0000000;348
SPFB.HYDR-9.20;60;20200805;160000;7550.0000000;7562.0000000;7541.0000000;7562.0000000;63
SPFB.HYDR-9.20;60;20200805;170000;7562.0000000;7564.0000000;7520.0000000;7536.0000000;54
SPFB.HYDR-9.20;60;20200805;180000;7523.0000000;7523.0000000;7510.0000000;7520.0000000;174
SPFB.HYDR-9.20;60;20200805;190000;7524.0000000;7527.0000000;7468.0000000;7505.0000000;373
SPFB.HYDR-9.20;60;20200805;200000;7505.0000000;7548.0000000;7504.0000000;7531.0000000;144
SPFB.HYDR-9.20;60;20200805;210000;7523.0000000;7530.0000000;7514.0000000;7527.0000000;87
SPFB.HYDR-9.20;60;20200805;220000;7527.0000000;7533.0000000;7514.0000000;7514.0000000;32
SPFB.HYDR-9.20;60;20200805;230000;7514.0000000;7538.0000000;7471.0000000;7538.0000000;72
SPFB.HYDR-9.20;60;20200806;000000;7500.0000000;7514.0000000;7500.0000000;7507.0000000;5
SPFB.HYDR-9.20;60;20200806;110000;7487.0000000;7526.0000000;7481.0000000;7497.0000000;439
SPFB.HYDR-9.20;60;20200806;120000;7490.0000000;7495.0000000;7462.0000000;7470.0000000;247
SPFB.HYDR-9.20;60;20200806;130000;7472.0000000;7482.0000000;7454.0000000;7464.0000000;93
SPFB.HYDR-9.20;60;20200806;140000;7470.0000000;7474.0000000;7454.0000000;7454.0000000;22
SPFB.HYDR-9.20;60;20200806;150000;7464.0000000;7495.0000000;7464.0000000;7475.0000000;70
SPFB.HYDR-9.20;60;20200806;160000;7481.0000000;7487.0000000;7449.0000000;7463.0000000;259
SPFB.HYDR-9.20;60;20200806;170000;7474.0000000;7475.0000000;7460.0000000;7469.0000000;22
SPFB.HYDR-9.20;60;20200806;180000;7475.0000000;7475.0000000;7450.0000000;7455.0000000;239
SPFB.HYDR-9.20;60;20200806;190000;7454.0000000;7502.0000000;7452.0000000;7502.0000000;194
SPFB.HYDR-9.20;60;20200806;200000;7514.0000000;7531.0000000;7503.0000000;7528.0000000;81
SPFB.HYDR-9.20;60;20200806;210000;7537.0000000;7545.0000000;7514.0000000;7519.0000000;124
SPFB.HYDR-9.20;60;20200806;220000;7524.0000000;7540.0000000;7524.0000000;7540.0000000;47
SPFB.HYDR-9.20;60;20200806;230000;7540.0000000;7541.0000000;7519.0000000;7539.0000000;35
SPFB.HYDR-9.20;60;20200807;000000;7539.0000000;7545.0000000;7531.0000000;7531.0000000;36
SPFB.HYDR-9.20;60;20200807;110000;7523.0000000;7540.0000000;7492.0000000;7520.0000000;342
SPFB.HYDR-9.20;60;20200807;120000;7517.0000000;7519.0000000;7475.0000000;7475.0000000;249
SPFB.HYDR-9.20;60;20200807;130000;7483.0000000;7485.0000000;7430.0000000;7430.0000000;332
SPFB.HYDR-9.20;60;20200807;140000;7438.0000000;7450.0000000;7427.0000000;7435.0000000;256
SPFB.HYDR-9.20;60;20200807;150000;7437.0000000;7437.0000000;7398.0000000;7423.0000000;313
SPFB.HYDR-9.20;60;20200807;160000;7435.0000000;7452.0000000;7422.0000000;7449.0000000;223
SPFB.HYDR-9.20;60;20200807;170000;7460.0000000;7460.0000000;7431.0000000;7439.0000000;68
SPFB.HYDR-9.20;60;20200807;180000;7440.0000000;7457.0000000;7436.0000000;7440.0000000;165
SPFB.HYDR-9.20;60;20200807;190000;7443.0000000;7499.0000000;7443.0000000;7494.0000000;285
SPFB.HYDR-9.20;60;20200807;200000;7494.0000000;7499.0000000;7478.0000000;7494.0000000;51
SPFB.HYDR-9.20;60;20200807;210000;7486.0000000;7491.0000000;7478.0000000;7484.0000000;25
SPFB.HYDR-9.20;60;20200807;220000;7490.0000000;7492.0000000;7478.0000000;7492.0000000;152
SPFB.HYDR-9.20;60;20200807;230000;7488.0000000;7527.0000000;7488.0000000;7509.0000000;106
SPFB.HYDR-9.20;60;20200808;000000;7505.0000000;7515.0000000;7502.0000000;7502.0000000;37
SPFB.HYDR-9.20;60;20200810;110000;7513.0000000;7563.0000000;7509.0000000;7550.0000000;797
SPFB.HYDR-9.20;60;20200810;120000;7553.0000000;7579.0000000;7549.0000000;7561.0000000;371
SPFB.HYDR-9.20;60;20200810;130000;7560.0000000;7563.0000000;7501.0000000;7536.0000000;1669
SPFB.HYDR-9.20;60;20200810;140000;7533.0000000;7539.0000000;7503.0000000;7504.0000000;850
SPFB.HYDR-9.20;60;20200810;150000;7510.0000000;7515.0000000;7493.0000000;7501.0000000;178
SPFB.HYDR-9.20;60;20200810;160000;7496.0000000;7509.0000000;7468.0000000;7490.0000000;113
SPFB.HYDR-9.20;60;20200810;170000;7495.0000000;7500.0000000;7479.0000000;7489.0000000;147
SPFB.HYDR-9.20;60;20200810;180000;7483.0000000;7513.0000000;7475.0000000;7495.0000000;264
SPFB.HYDR-9.20;60;20200810;190000;7486.0000000;7517.0000000;7483.0000000;7503.0000000;158
SPFB.HYDR-9.20;60;20200810;200000;7549.0000000;7557.0000000;7437.0000000;7510.0000000;997
SPFB.HYDR-9.20;60;20200810;210000;7506.0000000;7511.0000000;7490.0000000;7500.0000000;132
SPFB.HYDR-9.20;60;20200810;220000;7505.0000000;7505.0000000;7498.0000000;7499.0000000;14
SPFB.HYDR-9.20;60;20200810;230000;7503.0000000;7509.0000000;7498.0000000;7509.0000000;58
SPFB.HYDR-9.20;60;20200811;110000;7520.0000000;7578.0000000;7520.0000000;7540.0000000;356
SPFB.HYDR-9.20;60;20200811;120000;7540.0000000;7548.0000000;7510.0000000;7542.0000000;338
SPFB.HYDR-9.20;60;20200811;130000;7543.0000000;7550.0000000;7540.0000000;7540.0000000;309
SPFB.HYDR-9.20;60;20200811;140000;7532.0000000;7532.0000000;7503.0000000;7514.0000000;107
SPFB.HYDR-9.20;60;20200811;150000;7508.0000000;7535.0000000;7504.0000000;7516.0000000;41
SPFB.HYDR-9.20;60;20200811;160000;7504.0000000;7525.0000000;7500.0000000;7525.0000000;37
SPFB.HYDR-9.20;60;20200811;170000;7534.0000000;7534.0000000;7501.0000000;7518.0000000;182
SPFB.HYDR-9.20;60;20200811;180000;7512.0000000;7556.0000000;7512.0000000;7540.0000000;189
SPFB.HYDR-9.20;60;20200811;190000;7542.0000000;7565.0000000;7528.0000000;7549.0000000;277
SPFB.HYDR-9.20;60;20200811;200000;7545.0000000;7555.0000000;7544.0000000;7555.0000000;30
SPFB.HYDR-9.20;60;20200811;210000;7556.0000000;7556.0000000;7538.0000000;7538.0000000;173
SPFB.HYDR-9.20;60;20200811;220000;7538.0000000;7545.0000000;7529.0000000;7534.0000000;349
SPFB.HYDR-9.20;60;20200811;230000;7531.0000000;7532.0000000;7476.0000000;7500.0000000;272
SPFB.HYDR-9.20;60;20200812;000000;7501.0000000;7599.0000000;7498.0000000;7504.0000000;200
SPFB.HYDR-9.20;60;20200812;110000;7540.0000000;7547.0000000;7498.0000000;7520.0000000;955
SPFB.HYDR-9.20;60;20200812;120000;7531.0000000;7561.0000000;7525.0000000;7546.0000000;141
SPFB.HYDR-9.20;60;20200812;130000;7539.0000000;7546.0000000;7523.0000000;7525.0000000;57
SPFB.HYDR-9.20;60;20200812;140000;7519.0000000;7577.0000000;7519.0000000;7552.0000000;4486
SPFB.HYDR-9.20;60;20200812;150000;7557.0000000;7557.0000000;7537.0000000;7548.0000000;50
SPFB.HYDR-9.20;60;20200812;160000;7550.0000000;7555.0000000;7538.0000000;7542.0000000;271
SPFB.HYDR-9.20;60;20200812;170000;7542.0000000;7545.0000000;7510.0000000;7539.0000000;234
SPFB.HYDR-9.20;60;20200812;180000;7534.0000000;7539.0000000;7445.0000000;7537.0000000;1066
SPFB.HYDR-9.20;60;20200812;190000;7536.0000000;7536.0000000;7507.0000000;7533.0000000;318
SPFB.HYDR-9.20;60;20200812;200000;7531.0000000;7546.0000000;7531.0000000;7543.0000000;128
SPFB.HYDR-9.20;60;20200812;210000;7543.0000000;7561.0000000;7541.0000000;7560.0000000;94
SPFB.HYDR-9.20;60;20200812;220000;7553.0000000;7560.0000000;7553.0000000;7560.0000000;122
SPFB.HYDR-9.20;60;20200812;230000;7559.0000000;7571.0000000;7552.0000000;7567.0000000;376
SPFB.HYDR-9.20;60;20200813;000000;7558.0000000;7569.0000000;7552.0000000;7552.0000000;197
SPFB.HYDR-9.20;60;20200813;110000;7559.0000000;7633.0000000;7542.0000000;7591.0000000;1988
SPFB.HYDR-9.20;60;20200813;120000;7593.0000000;7594.0000000;7550.0000000;7571.0000000;635
SPFB.HYDR-9.20;60;20200813;130000;7570.0000000;7575.0000000;7555.0000000;7565.0000000;104
SPFB.HYDR-9.20;60;20200813;140000;7566.0000000;7577.0000000;7546.0000000;7551.0000000;804
SPFB.HYDR-9.20;60;20200813;150000;7561.0000000;7580.0000000;7551.0000000;7572.0000000;114
SPFB.HYDR-9.20;60;20200813;160000;7576.0000000;7576.0000000;7547.0000000;7566.0000000;171
SPFB.HYDR-9.20;60;20200813;170000;7567.0000000;7575.0000000;7544.0000000;7556.0000000;324
SPFB.HYDR-9.20;60;20200813;180000;7555.0000000;7560.0000000;7523.0000000;7530.0000000;619
SPFB.HYDR-9.20;60;20200813;190000;7533.0000000;7539.0000000;7452.0000000;7524.0000000;4336
SPFB.HYDR-9.20;60;20200813;200000;7518.0000000;7540.0000000;7515.0000000;7540.0000000;64
SPFB.HYDR-9.20;60;20200813;210000;7528.0000000;7540.0000000;7519.0000000;7540.0000000;344
SPFB.HYDR-9.20;60;20200813;220000;7530.0000000;7540.0000000;7503.0000000;7528.0000000;438
SPFB.HYDR-9.20;60;20200813;230000;7528.0000000;7533.0000000;7528.0000000;7533.0000000;19
SPFB.HYDR-9.20;60;20200814;000000;7537.0000000;7541.0000000;7530.0000000;7537.0000000;57
SPFB.HYDR-9.20;60;20200814;110000;7539.0000000;7560.0000000;7530.0000000;7532.0000000;1143
SPFB.HYDR-9.20;60;20200814;120000;7541.0000000;7549.0000000;7500.0000000;7521.0000000;555
SPFB.HYDR-9.20;60;20200814;130000;7527.0000000;7543.0000000;7517.0000000;7543.0000000;54
SPFB.HYDR-9.20;60;20200814;140000;7547.0000000;7550.0000000;7506.0000000;7550.0000000;203
SPFB.HYDR-9.20;60;20200814;150000;7554.0000000;7566.0000000;7544.0000000;7560.0000000;186
SPFB.HYDR-9.20;60;20200814;160000;7541.0000000;7548.0000000;7529.0000000;7533.0000000;79
SPFB.HYDR-9.20;60;20200814;170000;7540.0000000;7547.0000000;7538.0000000;7547.0000000;38
SPFB.HYDR-9.20;60;20200814;180000;7539.0000000;7539.0000000;7531.0000000;7534.0000000;42
SPFB.HYDR-9.20;60;20200814;190000;7538.0000000;7540.0000000;7527.0000000;7530.0000000;76
SPFB.HYDR-9.20;60;20200814;200000;7531.0000000;7547.0000000;7531.0000000;7534.0000000;10
SPFB.HYDR-9.20;60;20200814;210000;7537.0000000;7555.0000000;7534.0000000;7555.0000000;71
SPFB.HYDR-9.20;60;20200814;220000;7540.0000000;7556.0000000;7538.0000000;7556.0000000;102
SPFB.HYDR-9.20;60;20200814;230000;7544.0000000;7558.0000000;7544.0000000;7558.0000000;9
SPFB.HYDR-9.20;60;20200815;000000;7550.0000000;7563.0000000;7550.0000000;7553.0000000;67
SPFB.HYDR-9.20;60;20200817;110000;7563.0000000;7593.0000000;7544.0000000;7567.0000000;1035
SPFB.HYDR-9.20;60;20200817;120000;7562.0000000;7585.0000000;7558.0000000;7565.0000000;162
SPFB.HYDR-9.20;60;20200817;130000;7573.0000000;7581.0000000;7528.0000000;7540.0000000;279
SPFB.HYDR-9.20;60;20200817;140000;7540.0000000;7553.0000000;7523.0000000;7540.0000000;81
SPFB.HYDR-9.20;60;20200817;150000;7535.0000000;7545.0000000;7501.0000000;7510.0000000;184
SPFB.HYDR-9.20;60;20200817;160000;7519.0000000;7520.0000000;7459.0000000;7469.0000000;575
SPFB.HYDR-9.20;60;20200817;170000;7463.0000000;7485.0000000;7448.0000000;7485.0000000;555
SPFB.HYDR-9.20;60;20200817;180000;7475.0000000;7518.0000000;7466.0000000;7494.0000000;573
SPFB.HYDR-9.20;60;20200817;190000;7490.0000000;7509.0000000;7465.0000000;7501.0000000;1135
SPFB.HYDR-9.20;60;20200817;200000;7490.0000000;7497.0000000;7467.0000000;7479.0000000;733
SPFB.HYDR-9.20;60;20200817;210000;7480.0000000;7483.0000000;7469.0000000;7483.0000000;115
SPFB.HYDR-9.20;60;20200817;220000;7481.0000000;7493.0000000;7477.0000000;7493.0000000;89
SPFB.HYDR-9.20;60;20200817;230000;7490.0000000;7501.0000000;7488.0000000;7500.0000000;54
SPFB.HYDR-9.20;60;20200818;000000;7493.0000000;7525.0000000;7493.0000000;7525.0000000;25
SPFB.HYDR-9.20;60;20200818;110000;7521.0000000;7521.0000000;7481.0000000;7493.0000000;296
SPFB.HYDR-9.20;60;20200818;120000;7500.0000000;7558.0000000;7500.0000000;7536.0000000;138
SPFB.HYDR-9.20;60;20200818;130000;7539.0000000;7542.0000000;7528.0000000;7534.0000000;171
SPFB.HYDR-9.20;60;20200818;140000;7535.0000000;7535.0000000;7518.0000000;7522.0000000;44
SPFB.HYDR-9.20;60;20200818;150000;7524.0000000;7538.0000000;7524.0000000;7529.0000000;19
SPFB.HYDR-9.20;60;20200818;160000;7514.0000000;7514.0000000;7490.0000000;7500.0000000;10
SPFB.HYDR-9.20;60;20200818;170000;7496.0000000;7516.0000000;7496.0000000;7514.0000000;77
SPFB.HYDR-9.20;60;20200818;180000;7510.0000000;7510.0000000;7464.0000000;7478.0000000;118
SPFB.HYDR-9.20;60;20200818;190000;7484.0000000;7488.0000000;7480.0000000;7480.0000000;76
SPFB.HYDR-9.20;60;20200818;200000;7485.0000000;7495.0000000;7471.0000000;7495.0000000;36
SPFB.HYDR-9.20;60;20200818;210000;7491.0000000;7495.0000000;7489.0000000;7495.0000000;7
SPFB.HYDR-9.20;60;20200818;220000;7495.0000000;7506.0000000;7487.0000000;7497.0000000;27
SPFB.HYDR-9.20;60;20200818;230000;7493.0000000;7503.0000000;7487.0000000;7494.0000000;89
SPFB.HYDR-9.20;60;20200819;000000;7504.0000000;7507.0000000;7498.0000000;7507.0000000;29
SPFB.HYDR-9.20;60;20200819;110000;7492.0000000;7505.0000000;7460.0000000;7502.0000000;214
SPFB.HYDR-9.20;60;20200819;120000;7483.0000000;7524.0000000;7466.0000000;7521.0000000;180
SPFB.HYDR-9.20;60;20200819;130000;7515.0000000;7528.0000000;7509.0000000;7517.0000000;89
SPFB.HYDR-9.20;60;20200819;140000;7510.0000000;7513.0000000;7496.0000000;7496.0000000;18
SPFB.HYDR-9.20;60;20200819;150000;7497.0000000;7523.0000000;7497.0000000;7523.0000000;71
SPFB.HYDR-9.20;60;20200819;160000;7525.0000000;7525.0000000;7494.0000000;7508.0000000;30
SPFB.HYDR-9.20;60;20200819;170000;7509.0000000;7514.0000000;7490.0000000;7503.0000000;67
SPFB.HYDR-9.20;60;20200819;180000;7500.0000000;7500.0000000;7487.0000000;7494.0000000;94
SPFB.HYDR-9.20;60;20200819;190000;7494.0000000;7514.0000000;7494.0000000;7501.0000000;40
SPFB.HYDR-9.20;60;20200819;200000;7484.0000000;7505.0000000;7480.0000000;7505.0000000;27
SPFB.HYDR-9.20;60;20200819;210000;7501.0000000;7503.0000000;7501.0000000;7503.0000000;5
SPFB.HYDR-9.20;60;20200819;220000;7488.0000000;7492.0000000;7478.0000000;7485.0000000;185
SPFB.HYDR-9.20;60;20200819;230000;7486.0000000;7487.0000000;7468.0000000;7472.0000000;126
SPFB.HYDR-9.20;60;20200820;110000;7470.0000000;7470.0000000;7379.0000000;7409.0000000;2166
SPFB.HYDR-9.20;60;20200820;120000;7407.0000000;7409.0000000;7347.0000000;7384.0000000;607
SPFB.HYDR-9.20;60;20200820;130000;7391.0000000;7394.0000000;7355.0000000;7373.0000000;78
SPFB.HYDR-9.20;60;20200820;140000;7362.0000000;7385.0000000;7344.0000000;7385.0000000;164
SPFB.HYDR-9.20;60;20200820;150000;7378.0000000;7431.0000000;7378.0000000;7405.0000000;332
SPFB.HYDR-9.20;60;20200820;160000;7404.0000000;7420.0000000;7397.0000000;7401.0000000;233
SPFB.HYDR-9.20;60;20200820;170000;7394.0000000;7394.0000000;7344.0000000;7365.0000000;158
SPFB.HYDR-9.20;60;20200820;180000;7361.0000000;7361.0000000;7272.0000000;7319.0000000;993
SPFB.HYDR-9.20;60;20200820;190000;7310.0000000;7310.0000000;7273.0000000;7282.0000000;249
SPFB.HYDR-9.20;60;20200820;200000;7289.0000000;7295.0000000;7221.0000000;7295.0000000;1156
SPFB.HYDR-9.20;60;20200820;210000;7294.0000000;7295.0000000;7272.0000000;7280.0000000;38
SPFB.HYDR-9.20;60;20200820;220000;7295.0000000;7319.0000000;7295.0000000;7314.0000000;55
SPFB.HYDR-9.20;60;20200820;230000;7313.0000000;7322.0000000;7310.0000000;7321.0000000;96
SPFB.HYDR-9.20;60;20200821;000000;7317.0000000;7322.0000000;7255.0000000;7318.0000000;124
SPFB.HYDR-9.20;60;20200821;110000;7291.0000000;7340.0000000;7272.0000000;7320.0000000;572
SPFB.HYDR-9.20;60;20200821;120000;7315.0000000;7315.0000000;7255.0000000;7258.0000000;138
SPFB.HYDR-9.20;60;20200821;130000;7268.0000000;7290.0000000;7249.0000000;7283.0000000;309
SPFB.HYDR-9.20;60;20200821;140000;7277.0000000;7290.0000000;7240.0000000;7248.0000000;365
SPFB.HYDR-9.20;60;20200821;150000;7243.0000000;7249.0000000;7176.0000000;7180.0000000;739
SPFB.HYDR-9.20;60;20200821;160000;7175.0000000;7197.0000000;7134.0000000;7190.0000000;682
SPFB.HYDR-9.20;60;20200821;170000;7193.0000000;7199.0000000;7164.0000000;7176.0000000;280
SPFB.HYDR-9.20;60;20200821;180000;7183.0000000;7203.0000000;7180.0000000;7197.0000000;139
SPFB.HYDR-9.20;60;20200821;190000;7202.0000000;7223.0000000;7199.0000000;7223.0000000;76
SPFB.HYDR-9.20;60;20200821;200000;7223.0000000;7229.0000000;7200.0000000;7214.0000000;76
SPFB.HYDR-9.20;60;20200821;210000;7216.0000000;7219.0000000;7204.0000000;7219.0000000;25
SPFB.HYDR-9.20;60;20200821;220000;7219.0000000;7226.0000000;7216.0000000;7223.0000000;98
SPFB.HYDR-9.20;60;20200821;230000;7220.0000000;7223.0000000;7203.0000000;7208.0000000;100
SPFB.HYDR-9.20;60;20200822;000000;7220.0000000;7224.0000000;7202.0000000;7216.0000000;277
SPFB.HYDR-9.20;60;20200824;110000;7227.0000000;7253.0000000;7156.0000000;7235.0000000;709
SPFB.HYDR-9.20;60;20200824;120000;7235.0000000;7288.0000000;7230.0000000;7280.0000000;280
SPFB.HYDR-9.20;60;20200824;130000;7282.0000000;7320.0000000;7282.0000000;7320.0000000;547
SPFB.HYDR-9.20;60;20200824;140000;7309.0000000;7313.0000000;7285.0000000;7305.0000000;134
SPFB.HYDR-9.20;60;20200824;150000;7311.0000000;7352.0000000;7298.0000000;7345.0000000;415
SPFB.HYDR-9.20;60;20200824;160000;7350.0000000;7353.0000000;7322.0000000;7339.0000000;79
SPFB.HYDR-9.20;60;20200824;170000;7341.0000000;7346.0000000;7310.0000000;7331.0000000;1164
SPFB.HYDR-9.20;60;20200824;180000;7326.0000000;7342.0000000;7321.0000000;7321.0000000;40
SPFB.HYDR-9.20;60;20200824;190000;7318.0000000;7366.0000000;7304.0000000;7341.0000000;389
SPFB.HYDR-9.20;60;20200824;200000;7335.0000000;7348.0000000;7320.0000000;7320.0000000;130
SPFB.HYDR-9.20;60;20200824;210000;7335.0000000;7339.0000000;7331.0000000;7336.0000000;50
SPFB.HYDR-9.20;60;20200824;220000;7341.0000000;7345.0000000;7341.0000000;7345.0000000;8
SPFB.HYDR-9.20;60;20200824;230000;7343.0000000;7345.0000000;7343.0000000;7345.0000000;12
SPFB.HYDR-9.20;60;20200825;000000;7348.0000000;7352.0000000;7345.0000000;7345.0000000;26
SPFB.HYDR-9.20;60;20200825;110000;7350.0000000;7400.0000000;7309.0000000;7350.0000000;416
SPFB.HYDR-9.20;60;20200825;120000;7321.0000000;7321.0000000;7261.0000000;7297.0000000;645
SPFB.HYDR-9.20;60;20200825;130000;7292.0000000;7339.0000000;7292.0000000;7339.0000000;125
SPFB.HYDR-9.20;60;20200825;140000;7339.0000000;7345.0000000;7335.0000000;7345.0000000;67
SPFB.HYDR-9.20;60;20200825;150000;7333.0000000;7347.0000000;7296.0000000;7341.0000000;311
SPFB.HYDR-9.20;60;20200825;160000;7344.0000000;7344.0000000;7301.0000000;7319.0000000;366
SPFB.HYDR-9.20;60;20200825;170000;7325.0000000;7332.0000000;7306.0000000;7307.0000000;122
SPFB.HYDR-9.20;60;20200825;180000;7304.0000000;7313.0000000;7272.0000000;7278.0000000;231
SPFB.HYDR-9.20;60;20200825;190000;7275.0000000;7350.0000000;7268.0000000;7333.0000000;664
SPFB.HYDR-9.20;60;20200825;200000;7350.0000000;7350.0000000;7326.0000000;7328.0000000;145
SPFB.HYDR-9.20;60;20200825;210000;7329.0000000;7335.0000000;7321.0000000;7335.0000000;60
SPFB.HYDR-9.20;60;20200825;220000;7348.0000000;7353.0000000;7340.0000000;7340.0000000;52
SPFB.HYDR-9.20;60;20200825;230000;7335.0000000;7345.0000000;7335.0000000;7336.0000000;29
SPFB.HYDR-9.20;60;20200826;000000;7340.0000000;7350.0000000;7340.0000000;7350.0000000;21
SPFB.HYDR-9.20;60;20200826;110000;7393.0000000;7435.0000000;7286.0000000;7387.0000000;1532
SPFB.HYDR-9.20;60;20200826;120000;7387.0000000;7437.0000000;7352.0000000;7421.0000000;391
SPFB.HYDR-9.20;60;20200826;130000;7419.0000000;7460.0000000;7399.0000000;7445.0000000;1350
SPFB.HYDR-9.20;60;20200826;140000;7448.0000000;7470.0000000;7435.0000000;7457.0000000;315
SPFB.HYDR-9.20;60;20200826;150000;7454.0000000;7487.0000000;7453.0000000;7464.0000000;457
SPFB.HYDR-9.20;60;20200826;160000;7482.0000000;7537.0000000;7482.0000000;7533.0000000;1294
SPFB.HYDR-9.20;60;20200826;170000;7537.0000000;7549.0000000;7506.0000000;7509.0000000;697
SPFB.HYDR-9.20;60;20200826;180000;7510.0000000;7537.0000000;7510.0000000;7533.0000000;382
SPFB.HYDR-9.20;60;20200826;190000;7535.0000000;7609.0000000;7520.0000000;7585.0000000;1727
SPFB.HYDR-9.20;60;20200826;200000;7584.0000000;7606.0000000;7567.0000000;7576.0000000;404
SPFB.HYDR-9.20;60;20200826;210000;7578.0000000;7584.0000000;7566.0000000;7584.0000000;45
SPFB.HYDR-9.20;60;20200826;220000;7583.0000000;7584.0000000;7574.0000000;7583.0000000;20
SPFB.HYDR-9.20;60;20200826;230000;7579.0000000;7592.0000000;7576.0000000;7592.0000000;79
SPFB.HYDR-9.20;60;20200827;000000;7592.0000000;7604.0000000;7592.0000000;7595.0000000;38
SPFB.HYDR-9.20;60;20200827;110000;7610.0000000;7689.0000000;7590.0000000;7644.0000000;3902
SPFB.HYDR-9.20;60;20200827;120000;7641.0000000;7641.0000000;7524.0000000;7585.0000000;1204
SPFB.HYDR-9.20;60;20200827;130000;7586.0000000;7586.0000000;7500.0000000;7537.0000000;516
SPFB.HYDR-9.20;60;20200827;140000;7534.0000000;7552.0000000;7511.0000000;7539.0000000;301
SPFB.HYDR-9.20;60;20200827;150000;7548.0000000;7594.0000000;7514.0000000;7543.0000000;779
SPFB.HYDR-9.20;60;20200827;160000;7545.0000000;7563.0000000;7511.0000000;7546.0000000;371
SPFB.HYDR-9.20;60;20200827;170000;7528.0000000;7555.0000000;7479.0000000;7491.0000000;834
SPFB.HYDR-9.20;60;20200827;180000;7492.0000000;7495.0000000;7425.0000000;7453.0000000;700
SPFB.HYDR-9.20;60;20200827;190000;7459.0000000;7504.0000000;7439.0000000;7504.0000000;203
SPFB.HYDR-9.20;60;20200827;200000;7477.0000000;7486.0000000;7448.0000000;7457.0000000;154
SPFB.HYDR-9.20;60;20200827;210000;7464.0000000;7464.0000000;7464.0000000;7464.0000000;7
SPFB.HYDR-9.20;60;20200827;220000;7460.0000000;7466.0000000;7454.0000000;7454.0000000;66
SPFB.HYDR-9.20;60;20200827;230000;7462.0000000;7474.0000000;7462.0000000;7470.0000000;25
SPFB.HYDR-9.20;60;20200828;000000;7461.0000000;7476.0000000;7457.0000000;7476.0000000;46
SPFB.HYDR-9.20;60;20200828;110000;7478.0000000;7484.0000000;7380.0000000;7430.0000000;458
SPFB.HYDR-9.20;60;20200828;120000;7415.0000000;7427.0000000;7403.0000000;7406.0000000;38
SPFB.HYDR-9.20;60;20200828;130000;7401.0000000;7445.0000000;7401.0000000;7435.0000000;112
SPFB.HYDR-9.20;60;20200828;140000;7435.0000000;7456.0000000;7424.0000000;7437.0000000;105
SPFB.HYDR-9.20;60;20200828;150000;7438.0000000;7526.0000000;7430.0000000;7512.0000000;462
SPFB.HYDR-9.20;60;20200828;160000;7517.0000000;7537.0000000;7499.0000000;7505.0000000;213
SPFB.HYDR-9.20;60;20200828;170000;7512.0000000;7530.0000000;7499.0000000;7499.0000000;594
SPFB.HYDR-9.20;60;20200828;180000;7497.0000000;7497.0000000;7427.0000000;7436.0000000;197
SPFB.HYDR-9.20;60;20200828;190000;7444.0000000;7498.0000000;7435.0000000;7446.0000000;197
SPFB.HYDR-9.20;60;20200828;200000;7447.0000000;7460.0000000;7439.0000000;7442.0000000;172
SPFB.HYDR-9.20;60;20200828;210000;7450.0000000;7501.0000000;7447.0000000;7476.0000000;865
SPFB.HYDR-9.20;60;20200828;220000;7477.0000000;7489.0000000;7477.0000000;7484.0000000;49
SPFB.HYDR-9.20;60;20200828;230000;7481.0000000;7487.0000000;7470.0000000;7470.0000000;186
SPFB.HYDR-9.20;60;20200829;000000;7483.0000000;7499.0000000;7476.0000000;7488.0000000;165
SPFB.HYDR-9.20;60;20200831;110000;7503.0000000;7537.0000000;7459.0000000;7470.0000000;798
SPFB.HYDR-9.20;60;20200831;120000;7472.0000000;7472.0000000;7402.0000000;7413.0000000;271
SPFB.HYDR-9.20;60;20200831;130000;7414.0000000;7465.0000000;7400.0000000;7409.0000000;2061
SPFB.HYDR-9.20;60;20200831;140000;7403.0000000;7405.0000000;7342.0000000;7382.0000000;574
SPFB.HYDR-9.20;60;20200831;150000;7384.0000000;7402.0000000;7343.0000000;7354.0000000;312
SPFB.HYDR-9.20;60;20200831;160000;7356.0000000;7374.0000000;7349.0000000;7350.0000000;517
SPFB.HYDR-9.20;60;20200831;170000;7352.0000000;7355.0000000;7297.0000000;7303.0000000;632
SPFB.HYDR-9.20;60;20200831;180000;7306.0000000;7331.0000000;7292.0000000;7326.0000000;236
SPFB.HYDR-9.20;60;20200831;190000;7325.0000000;7325.0000000;7260.0000000;7306.0000000;1272
SPFB.HYDR-9.20;60;20200831;200000;7290.0000000;7322.0000000;7283.0000000;7314.0000000;119
SPFB.HYDR-9.20;60;20200831;210000;7313.0000000;7328.0000000;7310.0000000;7328.0000000;154
SPFB.HYDR-9.20;60;20200831;220000;7321.0000000;7330.0000000;7309.0000000;7311.0000000;53
SPFB.HYDR-9.20;60;20200831;230000;7323.0000000;7330.0000000;7323.0000000;7323.0000000;18
SPFB.HYDR-9.20;60;20200901;000000;7314.0000000;7323.0000000;7314.0000000;7316.0000000;28
SPFB.HYDR-9.20;60;20200901;110000;7326.0000000;7382.0000000;7326.0000000;7346.0000000;668
SPFB.HYDR-9.20;60;20200901;120000;7336.0000000;7360.0000000;7336.0000000;7349.0000000;28
SPFB.HYDR-9.20;60;20200901;130000;7357.0000000;7393.0000000;7357.0000000;7380.0000000;234
SPFB.HYDR-9.20;60;20200901;140000;7383.0000000;7393.0000000;7347.0000000;7363.0000000;61
SPFB.HYDR-9.20;60;20200901;150000;7364.0000000;7420.0000000;7364.0000000;7392.0000000;263
SPFB.HYDR-9.20;60;20200901;160000;7395.0000000;7407.0000000;7381.0000000;7386.0000000;203
SPFB.HYDR-9.20;60;20200901;170000;7375.0000000;7383.0000000;7365.0000000;7380.0000000;188
SPFB.HYDR-9.20;60;20200901;180000;7384.0000000;7389.0000000;7362.0000000;7374.0000000;70
SPFB.HYDR-9.20;60;20200901;190000;7371.0000000;7389.0000000;7340.0000000;7358.0000000;426
SPFB.HYDR-9.20;60;20200901;200000;7381.0000000;7400.0000000;7371.0000000;7380.0000000;63
SPFB.HYDR-9.20;60;20200901;210000;7372.0000000;7373.0000000;7363.0000000;7372.0000000;11
SPFB.HYDR-9.20;60;20200901;220000;7374.0000000;7387.0000000;7360.0000000;7369.0000000;84
SPFB.HYDR-9.20;60;20200901;230000;7376.0000000;7402.0000000;7374.0000000;7386.0000000;236
SPFB.HYDR-9.20;60;20200902;000000;7373.0000000;7435.0000000;7371.0000000;7388.0000000;67
SPFB.HYDR-9.20;60;20200902;110000;7417.0000000;7420.0000000;7350.0000000;7392.0000000;432
SPFB.HYDR-9.20;60;20200902;120000;7400.0000000;7433.0000000;7400.0000000;7412.0000000;115
SPFB.HYDR-9.20;60;20200902;130000;7397.0000000;7398.0000000;7376.0000000;7393.0000000;184
SPFB.HYDR-9.20;60;20200902;140000;7400.0000000;7458.0000000;7385.0000000;7458.0000000;3195
SPFB.HYDR-9.20;60;20200902;150000;7450.0000000;7475.0000000;7436.0000000;7439.0000000;160
SPFB.HYDR-9.20;60;20200902;160000;7438.0000000;7450.0000000;7412.0000000;7445.0000000;109
SPFB.HYDR-9.20;60;20200902;170000;7458.0000000;7460.0000000;7320.0000000;7325.0000000;784
SPFB.HYDR-9.20;60;20200902;180000;7345.0000000;7363.0000000;7269.0000000;7308.0000000;702
SPFB.HYDR-9.20;60;20200902;190000;7310.0000000;7326.0000000;7289.0000000;7294.0000000;195
SPFB.HYDR-9.20;60;20200902;200000;7301.0000000;7301.0000000;7288.0000000;7297.0000000;69
SPFB.HYDR-9.20;60;20200902;210000;7290.0000000;7317.0000000;7273.0000000;7310.0000000;109
SPFB.HYDR-9.20;60;20200902;220000;7295.0000000;7300.0000000;7282.0000000;7288.0000000;62
SPFB.HYDR-9.20;60;20200902;230000;7291.0000000;7315.0000000;7286.0000000;7304.0000000;72
SPFB.HYDR-9.20;60;20200903;000000;7320.0000000;7320.0000000;7320.0000000;7320.0000000;1
SPFB.HYDR-9.20;60;20200903;110000;7341.0000000;7359.0000000;7266.0000000;7332.0000000;798
SPFB.HYDR-9.20;60;20200903;120000;7332.0000000;7341.0000000;7303.0000000;7303.0000000;57
SPFB.HYDR-9.20;60;20200903;130000;7300.0000000;7316.0000000;7287.0000000;7296.0000000;261
SPFB.HYDR-9.20;60;20200903;140000;7280.0000000;7280.0000000;7226.0000000;7279.0000000;660
SPFB.HYDR-9.20;60;20200903;150000;7280.0000000;7281.0000000;7250.0000000;7267.0000000;78
SPFB.HYDR-9.20;60;20200903;160000;7280.0000000;7280.0000000;7246.0000000;7255.0000000;99
SPFB.HYDR-9.20;60;20200903;170000;7278.0000000;7316.0000000;7229.0000000;7297.0000000;156
SPFB.HYDR-9.20;60;20200903;180000;7329.0000000;7388.0000000;7304.0000000;7366.0000000;291
SPFB.HYDR-9.20;60;20200903;190000;7366.0000000;7384.0000000;7311.0000000;7373.0000000;319
SPFB.HYDR-9.20;60;20200903;200000;7373.0000000;7378.0000000;7315.0000000;7328.0000000;211
SPFB.HYDR-9.20;60;20200903;210000;7328.0000000;7328.0000000;7318.0000000;7318.0000000;22
SPFB.HYDR-9.20;60;20200903;220000;7327.0000000;7327.0000000;7311.0000000;7317.0000000;73
SPFB.HYDR-9.20;60;20200903;230000;7316.0000000;7316.0000000;7274.0000000;7296.0000000;156
SPFB.HYDR-9.20;60;20200904;000000;7297.0000000;7313.0000000;7295.0000000;7296.0000000;50
SPFB.HYDR-9.20;60;20200904;110000;7302.0000000;7353.0000000;7285.0000000;7353.0000000;566
SPFB.HYDR-9.20;60;20200904;120000;7364.0000000;7372.0000000;7333.0000000;7338.0000000;54
SPFB.HYDR-9.20;60;20200904;130000;7325.0000000;7325.0000000;7272.0000000;7283.0000000;148
SPFB.HYDR-9.20;60;20200904;140000;7294.0000000;7296.0000000;7256.0000000;7276.0000000;116
SPFB.HYDR-9.20;60;20200904;150000;7275.0000000;7284.0000000;7237.0000000;7248.0000000;224
SPFB.HYDR-9.20;60;20200904;160000;7248.0000000;7272.0000000;7247.0000000;7270.0000000;329
SPFB.HYDR-9.20;60;20200904;170000;7273.0000000;7290.0000000;7257.0000000;7257.0000000;135
SPFB.HYDR-9.20;60;20200904;180000;7263.0000000;7271.0000000;7221.0000000;7247.0000000;135
SPFB.HYDR-9.20;60;20200904;190000;7238.0000000;7254.0000000;7216.0000000;7251.0000000;221
SPFB.HYDR-9.20;60;20200904;200000;7253.0000000;7263.0000000;7251.0000000;7256.0000000;47
SPFB.HYDR-9.20;60;20200904;210000;7265.0000000;7265.0000000;7265.0000000;7265.0000000;1
SPFB.HYDR-9.20;60;20200904;220000;7263.0000000;7274.0000000;7255.0000000;7263.0000000;333
SPFB.HYDR-9.20;60;20200904;230000;7266.0000000;7290.0000000;7266.0000000;7271.0000000;101
SPFB.HYDR-9.20;60;20200905;000000;7281.0000000;7292.0000000;7263.0000000;7264.0000000;62
SPFB.HYDR-9.20;60;20200907;110000;7290.0000000;7306.0000000;7242.0000000;7274.0000000;288
SPFB.HYDR-9.20;60;20200907;120000;7272.0000000;7292.0000000;7269.0000000;7290.0000000;82
SPFB.HYDR-9.20;60;20200907;130000;7278.0000000;7279.0000000;7240.0000000;7252.0000000;158
SPFB.HYDR-9.20;60;20200907;140000;7253.0000000;7257.0000000;7221.0000000;7226.0000000;299
SPFB.HYDR-9.20;60;20200907;150000;7237.0000000;7252.0000000;7236.0000000;7236.0000000;62
SPFB.HYDR-9.20;60;20200907;160000;7249.0000000;7250.0000000;7237.0000000;7237.0000000;87
SPFB.HYDR-9.20;60;20200907;170000;7238.0000000;7263.0000000;7238.0000000;7253.0000000;91
SPFB.HYDR-9.20;60;20200907;180000;7251.0000000;7280.0000000;7249.0000000;7277.0000000;65
SPFB.HYDR-9.20;60;20200907;190000;7283.0000000;7283.0000000;7261.0000000;7271.0000000;161
SPFB.HYDR-9.20;60;20200907;200000;7280.0000000;7280.0000000;7280.0000000;7280.0000000;2
SPFB.HYDR-9.20;60;20200907;220000;7279.0000000;7279.0000000;7268.0000000;7269.0000000;31
SPFB.HYDR-9.20;60;20200907;230000;7270.0000000;7280.0000000;7268.0000000;7280.0000000;18
SPFB.HYDR-9.20;60;20200908;000000;7282.0000000;7284.0000000;7282.0000000;7284.0000000;4
SPFB.HYDR-9.20;60;20200908;110000;7281.0000000;7353.0000000;7274.0000000;7318.0000000;713
SPFB.HYDR-9.20;60;20200908;120000;7320.0000000;7384.0000000;7317.0000000;7368.0000000;714
SPFB.HYDR-9.20;60;20200908;130000;7373.0000000;7424.0000000;7368.0000000;7381.0000000;1168
SPFB.HYDR-9.20;60;20200908;140000;7369.0000000;7370.0000000;7320.0000000;7340.0000000;296
SPFB.HYDR-9.20;60;20200908;150000;7348.0000000;7354.0000000;7247.0000000;7292.0000000;450
SPFB.HYDR-9.20;60;20200908;160000;7285.0000000;7303.0000000;7177.0000000;7182.0000000;661
SPFB.HYDR-9.20;60;20200908;170000;7200.0000000;7234.0000000;7187.0000000;7211.0000000;266
SPFB.HYDR-9.20;60;20200908;180000;7206.0000000;7261.0000000;7187.0000000;7228.0000000;368
SPFB.HYDR-9.20;60;20200908;190000;7235.0000000;7246.0000000;7217.0000000;7229.0000000;270
SPFB.HYDR-9.20;60;20200908;200000;7228.0000000;7256.0000000;7228.0000000;7243.0000000;192
SPFB.HYDR-9.20;60;20200908;210000;7243.0000000;7254.0000000;7243.0000000;7250.0000000;49
SPFB.HYDR-9.20;60;20200908;220000;7244.0000000;7246.0000000;7223.0000000;7238.0000000;194
SPFB.HYDR-9.20;60;20200908;230000;7229.0000000;7239.0000000;7228.0000000;7230.0000000;18
SPFB.HYDR-9.20;60;20200909;000000;7230.0000000;7238.0000000;7229.0000000;7229.0000000;17
SPFB.HYDR-9.20;60;20200909;110000;7226.0000000;7238.0000000;7190.0000000;7219.0000000;761
SPFB.HYDR-9.20;60;20200909;120000;7215.0000000;7240.0000000;7194.0000000;7206.0000000;210
SPFB.HYDR-9.20;60;20200909;130000;7202.0000000;7300.0000000;7198.0000000;7285.0000000;750
SPFB.HYDR-9.20;60;20200909;140000;7290.0000000;7313.0000000;7271.0000000;7279.0000000;1608
SPFB.HYDR-9.20;60;20200909;150000;7281.0000000;7359.0000000;7272.0000000;7355.0000000;634
SPFB.HYDR-9.20;60;20200909;160000;7357.0000000;7362.0000000;7322.0000000;7337.0000000;549
SPFB.HYDR-9.20;60;20200909;170000;7340.0000000;7362.0000000;7332.0000000;7355.0000000;619
SPFB.HYDR-9.20;60;20200909;180000;7359.0000000;7364.0000000;7327.0000000;7340.0000000;535
SPFB.HYDR-9.20;60;20200909;190000;7360.0000000;7404.0000000;7360.0000000;7401.0000000;380
SPFB.HYDR-9.20;60;20200909;200000;7400.0000000;7405.0000000;7387.0000000;7397.0000000;267
SPFB.HYDR-9.20;60;20200909;210000;7398.0000000;7405.0000000;7344.0000000;7344.0000000;412
SPFB.HYDR-9.20;60;20200909;220000;7361.0000000;7365.0000000;7348.0000000;7365.0000000;50
SPFB.HYDR-9.20;60;20200909;230000;7371.0000000;7386.0000000;7371.0000000;7377.0000000;25
SPFB.HYDR-9.20;60;20200910;000000;7373.0000000;7373.0000000;7362.0000000;7371.0000000;57
SPFB.HYDR-9.20;60;20200910;110000;7394.0000000;7407.0000000;7341.0000000;7379.0000000;846
SPFB.HYDR-9.20;60;20200910;120000;7377.0000000;7400.0000000;7353.0000000;7360.0000000;134
SPFB.HYDR-9.20;60;20200910;130000;7355.0000000;7389.0000000;7355.0000000;7365.0000000;51
SPFB.HYDR-9.20;60;20200910;140000;7372.0000000;7377.0000000;7359.0000000;7377.0000000;67
SPFB.HYDR-9.20;60;20200910;150000;7375.0000000;7397.0000000;7375.0000000;7380.0000000;70
SPFB.HYDR-9.20;60;20200910;160000;7378.0000000;7383.0000000;7373.0000000;7380.0000000;30
SPFB.HYDR-9.20;60;20200910;170000;7383.0000000;7448.0000000;7383.0000000;7407.0000000;707
SPFB.HYDR-9.20;60;20200910;180000;7407.0000000;7443.0000000;7405.0000000;7425.0000000;162
SPFB.HYDR-9.20;60;20200910;190000;7423.0000000;7514.0000000;7422.0000000;7503.0000000;359
SPFB.HYDR-9.20;60;20200910;200000;7489.0000000;7508.0000000;7455.0000000;7458.0000000;514
SPFB.HYDR-9.20;60;20200910;210000;7456.0000000;7467.0000000;7436.0000000;7436.0000000;180
SPFB.HYDR-9.20;60;20200910;220000;7430.0000000;7447.0000000;7424.0000000;7447.0000000;81
SPFB.HYDR-9.20;60;20200910;230000;7440.0000000;7440.0000000;7419.0000000;7421.0000000;45
SPFB.HYDR-9.20;60;20200911;000000;7422.0000000;7430.0000000;7422.0000000;7430.0000000;7
SPFB.HYDR-9.20;60;20200911;110000;7445.0000000;7474.0000000;7400.0000000;7403.0000000;691
SPFB.HYDR-9.20;60;20200911;120000;7412.0000000;7453.0000000;7412.0000000;7440.0000000;515
SPFB.HYDR-9.20;60;20200911;130000;7440.0000000;7445.0000000;7412.0000000;7434.0000000;180
SPFB.HYDR-9.20;60;20200911;140000;7425.0000000;7459.0000000;7423.0000000;7446.0000000;68
SPFB.HYDR-9.20;60;20200911;150000;7441.0000000;7453.0000000;7418.0000000;7418.0000000;173
SPFB.HYDR-9.20;60;20200911;160000;7421.0000000;7439.0000000;7386.0000000;7394.0000000;573
SPFB.HYDR-9.20;60;20200911;170000;7396.0000000;7507.0000000;7396.0000000;7486.0000000;771
SPFB.HYDR-9.20;60;20200911;180000;7486.0000000;7490.0000000;7455.0000000;7456.0000000;496
SPFB.HYDR-9.20;60;20200911;190000;7447.0000000;7462.0000000;7435.0000000;7443.0000000;238
SPFB.HYDR-9.20;60;20200914;110000;7466.0000000;7549.0000000;7442.0000000;7485.0000000;460
SPFB.HYDR-9.20;60;20200914;120000;7487.0000000;7497.0000000;7463.0000000;7476.0000000;152
SPFB.HYDR-9.20;60;20200914;130000;7487.0000000;7500.0000000;7477.0000000;7490.0000000;107
SPFB.HYDR-9.20;60;20200914;140000;7490.0000000;7507.0000000;7479.0000000;7479.0000000;174
SPFB.HYDR-9.20;60;20200914;150000;7473.0000000;7480.0000000;7447.0000000;7461.0000000;349
SPFB.HYDR-9.20;60;20200914;160000;7456.0000000;7466.0000000;7441.0000000;7457.0000000;153
SPFB.HYDR-9.20;60;20200914;170000;7462.0000000;7466.0000000;7435.0000000;7444.0000000;94
SPFB.HYDR-9.20;60;20200914;180000;7439.0000000;7448.0000000;7429.0000000;7444.0000000;84
SPFB.HYDR-9.20;60;20200914;190000;7442.0000000;7445.0000000;7391.0000000;7429.0000000;508
SPFB.HYDR-9.20;60;20200914;200000;7400.0000000;7442.0000000;7400.0000000;7441.0000000;117
SPFB.HYDR-9.20;60;20200914;210000;7442.0000000;7444.0000000;7429.0000000;7438.0000000;34
SPFB.HYDR-9.20;60;20200914;220000;7437.0000000;7439.0000000;7430.0000000;7430.0000000;55
SPFB.HYDR-9.20;60;20200914;230000;7430.0000000;7439.0000000;7430.0000000;7432.0000000;16
SPFB.HYDR-9.20;60;20200915;000000;7432.0000000;7447.0000000;7432.0000000;7447.0000000;5
SPFB.HYDR-9.20;60;20200915;110000;7465.0000000;7486.0000000;7444.0000000;7477.0000000;310
SPFB.HYDR-9.20;60;20200915;120000;7477.0000000;7503.0000000;7471.0000000;7503.0000000;790
SPFB.HYDR-9.20;60;20200915;130000;7497.0000000;7512.0000000;7484.0000000;7490.0000000;268
SPFB.HYDR-9.20;60;20200915;140000;7490.0000000;7495.0000000;7475.0000000;7484.0000000;149
SPFB.HYDR-9.20;60;20200915;150000;7485.0000000;7498.0000000;7479.0000000;7498.0000000;419
SPFB.HYDR-9.20;60;20200915;160000;7498.0000000;7524.0000000;7487.0000000;7496.0000000;397
SPFB.HYDR-9.20;60;20200915;170000;7498.0000000;7529.0000000;7488.0000000;7521.0000000;418
SPFB.HYDR-9.20;60;20200915;180000;7521.0000000;7527.0000000;7514.0000000;7518.0000000;105
SPFB.HYDR-9.20;60;20200915;190000;7514.0000000;7518.0000000;7502.0000000;7502.0000000;232
SPFB.HYDR-9.20;60;20200915;200000;7510.0000000;7512.0000000;7496.0000000;7496.0000000;8
SPFB.HYDR-9.20;60;20200915;210000;7496.0000000;7515.0000000;7495.0000000;7510.0000000;24
SPFB.HYDR-9.20;60;20200915;220000;7496.0000000;7507.0000000;7496.0000000;7501.0000000;34
SPFB.HYDR-9.20;60;20200915;230000;7508.0000000;7511.0000000;7466.0000000;7494.0000000;219
SPFB.HYDR-9.20;60;20200916;000000;7499.0000000;7520.0000000;7493.0000000;7520.0000000;95
SPFB.HYDR-9.20;60;20200916;110000;7526.0000000;7621.0000000;7476.0000000;7621.0000000;2738
SPFB.HYDR-9.20;60;20200916;120000;7625.0000000;7649.0000000;7585.0000000;7586.0000000;656
SPFB.HYDR-9.20;60;20200916;130000;7584.0000000;7605.0000000;7577.0000000;7586.0000000;675
SPFB.HYDR-9.20;60;20200916;140000;7584.0000000;7584.0000000;7477.0000000;7490.0000000;550
SPFB.HYDR-9.20;60;20200916;150000;7495.0000000;7515.0000000;7493.0000000;7504.0000000;548
SPFB.HYDR-9.20;60;20200916;160000;7512.0000000;7535.0000000;7507.0000000;7529.0000000;235
SPFB.HYDR-9.20;60;20200916;170000;7522.0000000;7537.0000000;7510.0000000;7532.0000000;117
SPFB.HYDR-9.20;60;20200916;180000;7527.0000000;7543.0000000;7509.0000000;7512.0000000;831
SPFB.HYDR-9.20;60;20200916;190000;7510.0000000;7520.0000000;7441.0000000;7470.0000000;1863
SPFB.HYDR-9.20;60;20200916;200000;7481.0000000;7481.0000000;7469.0000000;7473.0000000;202
SPFB.HYDR-9.20;60;20200916;210000;7478.0000000;7488.0000000;7478.0000000;7488.0000000;80
SPFB.HYDR-9.20;60;20200916;220000;7490.0000000;7492.0000000;7486.0000000;7486.0000000;17
SPFB.HYDR-9.20;60;20200916;230000;7493.0000000;7494.0000000;7485.0000000;7491.0000000;29
SPFB.HYDR-9.20;60;20200917;000000;7491.0000000;7496.0000000;7490.0000000;7492.0000000;41
SPFB.HYDR-9.20;60;20200917;110000;7485.0000000;7540.0000000;7401.0000000;7537.0000000;977
SPFB.HYDR-9.20;60;20200917;120000;7543.0000000;7575.0000000;7519.0000000;7564.0000000;761
SPFB.HYDR-9.20;60;20200917;130000;7576.0000000;7618.0000000;7565.0000000;7599.0000000;576
SPFB.HYDR-9.20;60;20200917;140000;7601.0000000;7603.0000000;7580.0000000;7590.0000000;254
SPFB.HYDR-9.20;60;20200917;150000;7564.0000000;7604.0000000;7532.0000000;7532.0000000;447
SPFB.HYDR-9.20;60;20200917;160000;7557.0000000;7628.0000000;7557.0000000;7600.0000000;625
SPFB.HYDR-9.20;60;20200917;170000;7599.0000000;7604.0000000;7556.0000000;7604.0000000;1358
SPFB.HYDR-9.20;60;20200917;180000;7613.0000000;7620.0000000;7587.0000000;7589.0000000;189
SPFB.HYDR-9.20;60;20200917;190000;7587.0000000;7601.0000000;7573.0000000;7586.0000000;770
