<TICKER>;<PER>;<DATE>;<TIME>;<OPEN>;<HIGH>;<LOW>;<CLOSE>;<VOL>
SPFB.YNDF-6.20;60;20200406;110000;25600.0000000;25600.0000000;25600.0000000;25600.0000000;1
SPFB.YNDF-6.20;60;20200406;120000;25600.0000000;28879.0000000;25010.0000000;28879.0000000;9
SPFB.YNDF-6.20;60;20200406;130000;25748.0000000;25748.0000000;25602.0000000;25602.0000000;3
SPFB.YNDF-6.20;60;20200406;140000;25741.0000000;25950.0000000;25741.0000000;25794.0000000;5
SPFB.YNDF-6.20;60;20200406;150000;25982.0000000;25982.0000000;25751.0000000;25751.0000000;2
SPFB.YNDF-6.20;60;20200406;170000;25750.0000000;26065.0000000;25750.0000000;25750.0000000;3
SPFB.YNDF-6.20;60;20200406;190000;26000.0000000;26499.0000000;26000.0000000;26499.0000000;2
SPFB.YNDF-6.20;60;20200406;210000;28940.0000000;28940.0000000;26501.0000000;26501.0000000;2
SPFB.YNDF-6.20;60;20200406;220000;27500.0000000;27500.0000000;27500.0000000;27500.0000000;1
SPFB.YNDF-6.20;60;20200406;230000;26500.0000000;26500.0000000;26500.0000000;26500.0000000;4
SPFB.YNDF-6.20;60;20200407;110000;26599.0000000;26998.0000000;26599.0000000;26998.0000000;20
SPFB.YNDF-6.20;60;20200407;120000;26834.0000000;26961.0000000;26750.0000000;26850.0000000;80
SPFB.YNDF-6.20;60;20200407;130000;26850.0000000;26850.0000000;26760.0000000;26760.0000000;32
SPFB.YNDF-6.20;60;20200407;140000;26750.0000000;26750.0000000;26690.0000000;26691.0000000;53
SPFB.YNDF-6.20;60;20200407;150000;26970.0000000;26972.0000000;26700.0000000;26888.0000000;9
SPFB.YNDF-6.20;60;20200407;160000;26712.0000000;26971.0000000;26517.0000000;26971.0000000;57
SPFB.YNDF-6.20;60;20200407;170000;26970.0000000;26970.0000000;26970.0000000;26970.0000000;1
SPFB.YNDF-6.20;60;20200407;180000;26899.0000000;26899.0000000;26620.0000000;26620.0000000;6
SPFB.YNDF-6.20;60;20200407;220000;26820.0000000;26820.0000000;26451.0000000;26451.0000000;3
SPFB.YNDF-6.20;60;20200408;000000;26450.0000000;26450.0000000;26450.0000000;26450.0000000;1
SPFB.YNDF-6.20;60;20200408;110000;26382.0000000;26690.0000000;26382.0000000;26690.0000000;4
SPFB.YNDF-6.20;60;20200408;120000;26523.0000000;26523.0000000;26490.0000000;26490.0000000;2
SPFB.YNDF-6.20;60;20200408;160000;26780.0000000;26780.0000000;26780.0000000;26780.0000000;1
SPFB.YNDF-6.20;60;20200408;170000;26929.0000000;27060.0000000;26929.0000000;27060.0000000;7
SPFB.YNDF-6.20;60;20200408;180000;27180.0000000;27216.0000000;27090.0000000;27216.0000000;12
SPFB.YNDF-6.20;60;20200408;190000;27389.0000000;27500.0000000;27389.0000000;27500.0000000;8
SPFB.YNDF-6.20;60;20200408;210000;27220.0000000;27220.0000000;27065.0000000;27108.0000000;58
SPFB.YNDF-6.20;60;20200408;220000;27098.0000000;27314.0000000;27098.0000000;27269.0000000;14
SPFB.YNDF-6.20;60;20200409;110000;27319.0000000;27686.0000000;27319.0000000;27632.0000000;8
SPFB.YNDF-6.20;60;20200409;120000;27488.0000000;27489.0000000;27230.0000000;27230.0000000;33
SPFB.YNDF-6.20;60;20200409;130000;27400.0000000;27424.0000000;27400.0000000;27424.0000000;2
SPFB.YNDF-6.20;60;20200409;140000;27440.0000000;27530.0000000;27401.0000000;27530.0000000;9
SPFB.YNDF-6.20;60;20200409;150000;27437.0000000;27437.0000000;26929.0000000;27050.0000000;20
SPFB.YNDF-6.20;60;20200409;160000;27116.0000000;27484.0000000;27116.0000000;27484.0000000;4
SPFB.YNDF-6.20;60;20200409;170000;27442.0000000;27442.0000000;27175.0000000;27191.0000000;9
SPFB.YNDF-6.20;60;20200409;180000;27050.0000000;27126.0000000;27027.0000000;27115.0000000;16
SPFB.YNDF-6.20;60;20200409;190000;27150.0000000;27150.0000000;27039.0000000;27096.0000000;22
SPFB.YNDF-6.20;60;20200409;220000;26955.0000000;26955.0000000;26955.0000000;26955.0000000;1
SPFB.YNDF-6.20;60;20200409;230000;27399.0000000;27399.0000000;27399.0000000;27399.0000000;1
SPFB.YNDF-6.20;60;20200410;110000;27004.0000000;27257.0000000;27000.0000000;27151.0000000;17
SPFB.YNDF-6.20;60;20200410;120000;27002.0000000;27002.0000000;26973.0000000;26973.0000000;5
SPFB.YNDF-6.20;60;20200410;130000;27033.0000000;27073.0000000;27033.0000000;27073.0000000;8
SPFB.YNDF-6.20;60;20200410;140000;27035.0000000;27126.0000000;26941.0000000;27126.0000000;4
SPFB.YNDF-6.20;60;20200410;150000;27494.0000000;27494.0000000;27494.0000000;27494.0000000;3
SPFB.YNDF-6.20;60;20200410;160000;27200.0000000;27231.0000000;27200.0000000;27231.0000000;2
SPFB.YNDF-6.20;60;20200410;170000;27202.0000000;27240.0000000;27202.0000000;27240.0000000;3
SPFB.YNDF-6.20;60;20200410;180000;27250.0000000;27261.0000000;27250.0000000;27261.0000000;3
SPFB.YNDF-6.20;60;20200410;190000;27272.0000000;27272.0000000;27272.0000000;27272.0000000;2
SPFB.YNDF-6.20;60;20200413;110000;27176.0000000;27176.0000000;26955.0000000;26960.0000000;9
SPFB.YNDF-6.20;60;20200413;120000;26517.0000000;26517.0000000;26517.0000000;26517.0000000;10
SPFB.YNDF-6.20;60;20200413;130000;26011.0000000;26785.0000000;26011.0000000;26683.0000000;3
SPFB.YNDF-6.20;60;20200413;140000;26787.0000000;26787.0000000;26711.0000000;26787.0000000;3
SPFB.YNDF-6.20;60;20200413;150000;26886.0000000;26886.0000000;26800.0000000;26800.0000000;10
SPFB.YNDF-6.20;60;20200413;180000;26715.0000000;26715.0000000;26683.0000000;26683.0000000;15
SPFB.YNDF-6.20;60;20200413;190000;26683.0000000;26683.0000000;26683.0000000;26683.0000000;1
SPFB.YNDF-6.20;60;20200413;230000;26850.0000000;26850.0000000;26850.0000000;26850.0000000;3
SPFB.YNDF-6.20;60;20200414;000000;26900.0000000;28598.0000000;26501.0000000;26501.0000000;12
SPFB.YNDF-6.20;60;20200414;110000;27149.0000000;27319.0000000;27149.0000000;27287.0000000;12
SPFB.YNDF-6.20;60;20200414;120000;27249.0000000;27249.0000000;27237.0000000;27240.0000000;7
SPFB.YNDF-6.20;60;20200414;130000;27239.0000000;27256.0000000;27239.0000000;27256.0000000;2
SPFB.YNDF-6.20;60;20200414;140000;27244.0000000;27244.0000000;27226.0000000;27240.0000000;22
SPFB.YNDF-6.20;60;20200414;150000;27234.0000000;27234.0000000;27232.0000000;27232.0000000;2
SPFB.YNDF-6.20;60;20200414;160000;27270.0000000;27300.0000000;27270.0000000;27300.0000000;3
SPFB.YNDF-6.20;60;20200414;170000;27455.0000000;27800.0000000;27439.0000000;27800.0000000;9
SPFB.YNDF-6.20;60;20200414;180000;27984.0000000;28000.0000000;27660.0000000;27875.0000000;82
SPFB.YNDF-6.20;60;20200414;190000;27690.0000000;27850.0000000;27690.0000000;27815.0000000;4
SPFB.YNDF-6.20;60;20200414;220000;27900.0000000;27995.0000000;27900.0000000;27995.0000000;10
SPFB.YNDF-6.20;60;20200414;230000;27700.0000000;27700.0000000;27700.0000000;27700.0000000;3
SPFB.YNDF-6.20;60;20200415;000000;27601.0000000;27601.0000000;27573.0000000;27599.0000000;8
SPFB.YNDF-6.20;60;20200415;110000;27501.0000000;27514.0000000;26096.0000000;27100.0000000;46
SPFB.YNDF-6.20;60;20200415;120000;27033.0000000;27047.0000000;26895.0000000;26901.0000000;14
SPFB.YNDF-6.20;60;20200415;130000;26900.0000000;26999.0000000;26600.0000000;26909.0000000;76
SPFB.YNDF-6.20;60;20200415;140000;26996.0000000;26996.0000000;26996.0000000;26996.0000000;1
SPFB.YNDF-6.20;60;20200415;150000;27031.0000000;27031.0000000;26800.0000000;26801.0000000;23
SPFB.YNDF-6.20;60;20200415;160000;26717.0000000;26781.0000000;26596.0000000;26596.0000000;11
SPFB.YNDF-6.20;60;20200415;170000;26552.0000000;26586.0000000;26400.0000000;26400.0000000;8
SPFB.YNDF-6.20;60;20200415;180000;26400.0000000;26400.0000000;26202.0000000;26263.0000000;6
SPFB.YNDF-6.20;60;20200415;190000;26281.0000000;26441.0000000;25503.0000000;26397.0000000;30
SPFB.YNDF-6.20;60;20200415;200000;25751.0000000;26746.0000000;25751.0000000;26500.0000000;4
SPFB.YNDF-6.20;60;20200415;210000;26500.0000000;26700.0000000;26500.0000000;26700.0000000;4
SPFB.YNDF-6.20;60;20200415;220000;26585.0000000;26585.0000000;26585.0000000;26585.0000000;1
SPFB.YNDF-6.20;60;20200416;110000;26450.0000000;26873.0000000;26188.0000000;26873.0000000;26
SPFB.YNDF-6.20;60;20200416;120000;26900.0000000;26900.0000000;26669.0000000;26691.0000000;23
SPFB.YNDF-6.20;60;20200416;130000;26745.0000000;26763.0000000;26745.0000000;26763.0000000;2
SPFB.YNDF-6.20;60;20200416;140000;26849.0000000;26849.0000000;26849.0000000;26849.0000000;5
SPFB.YNDF-6.20;60;20200416;160000;26733.0000000;26733.0000000;26733.0000000;26733.0000000;1
SPFB.YNDF-6.20;60;20200416;170000;26607.0000000;26607.0000000;25885.0000000;25887.0000000;71
SPFB.YNDF-6.20;60;20200416;180000;26251.0000000;26251.0000000;26211.0000000;26211.0000000;2
SPFB.YNDF-6.20;60;20200416;190000;26499.0000000;26619.0000000;26499.0000000;26611.0000000;9
SPFB.YNDF-6.20;60;20200417;000000;26740.0000000;26740.0000000;26603.0000000;26603.0000000;4
SPFB.YNDF-6.20;60;20200417;110000;26747.0000000;26825.0000000;26747.0000000;26813.0000000;18
SPFB.YNDF-6.20;60;20200417;120000;26600.0000000;26600.0000000;26600.0000000;26600.0000000;2
SPFB.YNDF-6.20;60;20200417;140000;26803.0000000;26933.0000000;26803.0000000;26933.0000000;43
SPFB.YNDF-6.20;60;20200417;150000;26725.0000000;26726.0000000;26725.0000000;26725.0000000;35
SPFB.YNDF-6.20;60;20200417;160000;26725.0000000;26944.0000000;26725.0000000;26944.0000000;3
SPFB.YNDF-6.20;60;20200417;170000;26850.0000000;26850.0000000;26500.0000000;26700.0000000;48
SPFB.YNDF-6.20;60;20200417;180000;26739.0000000;26739.0000000;26645.0000000;26645.0000000;3
SPFB.YNDF-6.20;60;20200417;230000;26746.0000000;26747.0000000;26746.0000000;26747.0000000;3
SPFB.YNDF-6.20;60;20200420;110000;26898.0000000;27249.0000000;26877.0000000;27101.0000000;72
SPFB.YNDF-6.20;60;20200420;120000;27147.0000000;27211.0000000;27037.0000000;27037.0000000;4
SPFB.YNDF-6.20;60;20200420;130000;27149.0000000;27149.0000000;27093.0000000;27093.0000000;7
SPFB.YNDF-6.20;60;20200420;140000;27050.0000000;27101.0000000;26989.0000000;27101.0000000;16
SPFB.YNDF-6.20;60;20200420;150000;26811.0000000;26811.0000000;26700.0000000;26700.0000000;5
SPFB.YNDF-6.20;60;20200420;160000;26733.0000000;27082.0000000;26733.0000000;26953.0000000;39
SPFB.YNDF-6.20;60;20200420;170000;26965.0000000;27435.0000000;26965.0000000;27435.0000000;43
SPFB.YNDF-6.20;60;20200420;180000;27547.0000000;27614.0000000;27453.0000000;27535.0000000;15
SPFB.YNDF-6.20;60;20200420;190000;27419.0000000;27600.0000000;27419.0000000;27600.0000000;43
SPFB.YNDF-6.20;60;20200420;210000;27501.0000000;27820.0000000;27501.0000000;27820.0000000;2
SPFB.YNDF-6.20;60;20200420;220000;28050.0000000;28050.0000000;28050.0000000;28050.0000000;1
SPFB.YNDF-6.20;60;20200420;230000;27424.0000000;27424.0000000;27042.0000000;27042.0000000;35
SPFB.YNDF-6.20;60;20200421;000000;27040.0000000;27040.0000000;27040.0000000;27040.0000000;10
SPFB.YNDF-6.20;60;20200421;110000;27002.0000000;27178.0000000;26827.0000000;27000.0000000;94
SPFB.YNDF-6.20;60;20200421;120000;26978.0000000;27099.0000000;26974.0000000;27099.0000000;26
SPFB.YNDF-6.20;60;20200421;130000;27096.0000000;27149.0000000;26793.0000000;26999.0000000;33
SPFB.YNDF-6.20;60;20200421;140000;27099.0000000;27147.0000000;26855.0000000;26855.0000000;29
SPFB.YNDF-6.20;60;20200421;150000;26866.0000000;26866.0000000;26837.0000000;26837.0000000;30
SPFB.YNDF-6.20;60;20200421;160000;26751.0000000;26751.0000000;26400.0000000;26400.0000000;64
SPFB.YNDF-6.20;60;20200421;170000;26369.0000000;26788.0000000;26340.0000000;26700.0000000;56
SPFB.YNDF-6.20;60;20200421;180000;26799.0000000;26950.0000000;26750.0000000;26823.0000000;37
SPFB.YNDF-6.20;60;20200421;190000;26751.0000000;26999.0000000;26651.0000000;26765.0000000;26
SPFB.YNDF-6.20;60;20200421;200000;26751.0000000;26799.0000000;26751.0000000;26751.0000000;3
SPFB.YNDF-6.20;60;20200422;000000;26601.0000000;26601.0000000;26601.0000000;26601.0000000;1
SPFB.YNDF-6.20;60;20200422;110000;26601.0000000;27100.0000000;26601.0000000;27023.0000000;81
SPFB.YNDF-6.20;60;20200422;120000;27100.0000000;27100.0000000;27100.0000000;27100.0000000;2
SPFB.YNDF-6.20;60;20200422;130000;27000.0000000;27109.0000000;26981.0000000;27109.0000000;49
SPFB.YNDF-6.20;60;20200422;140000;27129.0000000;27297.0000000;26917.0000000;26917.0000000;23
SPFB.YNDF-6.20;60;20200422;160000;26962.0000000;27057.0000000;26950.0000000;27057.0000000;5
SPFB.YNDF-6.20;60;20200422;170000;27197.0000000;27232.0000000;26501.0000000;26637.0000000;66
SPFB.YNDF-6.20;60;20200422;180000;26697.0000000;26800.0000000;26600.0000000;26800.0000000;11
SPFB.YNDF-6.20;60;20200422;190000;26803.0000000;26840.0000000;26782.0000000;26815.0000000;22
SPFB.YNDF-6.20;60;20200422;200000;26840.0000000;26840.0000000;26601.0000000;26650.0000000;3
SPFB.YNDF-6.20;60;20200422;220000;26602.0000000;26602.0000000;26601.0000000;26601.0000000;2
SPFB.YNDF-6.20;60;20200422;230000;26649.0000000;26649.0000000;26649.0000000;26649.0000000;1
SPFB.YNDF-6.20;60;20200423;000000;26780.0000000;27376.0000000;26601.0000000;26601.0000000;17
SPFB.YNDF-6.20;60;20200423;110000;26994.0000000;26994.0000000;26501.0000000;26646.0000000;50
SPFB.YNDF-6.20;60;20200423;120000;26689.0000000;26749.0000000;26106.0000000;26648.0000000;37
SPFB.YNDF-6.20;60;20200423;130000;26601.0000000;26849.0000000;26580.0000000;26849.0000000;21
SPFB.YNDF-6.20;60;20200423;140000;26751.0000000;26751.0000000;26701.0000000;26701.0000000;2
SPFB.YNDF-6.20;60;20200423;150000;26725.0000000;26725.0000000;26725.0000000;26725.0000000;3
SPFB.YNDF-6.20;60;20200423;170000;26668.0000000;26668.0000000;26601.0000000;26601.0000000;3
SPFB.YNDF-6.20;60;20200423;180000;26677.0000000;26769.0000000;26677.0000000;26750.0000000;6
SPFB.YNDF-6.20;60;20200423;190000;26701.0000000;26701.0000000;26637.0000000;26688.0000000;20
SPFB.YNDF-6.20;60;20200423;210000;26601.0000000;26601.0000000;26601.0000000;26601.0000000;1
SPFB.YNDF-6.20;60;20200423;230000;26501.0000000;26501.0000000;26351.0000000;26351.0000000;4
SPFB.YNDF-6.20;60;20200424;000000;26301.0000000;26301.0000000;26301.0000000;26301.0000000;1
SPFB.YNDF-6.20;60;20200424;110000;26399.0000000;26570.0000000;26300.0000000;26397.0000000;37
SPFB.YNDF-6.20;60;20200424;120000;26301.0000000;26404.0000000;26235.0000000;26398.0000000;38
SPFB.YNDF-6.20;60;20200424;130000;26497.0000000;26550.0000000;26497.0000000;26550.0000000;2
SPFB.YNDF-6.20;60;20200424;140000;26449.0000000;26449.0000000;26449.0000000;26449.0000000;1
SPFB.YNDF-6.20;60;20200424;150000;26590.0000000;26656.0000000;26401.0000000;26478.0000000;13
SPFB.YNDF-6.20;60;20200424;160000;26495.0000000;26699.0000000;26495.0000000;26671.0000000;8
SPFB.YNDF-6.20;60;20200424;170000;26671.0000000;26730.0000000;26501.0000000;26501.0000000;29
SPFB.YNDF-6.20;60;20200424;180000;26401.0000000;26499.0000000;26401.0000000;26499.0000000;2
SPFB.YNDF-6.20;60;20200424;190000;26401.0000000;26429.0000000;26344.0000000;26344.0000000;5
SPFB.YNDF-6.20;60;20200424;220000;26499.0000000;26600.0000000;26499.0000000;26600.0000000;3
SPFB.YNDF-6.20;60;20200425;000000;26649.0000000;26798.0000000;26649.0000000;26798.0000000;6
SPFB.YNDF-6.20;60;20200427;110000;26800.0000000;27149.0000000;26800.0000000;26971.0000000;22
SPFB.YNDF-6.20;60;20200427;120000;27022.0000000;27080.0000000;26951.0000000;26951.0000000;41
SPFB.YNDF-6.20;60;20200427;140000;26901.0000000;26901.0000000;26901.0000000;26901.0000000;1
SPFB.YNDF-6.20;60;20200427;160000;26808.0000000;26815.0000000;26701.0000000;26701.0000000;11
SPFB.YNDF-6.20;60;20200427;170000;26750.0000000;27090.0000000;26745.0000000;27090.0000000;47
SPFB.YNDF-6.20;60;20200427;180000;27149.0000000;27209.0000000;27100.0000000;27205.0000000;7
SPFB.YNDF-6.20;60;20200427;190000;27220.0000000;27326.0000000;27220.0000000;27326.0000000;13
SPFB.YNDF-6.20;60;20200427;210000;27108.0000000;27108.0000000;27105.0000000;27105.0000000;2
SPFB.YNDF-6.20;60;20200427;220000;27200.0000000;27200.0000000;27200.0000000;27200.0000000;1
SPFB.YNDF-6.20;60;20200427;230000;27290.0000000;27400.0000000;27290.0000000;27400.0000000;9
SPFB.YNDF-6.20;60;20200428;000000;27201.0000000;27201.0000000;27201.0000000;27201.0000000;2
SPFB.YNDF-6.20;60;20200428;110000;27350.0000000;27710.0000000;27350.0000000;27530.0000000;48
SPFB.YNDF-6.20;60;20200428;120000;27562.0000000;27630.0000000;27560.0000000;27630.0000000;10
SPFB.YNDF-6.20;60;20200428;130000;27500.0000000;28480.0000000;27500.0000000;27884.0000000;98
SPFB.YNDF-6.20;60;20200428;140000;27908.0000000;28070.0000000;24800.0000000;27800.0000000;192
SPFB.YNDF-6.20;60;20200428;150000;28033.0000000;28075.0000000;28033.0000000;28043.0000000;9
SPFB.YNDF-6.20;60;20200428;160000;28202.0000000;28770.0000000;28202.0000000;28770.0000000;12
SPFB.YNDF-6.20;60;20200428;170000;28590.0000000;28969.0000000;27901.0000000;28071.0000000;89
SPFB.YNDF-6.20;60;20200428;180000;27945.0000000;28149.0000000;27200.0000000;27449.0000000;127
SPFB.YNDF-6.20;60;20200428;190000;27499.0000000;27768.0000000;27499.0000000;27701.0000000;24
SPFB.YNDF-6.20;60;20200428;200000;27651.0000000;27699.0000000;27551.0000000;27699.0000000;6
SPFB.YNDF-6.20;60;20200428;220000;27699.0000000;27699.0000000;27699.0000000;27699.0000000;1
SPFB.YNDF-6.20;60;20200428;230000;27748.0000000;27749.0000000;27701.0000000;27701.0000000;4
SPFB.YNDF-6.20;60;20200429;000000;27747.0000000;27799.0000000;27747.0000000;27799.0000000;3
SPFB.YNDF-6.20;60;20200429;110000;27849.0000000;28199.0000000;27849.0000000;28101.0000000;25
SPFB.YNDF-6.20;60;20200429;120000;28101.0000000;28370.0000000;28101.0000000;28339.0000000;14
SPFB.YNDF-6.20;60;20200429;130000;28499.0000000;28500.0000000;28485.0000000;28485.0000000;62
SPFB.YNDF-6.20;60;20200429;140000;28350.0000000;28510.0000000;28347.0000000;28347.0000000;129
SPFB.YNDF-6.20;60;20200429;150000;28419.0000000;28441.0000000;28259.0000000;28259.0000000;16
SPFB.YNDF-6.20;60;20200429;160000;28399.0000000;28399.0000000;28399.0000000;28399.0000000;1
SPFB.YNDF-6.20;60;20200429;170000;28301.0000000;29000.0000000;28301.0000000;28755.0000000;76
SPFB.YNDF-6.20;60;20200429;180000;28735.0000000;28735.0000000;28443.0000000;28443.0000000;14
SPFB.YNDF-6.20;60;20200429;190000;28623.0000000;28801.0000000;28623.0000000;28801.0000000;71
SPFB.YNDF-6.20;60;20200429;200000;28850.0000000;28850.0000000;28849.0000000;28850.0000000;23
SPFB.YNDF-6.20;60;20200429;220000;28896.0000000;28942.0000000;28896.0000000;28942.0000000;3
SPFB.YNDF-6.20;60;20200429;230000;28978.0000000;28978.0000000;28978.0000000;28978.0000000;1
SPFB.YNDF-6.20;60;20200430;000000;29486.0000000;29486.0000000;29486.0000000;29486.0000000;1
SPFB.YNDF-6.20;60;20200430;110000;29398.0000000;29398.0000000;28860.0000000;28860.0000000;16
SPFB.YNDF-6.20;60;20200430;120000;28710.0000000;28868.0000000;28403.0000000;28700.0000000;55
SPFB.YNDF-6.20;60;20200430;130000;28700.0000000;28700.0000000;28700.0000000;28700.0000000;2
SPFB.YNDF-6.20;60;20200430;140000;28794.0000000;28850.0000000;28500.0000000;28596.0000000;46
SPFB.YNDF-6.20;60;20200430;150000;28400.0000000;28414.0000000;28350.0000000;28357.0000000;9
SPFB.YNDF-6.20;60;20200430;160000;28351.0000000;28525.0000000;28340.0000000;28525.0000000;27
SPFB.YNDF-6.20;60;20200430;170000;28355.0000000;29097.0000000;28341.0000000;29005.0000000;75
SPFB.YNDF-6.20;60;20200430;180000;28745.0000000;28745.0000000;28745.0000000;28745.0000000;1
SPFB.YNDF-6.20;60;20200430;210000;28990.0000000;28990.0000000;28990.0000000;28990.0000000;1
SPFB.YNDF-6.20;60;20200430;220000;28595.0000000;28595.0000000;28585.0000000;28585.0000000;4
SPFB.YNDF-6.20;60;20200504;110000;28400.0000000;28400.0000000;27897.0000000;28179.0000000;51
SPFB.YNDF-6.20;60;20200504;120000;28217.0000000;28217.0000000;28011.0000000;28071.0000000;39
SPFB.YNDF-6.20;60;20200504;130000;28055.0000000;28279.0000000;28041.0000000;28279.0000000;119
SPFB.YNDF-6.20;60;20200504;140000;28259.0000000;28299.0000000;28185.0000000;28247.0000000;8
SPFB.YNDF-6.20;60;20200504;150000;28247.0000000;28259.0000000;28247.0000000;28259.0000000;3
SPFB.YNDF-6.20;60;20200504;160000;28297.0000000;28394.0000000;28297.0000000;28360.0000000;4
SPFB.YNDF-6.20;60;20200504;170000;28351.0000000;28351.0000000;28161.0000000;28261.0000000;14
SPFB.YNDF-6.20;60;20200504;180000;28299.0000000;28599.0000000;28299.0000000;28427.0000000;35
SPFB.YNDF-6.20;60;20200504;190000;28401.0000000;28449.0000000;28401.0000000;28449.0000000;2
SPFB.YNDF-6.20;60;20200504;220000;28381.0000000;28381.0000000;28381.0000000;28381.0000000;1
SPFB.YNDF-6.20;60;20200504;230000;28449.0000000;28999.0000000;28449.0000000;28799.0000000;43
SPFB.YNDF-6.20;60;20200505;110000;28833.0000000;28909.0000000;28705.0000000;28705.0000000;40
SPFB.YNDF-6.20;60;20200505;120000;28704.0000000;28747.0000000;28500.0000000;28500.0000000;13
SPFB.YNDF-6.20;60;20200505;130000;28561.0000000;28561.0000000;28561.0000000;28561.0000000;1
SPFB.YNDF-6.20;60;20200505;140000;28599.0000000;28599.0000000;28551.0000000;28551.0000000;3
SPFB.YNDF-6.20;60;20200505;150000;28402.0000000;28551.0000000;28401.0000000;28551.0000000;3
SPFB.YNDF-6.20;60;20200505;160000;28629.0000000;28704.0000000;28629.0000000;28704.0000000;6
SPFB.YNDF-6.20;60;20200505;170000;28684.0000000;28695.0000000;28589.0000000;28644.0000000;53
SPFB.YNDF-6.20;60;20200505;180000;28600.0000000;28600.0000000;28600.0000000;28600.0000000;2
SPFB.YNDF-6.20;60;20200505;210000;28501.0000000;28501.0000000;28501.0000000;28501.0000000;1
SPFB.YNDF-6.20;60;20200506;110000;28694.0000000;28752.0000000;28501.0000000;28501.0000000;29
SPFB.YNDF-6.20;60;20200506;120000;28549.0000000;28800.0000000;28501.0000000;28800.0000000;13
SPFB.YNDF-6.20;60;20200506;130000;28751.0000000;28800.0000000;28751.0000000;28751.0000000;4
SPFB.YNDF-6.20;60;20200506;140000;28772.0000000;28821.0000000;28730.0000000;28730.0000000;6
SPFB.YNDF-6.20;60;20200506;150000;28701.0000000;28701.0000000;28502.0000000;28580.0000000;29
SPFB.YNDF-6.20;60;20200506;160000;28551.0000000;28649.0000000;28551.0000000;28551.0000000;5
SPFB.YNDF-6.20;60;20200506;170000;28649.0000000;28990.0000000;28649.0000000;28701.0000000;27
SPFB.YNDF-6.20;60;20200506;180000;28749.0000000;28849.0000000;28551.0000000;28849.0000000;11
SPFB.YNDF-6.20;60;20200506;190000;28801.0000000;28801.0000000;28700.0000000;28798.0000000;25
SPFB.YNDF-6.20;60;20200506;210000;28748.0000000;28799.0000000;28748.0000000;28799.0000000;3
SPFB.YNDF-6.20;60;20200506;230000;28799.0000000;28799.0000000;28751.0000000;28751.0000000;3
SPFB.YNDF-6.20;60;20200507;000000;28701.0000000;28701.0000000;28701.0000000;28701.0000000;1
SPFB.YNDF-6.20;60;20200507;110000;28799.0000000;29000.0000000;28749.0000000;28801.0000000;17
SPFB.YNDF-6.20;60;20200507;120000;28751.0000000;28849.0000000;28751.0000000;28849.0000000;4
SPFB.YNDF-6.20;60;20200507;130000;28890.0000000;28999.0000000;28890.0000000;28999.0000000;9
SPFB.YNDF-6.20;60;20200507;140000;28978.0000000;28978.0000000;28978.0000000;28978.0000000;1
SPFB.YNDF-6.20;60;20200507;150000;28953.0000000;29184.0000000;28901.0000000;29020.0000000;18
SPFB.YNDF-6.20;60;20200507;160000;29007.0000000;29167.0000000;29007.0000000;29167.0000000;7
SPFB.YNDF-6.20;60;20200507;170000;28951.0000000;29008.0000000;28951.0000000;28982.0000000;3
SPFB.YNDF-6.20;60;20200507;180000;28901.0000000;29231.0000000;28901.0000000;29231.0000000;6
SPFB.YNDF-6.20;60;20200507;190000;29260.0000000;29363.0000000;29131.0000000;29131.0000000;23
SPFB.YNDF-6.20;60;20200507;210000;29595.0000000;29673.0000000;29595.0000000;29608.0000000;11
SPFB.YNDF-6.20;60;20200507;220000;29400.0000000;29750.0000000;29400.0000000;29701.0000000;79
SPFB.YNDF-6.20;60;20200507;230000;29755.0000000;29879.0000000;29755.0000000;29820.0000000;33
SPFB.YNDF-6.20;60;20200508;000000;29766.0000000;29800.0000000;29750.0000000;29750.0000000;72
SPFB.YNDF-6.20;60;20200508;110000;29850.0000000;29850.0000000;29700.0000000;29700.0000000;46
SPFB.YNDF-6.20;60;20200508;120000;29700.0000000;29855.0000000;29700.0000000;29750.0000000;49
SPFB.YNDF-6.20;60;20200508;130000;29758.0000000;29758.0000000;29758.0000000;29758.0000000;25
SPFB.YNDF-6.20;60;20200508;140000;29758.0000000;29758.0000000;29758.0000000;29758.0000000;1
SPFB.YNDF-6.20;60;20200508;150000;29720.0000000;29720.0000000;29503.0000000;29606.0000000;15
SPFB.YNDF-6.20;60;20200508;160000;29606.0000000;29790.0000000;29606.0000000;29790.0000000;8
SPFB.YNDF-6.20;60;20200508;170000;29821.0000000;30000.0000000;29771.0000000;30000.0000000;121
SPFB.YNDF-6.20;60;20200508;180000;30000.0000000;30000.0000000;29733.0000000;29733.0000000;38
SPFB.YNDF-6.20;60;20200508;190000;29700.0000000;29795.0000000;29635.0000000;29795.0000000;17
SPFB.YNDF-6.20;60;20200512;110000;29800.0000000;29820.0000000;29618.0000000;29618.0000000;94
SPFB.YNDF-6.20;60;20200512;140000;29640.0000000;29709.0000000;29640.0000000;29709.0000000;22
SPFB.YNDF-6.20;60;20200512;150000;29700.0000000;29749.0000000;29700.0000000;29701.0000000;5
SPFB.YNDF-6.20;60;20200512;160000;29673.0000000;29673.0000000;29659.0000000;29659.0000000;34
SPFB.YNDF-6.20;60;20200512;170000;29699.0000000;29700.0000000;29431.0000000;29444.0000000;16
SPFB.YNDF-6.20;60;20200512;180000;29484.0000000;29715.0000000;29484.0000000;29715.0000000;7
SPFB.YNDF-6.20;60;20200512;190000;29749.0000000;29839.0000000;29749.0000000;29799.0000000;25
SPFB.YNDF-6.20;60;20200512;230000;29751.0000000;29751.0000000;29651.0000000;29651.0000000;3
SPFB.YNDF-6.20;60;20200513;000000;29601.0000000;29601.0000000;29351.0000000;29351.0000000;7
SPFB.YNDF-6.20;60;20200513;110000;29468.0000000;29599.0000000;29101.0000000;29299.0000000;54
SPFB.YNDF-6.20;60;20200513;120000;29299.0000000;29500.0000000;29299.0000000;29351.0000000;19
SPFB.YNDF-6.20;60;20200513;130000;29301.0000000;29499.0000000;29301.0000000;29491.0000000;6
SPFB.YNDF-6.20;60;20200513;140000;29451.0000000;29451.0000000;29391.0000000;29451.0000000;19
SPFB.YNDF-6.20;60;20200513;150000;29487.0000000;29499.0000000;29351.0000000;29499.0000000;25
SPFB.YNDF-6.20;60;20200513;160000;29412.0000000;29412.0000000;29412.0000000;29412.0000000;1
SPFB.YNDF-6.20;60;20200513;170000;29401.0000000;29599.0000000;29251.0000000;29251.0000000;23
SPFB.YNDF-6.20;60;20200513;180000;29201.0000000;29399.0000000;29151.0000000;29199.0000000;36
SPFB.YNDF-6.20;60;20200513;190000;29249.0000000;29299.0000000;29101.0000000;29153.0000000;22
SPFB.YNDF-6.20;60;20200513;200000;29101.0000000;29150.0000000;29101.0000000;29149.0000000;13
SPFB.YNDF-6.20;60;20200513;210000;29101.0000000;29101.0000000;29101.0000000;29101.0000000;1
SPFB.YNDF-6.20;60;20200513;220000;29051.0000000;29051.0000000;29001.0000000;29001.0000000;4
SPFB.YNDF-6.20;60;20200514;110000;28801.0000000;28862.0000000;28581.0000000;28614.0000000;46
SPFB.YNDF-6.20;60;20200514;120000;28601.0000000;28816.0000000;28601.0000000;28765.0000000;13
SPFB.YNDF-6.20;60;20200514;130000;28897.0000000;28897.0000000;28897.0000000;28897.0000000;1
SPFB.YNDF-6.20;60;20200514;140000;28851.0000000;28851.0000000;28851.0000000;28851.0000000;1
SPFB.YNDF-6.20;60;20200514;150000;28701.0000000;28701.0000000;28698.0000000;28698.0000000;2
SPFB.YNDF-6.20;60;20200514;160000;28638.0000000;28726.0000000;28433.0000000;28598.0000000;98
SPFB.YNDF-6.20;60;20200514;170000;28568.0000000;28648.0000000;28350.0000000;28350.0000000;18
SPFB.YNDF-6.20;60;20200514;180000;28051.0000000;28135.0000000;27911.0000000;28076.0000000;36
SPFB.YNDF-6.20;60;20200514;190000;28439.0000000;28515.0000000;28439.0000000;28515.0000000;19
SPFB.YNDF-6.20;60;20200514;200000;28549.0000000;28649.0000000;27911.0000000;28649.0000000;6
SPFB.YNDF-6.20;60;20200514;210000;28745.0000000;28745.0000000;28706.0000000;28706.0000000;20
SPFB.YNDF-6.20;60;20200514;230000;28720.0000000;28720.0000000;28720.0000000;28720.0000000;5
SPFB.YNDF-6.20;60;20200515;000000;28720.0000000;28720.0000000;28720.0000000;28720.0000000;15
SPFB.YNDF-6.20;60;20200515;110000;28720.0000000;29048.0000000;28720.0000000;29000.0000000;28
SPFB.YNDF-6.20;60;20200515;120000;29000.0000000;29028.0000000;28900.0000000;28900.0000000;26
SPFB.YNDF-6.20;60;20200515;130000;28900.0000000;28916.0000000;28900.0000000;28900.0000000;3
SPFB.YNDF-6.20;60;20200515;140000;28843.0000000;28912.0000000;28801.0000000;28801.0000000;3
SPFB.YNDF-6.20;60;20200515;150000;28800.0000000;28800.0000000;28505.0000000;28555.0000000;13
SPFB.YNDF-6.20;60;20200515;160000;28600.0000000;28600.0000000;28433.0000000;28433.0000000;4
SPFB.YNDF-6.20;60;20200515;170000;28305.0000000;28405.0000000;28002.0000000;28405.0000000;21
SPFB.YNDF-6.20;60;20200515;190000;28453.0000000;28472.0000000;28453.0000000;28472.0000000;2
SPFB.YNDF-6.20;60;20200515;220000;28729.0000000;28729.0000000;28729.0000000;28729.0000000;1
SPFB.YNDF-6.20;60;20200516;000000;28550.0000000;28601.0000000;28550.0000000;28601.0000000;4
SPFB.YNDF-6.20;60;20200518;110000;28730.0000000;29199.0000000;28730.0000000;29023.0000000;36
SPFB.YNDF-6.20;60;20200518;120000;29204.0000000;29347.0000000;29199.0000000;29347.0000000;34
SPFB.YNDF-6.20;60;20200518;130000;29349.0000000;29398.0000000;29301.0000000;29363.0000000;8
SPFB.YNDF-6.20;60;20200518;140000;29399.0000000;29400.0000000;29399.0000000;29400.0000000;3
SPFB.YNDF-6.20;60;20200518;150000;29360.0000000;29450.0000000;29360.0000000;29450.0000000;3
SPFB.YNDF-6.20;60;20200518;170000;29360.0000000;29489.0000000;29202.0000000;29334.0000000;41
SPFB.YNDF-6.20;60;20200518;180000;29380.0000000;29499.0000000;29309.0000000;29499.0000000;6
SPFB.YNDF-6.20;60;20200518;190000;29499.0000000;29577.0000000;29402.0000000;29402.0000000;18
SPFB.YNDF-6.20;60;20200518;230000;29583.0000000;29599.0000000;29583.0000000;29599.0000000;2
SPFB.YNDF-6.20;60;20200519;110000;29749.0000000;29989.0000000;29599.0000000;29599.0000000;52
SPFB.YNDF-6.20;60;20200519;120000;29649.0000000;29649.0000000;29369.0000000;29548.0000000;31
SPFB.YNDF-6.20;60;20200519;130000;29549.0000000;29549.0000000;29501.0000000;29549.0000000;4
SPFB.YNDF-6.20;60;20200519;140000;29542.0000000;29648.0000000;29505.0000000;29505.0000000;6
SPFB.YNDF-6.20;60;20200519;150000;29649.0000000;29649.0000000;29601.0000000;29601.0000000;2
SPFB.YNDF-6.20;60;20200519;160000;29632.0000000;29694.0000000;29611.0000000;29694.0000000;24
SPFB.YNDF-6.20;60;20200519;170000;29601.0000000;29634.0000000;29601.0000000;29634.0000000;2
SPFB.YNDF-6.20;60;20200519;180000;29612.0000000;29682.0000000;29590.0000000;29668.0000000;13
SPFB.YNDF-6.20;60;20200519;190000;29679.0000000;29899.0000000;29621.0000000;29621.0000000;15
SPFB.YNDF-6.20;60;20200519;210000;29930.0000000;29930.0000000;29930.0000000;29930.0000000;2
SPFB.YNDF-6.20;60;20200519;230000;29820.0000000;29820.0000000;29820.0000000;29820.0000000;1
SPFB.YNDF-6.20;60;20200520;110000;29732.0000000;29732.0000000;29527.0000000;29646.0000000;14
SPFB.YNDF-6.20;60;20200520;120000;29974.0000000;30183.0000000;29849.0000000;30031.0000000;94
SPFB.YNDF-6.20;60;20200520;130000;29911.0000000;29920.0000000;29848.0000000;29848.0000000;11
SPFB.YNDF-6.20;60;20200520;140000;29848.0000000;29980.0000000;29848.0000000;29980.0000000;14
SPFB.YNDF-6.20;60;20200520;150000;30000.0000000;30141.0000000;30000.0000000;30141.0000000;5
SPFB.YNDF-6.20;60;20200520;170000;30097.0000000;30097.0000000;30097.0000000;30097.0000000;3
SPFB.YNDF-6.20;60;20200520;180000;29947.0000000;29947.0000000;29831.0000000;29870.0000000;7
SPFB.YNDF-6.20;60;20200520;190000;29820.0000000;29820.0000000;29820.0000000;29820.0000000;1
SPFB.YNDF-6.20;60;20200521;110000;29616.0000000;29739.0000000;29410.0000000;29676.0000000;72
SPFB.YNDF-6.20;60;20200521;120000;29547.0000000;29571.0000000;29457.0000000;29505.0000000;8
SPFB.YNDF-6.20;60;20200521;130000;29500.0000000;29513.0000000;29431.0000000;29431.0000000;7
SPFB.YNDF-6.20;60;20200521;140000;29579.0000000;29649.0000000;29510.0000000;29510.0000000;24
SPFB.YNDF-6.20;60;20200521;150000;29566.0000000;29599.0000000;29566.0000000;29599.0000000;2
SPFB.YNDF-6.20;60;20200521;160000;29600.0000000;29682.0000000;29589.0000000;29589.0000000;16
SPFB.YNDF-6.20;60;20200521;170000;29553.0000000;29589.0000000;29300.0000000;29349.0000000;50
SPFB.YNDF-6.20;60;20200521;180000;29399.0000000;29399.0000000;29061.0000000;29149.0000000;19
SPFB.YNDF-6.20;60;20200521;190000;29136.0000000;29249.0000000;29062.0000000;29249.0000000;15
SPFB.YNDF-6.20;60;20200521;230000;29250.0000000;29250.0000000;29250.0000000;29250.0000000;4
SPFB.YNDF-6.20;60;20200522;110000;29209.0000000;29209.0000000;28945.0000000;28991.0000000;22
SPFB.YNDF-6.20;60;20200522;120000;29170.0000000;29250.0000000;29152.0000000;29250.0000000;9
SPFB.YNDF-6.20;60;20200522;130000;29279.0000000;29279.0000000;29267.0000000;29267.0000000;2
SPFB.YNDF-6.20;60;20200522;140000;29200.0000000;29242.0000000;29135.0000000;29242.0000000;25
SPFB.YNDF-6.20;60;20200522;150000;29342.0000000;29455.0000000;29269.0000000;29451.0000000;26
SPFB.YNDF-6.20;60;20200522;160000;29400.0000000;29449.0000000;29351.0000000;29448.0000000;7
SPFB.YNDF-6.20;60;20200522;170000;29351.0000000;29351.0000000;29111.0000000;29199.0000000;7
SPFB.YNDF-6.20;60;20200522;180000;29151.0000000;29151.0000000;29051.0000000;29099.0000000;4
SPFB.YNDF-6.20;60;20200522;190000;29149.0000000;29149.0000000;29137.0000000;29137.0000000;3
SPFB.YNDF-6.20;60;20200522;210000;29199.0000000;29199.0000000;29199.0000000;29199.0000000;1
SPFB.YNDF-6.20;60;20200522;230000;29150.0000000;29150.0000000;29150.0000000;29150.0000000;2
SPFB.YNDF-6.20;60;20200525;110000;29249.0000000;29549.0000000;29249.0000000;29351.0000000;16
SPFB.YNDF-6.20;60;20200525;120000;29399.0000000;29470.0000000;29399.0000000;29470.0000000;10
SPFB.YNDF-6.20;60;20200525;130000;29460.0000000;29648.0000000;29460.0000000;29648.0000000;10
SPFB.YNDF-6.20;60;20200525;140000;29551.0000000;29660.0000000;29551.0000000;29601.0000000;7
SPFB.YNDF-6.20;60;20200525;150000;29551.0000000;29599.0000000;29551.0000000;29599.0000000;2
SPFB.YNDF-6.20;60;20200525;170000;29567.0000000;29598.0000000;29550.0000000;29595.0000000;7
SPFB.YNDF-6.20;60;20200525;180000;29599.0000000;29686.0000000;29599.0000000;29686.0000000;16
SPFB.YNDF-6.20;60;20200525;190000;29699.0000000;29725.0000000;29652.0000000;29725.0000000;8
SPFB.YNDF-6.20;60;20200526;000000;29725.0000000;29725.0000000;29725.0000000;29725.0000000;2
SPFB.YNDF-6.20;60;20200526;110000;29749.0000000;29999.0000000;29719.0000000;29870.0000000;29
SPFB.YNDF-6.20;60;20200526;120000;29878.0000000;29994.0000000;29800.0000000;29850.0000000;21
SPFB.YNDF-6.20;60;20200526;130000;29717.0000000;29856.0000000;29717.0000000;29856.0000000;3
SPFB.YNDF-6.20;60;20200526;140000;29820.0000000;29955.0000000;29810.0000000;29830.0000000;41
SPFB.YNDF-6.20;60;20200526;150000;29783.0000000;29783.0000000;29783.0000000;29783.0000000;10
SPFB.YNDF-6.20;60;20200526;160000;29701.0000000;29749.0000000;29701.0000000;29749.0000000;2
SPFB.YNDF-6.20;60;20200526;170000;29749.0000000;29749.0000000;29501.0000000;29501.0000000;10
SPFB.YNDF-6.20;60;20200526;180000;29479.0000000;29481.0000000;29419.0000000;29481.0000000;33
SPFB.YNDF-6.20;60;20200526;190000;29522.0000000;29522.0000000;29271.0000000;29276.0000000;5
SPFB.YNDF-6.20;60;20200526;200000;29300.0000000;29300.0000000;29300.0000000;29300.0000000;2
SPFB.YNDF-6.20;60;20200526;230000;29210.0000000;29210.0000000;29201.0000000;29201.0000000;2
SPFB.YNDF-6.20;60;20200527;110000;29201.0000000;29469.0000000;29201.0000000;29399.0000000;165
SPFB.YNDF-6.20;60;20200527;120000;29351.0000000;29549.0000000;29351.0000000;29549.0000000;22
SPFB.YNDF-6.20;60;20200527;130000;29451.0000000;29499.0000000;29420.0000000;29420.0000000;31
SPFB.YNDF-6.20;60;20200527;140000;29401.0000000;29401.0000000;29351.0000000;29351.0000000;4
SPFB.YNDF-6.20;60;20200527;150000;29351.0000000;29351.0000000;29301.0000000;29301.0000000;6
SPFB.YNDF-6.20;60;20200527;160000;29251.0000000;29254.0000000;29151.0000000;29151.0000000;54
SPFB.YNDF-6.20;60;20200527;170000;29101.0000000;29159.0000000;28748.0000000;28795.0000000;186
SPFB.YNDF-6.20;60;20200527;180000;28795.0000000;28795.0000000;28509.0000000;28509.0000000;61
SPFB.YNDF-6.20;60;20200527;190000;28509.0000000;28509.0000000;28255.0000000;28257.0000000;58
SPFB.YNDF-6.20;60;20200527;200000;28499.0000000;28499.0000000;28456.0000000;28456.0000000;35
SPFB.YNDF-6.20;60;20200527;230000;28549.0000000;28549.0000000;28549.0000000;28549.0000000;3
SPFB.YNDF-6.20;60;20200528;110000;28799.0000000;29007.0000000;28754.0000000;28949.0000000;66
SPFB.YNDF-6.20;60;20200528;120000;28901.0000000;28901.0000000;28901.0000000;28901.0000000;1
SPFB.YNDF-6.20;60;20200528;130000;28949.0000000;29049.0000000;28949.0000000;29049.0000000;6
SPFB.YNDF-6.20;60;20200528;150000;29099.0000000;29199.0000000;29085.0000000;29199.0000000;9
SPFB.YNDF-6.20;60;20200528;160000;29101.0000000;29101.0000000;29043.0000000;29043.0000000;5
SPFB.YNDF-6.20;60;20200528;170000;29149.0000000;29149.0000000;28799.0000000;28799.0000000;14
SPFB.YNDF-6.20;60;20200528;180000;28751.0000000;28999.0000000;28701.0000000;28851.0000000;26
SPFB.YNDF-6.20;60;20200528;190000;28867.0000000;28877.0000000;28737.0000000;28849.0000000;31
SPFB.YNDF-6.20;60;20200528;200000;28899.0000000;28901.0000000;28899.0000000;28901.0000000;3
SPFB.YNDF-6.20;60;20200528;210000;28855.0000000;28855.0000000;28855.0000000;28855.0000000;1
SPFB.YNDF-6.20;60;20200528;230000;28949.0000000;28999.0000000;28901.0000000;28901.0000000;4
SPFB.YNDF-6.20;60;20200529;110000;28851.0000000;28851.0000000;28500.0000000;28500.0000000;25
SPFB.YNDF-6.20;60;20200529;120000;28581.0000000;28649.0000000;28581.0000000;28649.0000000;6
SPFB.YNDF-6.20;60;20200529;130000;28601.0000000;28749.0000000;28601.0000000;28701.0000000;5
SPFB.YNDF-6.20;60;20200529;140000;28749.0000000;28849.0000000;28749.0000000;28849.0000000;4
SPFB.YNDF-6.20;60;20200529;160000;28859.0000000;28899.0000000;28851.0000000;28855.0000000;17
SPFB.YNDF-6.20;60;20200529;170000;28801.0000000;28801.0000000;28354.0000000;28354.0000000;12
SPFB.YNDF-6.20;60;20200529;180000;28354.0000000;28408.0000000;28200.0000000;28217.0000000;62
SPFB.YNDF-6.20;60;20200529;190000;28401.0000000;28401.0000000;28323.0000000;28323.0000000;7
SPFB.YNDF-6.20;60;20200601;110000;28599.0000000;28729.0000000;28599.0000000;28699.0000000;138
SPFB.YNDF-6.20;60;20200601;120000;28651.0000000;28651.0000000;28301.0000000;28499.0000000;20
SPFB.YNDF-6.20;60;20200601;130000;28451.0000000;28451.0000000;28401.0000000;28449.0000000;7
SPFB.YNDF-6.20;60;20200601;140000;28401.0000000;28499.0000000;28351.0000000;28499.0000000;5
SPFB.YNDF-6.20;60;20200601;150000;28549.0000000;28599.0000000;28549.0000000;28599.0000000;2
SPFB.YNDF-6.20;60;20200601;160000;28649.0000000;28790.0000000;28613.0000000;28615.0000000;51
SPFB.YNDF-6.20;60;20200601;170000;28601.0000000;28601.0000000;28251.0000000;28298.0000000;27
SPFB.YNDF-6.20;60;20200601;180000;28255.0000000;28549.0000000;28198.0000000;28501.0000000;19
SPFB.YNDF-6.20;60;20200601;190000;28451.0000000;28549.0000000;28444.0000000;28549.0000000;13
SPFB.YNDF-6.20;60;20200601;200000;28501.0000000;28501.0000000;28501.0000000;28501.0000000;1
SPFB.YNDF-6.20;60;20200602;110000;28549.0000000;28748.0000000;28535.0000000;28535.0000000;149
SPFB.YNDF-6.20;60;20200602;120000;28749.0000000;28799.0000000;28749.0000000;28799.0000000;11
SPFB.YNDF-6.20;60;20200602;130000;28678.0000000;28791.0000000;28678.0000000;28791.0000000;8
SPFB.YNDF-6.20;60;20200602;140000;28750.0000000;28770.0000000;28689.0000000;28751.0000000;44
SPFB.YNDF-6.20;60;20200602;150000;28759.0000000;28759.0000000;28759.0000000;28759.0000000;7
SPFB.YNDF-6.20;60;20200602;160000;28733.0000000;28771.0000000;28301.0000000;28399.0000000;48
SPFB.YNDF-6.20;60;20200602;170000;28590.0000000;28655.0000000;28300.0000000;28500.0000000;49
SPFB.YNDF-6.20;60;20200602;180000;28567.0000000;28576.0000000;28316.0000000;28460.0000000;232
SPFB.YNDF-6.20;60;20200602;190000;28429.0000000;28631.0000000;28408.0000000;28466.0000000;138
SPFB.YNDF-6.20;60;20200602;230000;28401.0000000;28401.0000000;28401.0000000;28401.0000000;1
SPFB.YNDF-6.20;60;20200603;110000;28565.0000000;28718.0000000;28449.0000000;28662.0000000;148
SPFB.YNDF-6.20;60;20200603;120000;28677.0000000;28677.0000000;28665.0000000;28665.0000000;14
SPFB.YNDF-6.20;60;20200603;130000;28647.0000000;28731.0000000;28587.0000000;28615.0000000;12
SPFB.YNDF-6.20;60;20200603;140000;28552.0000000;28555.0000000;28501.0000000;28555.0000000;69
SPFB.YNDF-6.20;60;20200603;150000;28508.0000000;28510.0000000;28448.0000000;28500.0000000;17
SPFB.YNDF-6.20;60;20200603;160000;28500.0000000;28750.0000000;28500.0000000;28511.0000000;40
SPFB.YNDF-6.20;60;20200603;170000;28501.0000000;28565.0000000;28456.0000000;28549.0000000;62
SPFB.YNDF-6.20;60;20200603;180000;28579.0000000;28900.0000000;28522.0000000;28875.0000000;45
SPFB.YNDF-6.20;60;20200603;190000;28751.0000000;28799.0000000;28700.0000000;28700.0000000;4
SPFB.YNDF-6.20;60;20200603;200000;28701.0000000;28701.0000000;28501.0000000;28501.0000000;4
SPFB.YNDF-6.20;60;20200603;210000;28549.0000000;28549.0000000;28549.0000000;28549.0000000;1
SPFB.YNDF-6.20;60;20200604;000000;28722.0000000;28949.0000000;28722.0000000;28949.0000000;4
SPFB.YNDF-6.20;60;20200604;110000;28751.0000000;28751.0000000;28453.0000000;28599.0000000;222
SPFB.YNDF-6.20;60;20200604;120000;28649.0000000;28787.0000000;28649.0000000;28651.0000000;11
SPFB.YNDF-6.20;60;20200604;130000;28626.0000000;28643.0000000;28626.0000000;28643.0000000;7
SPFB.YNDF-6.20;60;20200604;140000;28699.0000000;28799.0000000;28699.0000000;28710.0000000;25
SPFB.YNDF-6.20;60;20200604;150000;28849.0000000;28849.0000000;28751.0000000;28801.0000000;18
SPFB.YNDF-6.20;60;20200604;160000;28819.0000000;28849.0000000;28534.0000000;28534.0000000;99
SPFB.YNDF-6.20;60;20200604;170000;28685.0000000;28699.0000000;28451.0000000;28699.0000000;46
SPFB.YNDF-6.20;60;20200604;180000;28651.0000000;28766.0000000;28602.0000000;28766.0000000;204
SPFB.YNDF-6.20;60;20200604;190000;28701.0000000;28701.0000000;28651.0000000;28651.0000000;3
SPFB.YNDF-6.20;60;20200604;200000;28601.0000000;28601.0000000;28601.0000000;28601.0000000;1
SPFB.YNDF-6.20;60;20200605;000000;28585.0000000;28585.0000000;28585.0000000;28585.0000000;1
SPFB.YNDF-6.20;60;20200605;110000;28749.0000000;28769.0000000;28551.0000000;28700.0000000;52
SPFB.YNDF-6.20;60;20200605;120000;28746.0000000;28746.0000000;28746.0000000;28746.0000000;1
SPFB.YNDF-6.20;60;20200605;130000;28679.0000000;28750.0000000;28679.0000000;28747.0000000;10
SPFB.YNDF-6.20;60;20200605;140000;28750.0000000;28750.0000000;28700.0000000;28700.0000000;14
SPFB.YNDF-6.20;60;20200605;160000;28601.0000000;28649.0000000;28601.0000000;28649.0000000;6
SPFB.YNDF-6.20;60;20200605;170000;28725.0000000;29349.0000000;28725.0000000;28848.0000000;96
SPFB.YNDF-6.20;60;20200605;180000;28968.0000000;29328.0000000;28901.0000000;28901.0000000;110
SPFB.YNDF-6.20;60;20200605;190000;29015.0000000;29015.0000000;28981.0000000;28990.0000000;24
SPFB.YNDF-6.20;60;20200605;210000;28990.0000000;29000.0000000;28751.0000000;28751.0000000;35
SPFB.YNDF-6.20;60;20200605;220000;28702.0000000;28702.0000000;28702.0000000;28702.0000000;2
SPFB.YNDF-6.20;60;20200608;110000;28799.0000000;28924.0000000;28799.0000000;28899.0000000;12
SPFB.YNDF-6.20;60;20200608;120000;28947.0000000;29200.0000000;28947.0000000;29196.0000000;20
SPFB.YNDF-6.20;60;20200608;130000;29200.0000000;29236.0000000;29145.0000000;29145.0000000;18
SPFB.YNDF-6.20;60;20200608;140000;29145.0000000;29145.0000000;29145.0000000;29145.0000000;2
SPFB.YNDF-6.20;60;20200608;150000;29090.0000000;29090.0000000;28994.0000000;28994.0000000;12
SPFB.YNDF-6.20;60;20200608;160000;29045.0000000;29045.0000000;29000.0000000;29000.0000000;3
SPFB.YNDF-6.20;60;20200608;170000;29105.0000000;29105.0000000;28957.0000000;28957.0000000;3
SPFB.YNDF-6.20;60;20200608;180000;28935.0000000;29001.0000000;28851.0000000;28851.0000000;57
SPFB.YNDF-6.20;60;20200608;190000;28802.0000000;28802.0000000;28700.0000000;28799.0000000;7
SPFB.YNDF-6.20;60;20200608;230000;28751.0000000;28751.0000000;28751.0000000;28751.0000000;1
SPFB.YNDF-6.20;60;20200609;110000;28850.0000000;29024.0000000;28705.0000000;28705.0000000;26
SPFB.YNDF-6.20;60;20200609;120000;28705.0000000;28799.0000000;28600.0000000;28717.0000000;43
SPFB.YNDF-6.20;60;20200609;140000;28700.0000000;28714.0000000;28700.0000000;28714.0000000;5
SPFB.YNDF-6.20;60;20200609;150000;28742.0000000;28849.0000000;28742.0000000;28849.0000000;7
SPFB.YNDF-6.20;60;20200609;170000;28859.0000000;28996.0000000;28842.0000000;28996.0000000;15
SPFB.YNDF-6.20;60;20200609;180000;28942.0000000;29108.0000000;28942.0000000;29108.0000000;36
SPFB.YNDF-6.20;60;20200609;190000;29011.0000000;29198.0000000;29011.0000000;29198.0000000;2
SPFB.YNDF-6.20;60;20200609;220000;29029.0000000;29029.0000000;29029.0000000;29029.0000000;2
SPFB.YNDF-6.20;60;20200609;230000;29029.0000000;29029.0000000;29029.0000000;29029.0000000;2
SPFB.YNDF-6.20;60;20200610;000000;29028.0000000;29028.0000000;29028.0000000;29028.0000000;1
SPFB.YNDF-6.20;60;20200610;110000;29020.0000000;29050.0000000;28886.0000000;28952.0000000;378
SPFB.YNDF-6.20;60;20200610;120000;28951.0000000;28999.0000000;28951.0000000;28999.0000000;2
SPFB.YNDF-6.20;60;20200610;130000;28977.0000000;28977.0000000;28919.0000000;28949.0000000;21
SPFB.YNDF-6.20;60;20200610;140000;28990.0000000;28990.0000000;28989.0000000;28989.0000000;2
SPFB.YNDF-6.20;60;20200610;150000;29045.0000000;29175.0000000;28959.0000000;29175.0000000;19
SPFB.YNDF-6.20;60;20200610;160000;29148.0000000;29204.0000000;29148.0000000;29204.0000000;26
SPFB.YNDF-6.20;60;20200610;170000;29147.0000000;29149.0000000;29046.0000000;29046.0000000;10
SPFB.YNDF-6.20;60;20200610;180000;28985.0000000;29040.0000000;28780.0000000;28780.0000000;360
SPFB.YNDF-6.20;60;20200610;200000;28996.0000000;28996.0000000;28996.0000000;28996.0000000;2
SPFB.YNDF-6.20;60;20200610;210000;28994.0000000;28994.0000000;28994.0000000;28994.0000000;2
SPFB.YNDF-6.20;60;20200611;110000;28861.0000000;29149.0000000;27975.0000000;28490.0000000;36
SPFB.YNDF-6.20;60;20200611;120000;28479.0000000;28527.0000000;28470.0000000;28470.0000000;33
SPFB.YNDF-6.20;60;20200611;150000;28550.0000000;28550.0000000;28151.0000000;28330.0000000;49
SPFB.YNDF-6.20;60;20200611;160000;28277.0000000;28361.0000000;28222.0000000;28317.0000000;118
SPFB.YNDF-6.20;60;20200611;170000;28324.0000000;28398.0000000;28151.0000000;28398.0000000;17
SPFB.YNDF-6.20;60;20200611;180000;28486.0000000;28799.0000000;28253.0000000;28601.0000000;22
SPFB.YNDF-6.20;60;20200611;190000;28551.0000000;28599.0000000;28551.0000000;28573.0000000;4
SPFB.YNDF-6.20;60;20200611;230000;28500.0000000;28500.0000000;28500.0000000;28500.0000000;1
SPFB.YNDF-6.20;60;20200615;110000;28400.0000000;28993.0000000;28349.0000000;28949.0000000;198
SPFB.YNDF-6.20;60;20200615;120000;28999.0000000;29346.0000000;28999.0000000;29190.0000000;51
SPFB.YNDF-6.20;60;20200615;130000;29115.0000000;29167.0000000;29039.0000000;29167.0000000;55
SPFB.YNDF-6.20;60;20200615;140000;29013.0000000;29013.0000000;28955.0000000;28955.0000000;2
SPFB.YNDF-6.20;60;20200615;150000;29032.0000000;29032.0000000;28992.0000000;28992.0000000;2
SPFB.YNDF-6.20;60;20200615;160000;28897.0000000;28897.0000000;28897.0000000;28897.0000000;2
SPFB.YNDF-6.20;60;20200615;170000;29015.0000000;29281.0000000;29015.0000000;29167.0000000;133
SPFB.YNDF-6.20;60;20200615;180000;29320.0000000;29400.0000000;29289.0000000;29290.0000000;8
SPFB.YNDF-6.20;60;20200615;190000;29449.0000000;29721.0000000;29449.0000000;29600.0000000;79
SPFB.YNDF-6.20;60;20200615;200000;29599.0000000;29599.0000000;29599.0000000;29599.0000000;1
SPFB.YNDF-6.20;60;20200615;220000;29875.0000000;29896.0000000;29875.0000000;29875.0000000;6
SPFB.YNDF-6.20;60;20200615;230000;29755.0000000;29755.0000000;29502.0000000;29502.0000000;4
SPFB.YNDF-6.20;60;20200616;110000;29870.0000000;30100.0000000;29503.0000000;29707.0000000;106
SPFB.YNDF-6.20;60;20200616;120000;29857.0000000;29993.0000000;29643.0000000;29887.0000000;58
SPFB.YNDF-6.20;60;20200616;130000;29837.0000000;29864.0000000;29788.0000000;29788.0000000;21
SPFB.YNDF-6.20;60;20200616;140000;29864.0000000;29994.0000000;29827.0000000;29827.0000000;16
SPFB.YNDF-6.20;60;20200616;160000;29950.0000000;30005.0000000;29906.0000000;29906.0000000;3
SPFB.YNDF-6.20;60;20200616;170000;29980.0000000;30340.0000000;29956.0000000;30262.0000000;97
SPFB.YNDF-6.20;60;20200616;180000;30390.0000000;30647.0000000;30101.0000000;30101.0000000;73
SPFB.YNDF-6.20;60;20200616;190000;30101.0000000;30250.0000000;29931.0000000;30250.0000000;15
SPFB.YNDF-6.20;60;20200616;220000;30900.0000000;30900.0000000;29715.0000000;29715.0000000;3
SPFB.YNDF-6.20;60;20200616;230000;29777.0000000;29777.0000000;29777.0000000;29777.0000000;2
SPFB.YNDF-6.20;60;20200617;110000;30601.0000000;30630.0000000;30372.0000000;30490.0000000;124
SPFB.YNDF-6.20;60;20200617;120000;30463.0000000;30463.0000000;30367.0000000;30367.0000000;6
SPFB.YNDF-6.20;60;20200617;140000;30300.0000000;30548.0000000;29637.0000000;30485.0000000;91
SPFB.YNDF-6.20;60;20200617;160000;30450.0000000;30755.0000000;30297.0000000;30559.0000000;77
SPFB.YNDF-6.20;60;20200617;170000;30559.0000000;30699.0000000;30362.0000000;30362.0000000;46
SPFB.YNDF-6.20;60;20200617;180000;30589.0000000;31290.0000000;30537.0000000;30655.0000000;57
SPFB.YNDF-6.20;60;20200617;190000;30624.0000000;30993.0000000;30000.0000000;30619.0000000;74
SPFB.YNDF-6.20;60;20200618;110000;30516.0000000;30600.0000000;30100.0000000;30600.0000000;10
SPFB.YNDF-6.20;60;20200618;120000;30417.0000000;30600.0000000;30235.0000000;30411.0000000;40
SPFB.YNDF-6.20;60;20200618;130000;30315.0000000;30351.0000000;30168.0000000;30284.0000000;25
SPFB.YNDF-6.20;60;20200618;140000;30344.0000000;30344.0000000;30344.0000000;30344.0000000;6
SPFB.YNDF-6.20;60;20200618;150000;30360.0000000;30599.0000000;30044.0000000;30382.0000000;110
SPFB.YNDF-6.20;60;20200618;160000;30380.0000000;30575.0000000;30377.0000000;30575.0000000;87
SPFB.YNDF-6.20;60;20200618;170000;31224.0000000;31224.0000000;30639.0000000;31056.0000000;40
SPFB.YNDF-6.20;60;20200618;180000;31012.0000000;31060.0000000;30957.0000000;31027.0000000;16
SPFB.YNDF-6.20;60;20200618;190000;31086.0000000;31276.0000000;30218.0000000;30218.0000000;19
