<TICKER>;<PER>;<DATE>;<TIME>;<OPEN>;<HIGH>;<LOW>;<CLOSE>;<VOL>
SPFB.YNDF-6.21;60;20201217;160000;53420.0000000;53420.0000000;53420.0000000;53420.0000000;4
SPFB.YNDF-6.21;60;20201222;140000;51385.0000000;51385.0000000;51385.0000000;51385.0000000;1
SPFB.YNDF-6.21;60;20201222;170000;51985.0000000;51986.0000000;51985.0000000;51986.0000000;3
SPFB.YNDF-6.21;60;20201222;180000;51900.0000000;51900.0000000;51900.0000000;51900.0000000;1
SPFB.YNDF-6.21;60;20201223;180000;52195.0000000;52195.0000000;52195.0000000;52195.0000000;1
SPFB.YNDF-6.21;60;20201224;110000;52002.0000000;52002.0000000;52002.0000000;52002.0000000;1
SPFB.YNDF-6.21;60;20201225;140000;51332.0000000;51332.0000000;51332.0000000;51332.0000000;1
SPFB.YNDF-6.21;60;20201228;110000;50951.0000000;50951.0000000;50951.0000000;50951.0000000;1
SPFB.YNDF-6.21;60;20201229;200000;51097.0000000;51097.0000000;51097.0000000;51097.0000000;1
SPFB.YNDF-6.21;60;20210104;130000;52829.0000000;52829.0000000;52829.0000000;52829.0000000;1
SPFB.YNDF-6.21;60;20210104;150000;52980.0000000;53219.0000000;52980.0000000;53219.0000000;5
SPFB.YNDF-6.21;60;20210104;230000;52800.0000000;52800.0000000;52800.0000000;52800.0000000;1
SPFB.YNDF-6.21;60;20210105;150000;53000.0000000;53000.0000000;53000.0000000;53000.0000000;1
SPFB.YNDF-6.21;60;20210105;190000;53446.0000000;53446.0000000;53446.0000000;53446.0000000;1
SPFB.YNDF-6.21;60;20210105;200000;53600.0000000;53600.0000000;53600.0000000;53600.0000000;3
SPFB.YNDF-6.21;60;20210105;220000;53600.0000000;53993.0000000;53600.0000000;53993.0000000;18
SPFB.YNDF-6.21;60;20210106;000000;54067.0000000;54067.0000000;54067.0000000;54067.0000000;1
SPFB.YNDF-6.21;60;20210106;120000;53151.0000000;53151.0000000;53151.0000000;53151.0000000;2
SPFB.YNDF-6.21;60;20210106;160000;53000.0000000;53000.0000000;53000.0000000;53000.0000000;1
SPFB.YNDF-6.21;60;20210108;150000;53100.0000000;53100.0000000;53100.0000000;53100.0000000;1
SPFB.YNDF-6.21;60;20210108;170000;53300.0000000;53400.0000000;53300.0000000;53400.0000000;14
SPFB.YNDF-6.21;60;20210108;180000;53400.0000000;53400.0000000;53400.0000000;53400.0000000;12
SPFB.YNDF-6.21;60;20210108;200000;53400.0000000;53400.0000000;53400.0000000;53400.0000000;1
SPFB.YNDF-6.21;60;20210108;210000;53100.0000000;53100.0000000;53100.0000000;53100.0000000;1
SPFB.YNDF-6.21;60;20210108;220000;52900.0000000;52900.0000000;52900.0000000;52900.0000000;4
SPFB.YNDF-6.21;60;20210111;170000;53067.0000000;53067.0000000;52815.0000000;52815.0000000;5
SPFB.YNDF-6.21;60;20210111;180000;53060.0000000;53111.0000000;53060.0000000;53111.0000000;2
SPFB.YNDF-6.21;60;20210111;190000;52942.0000000;52942.0000000;52672.0000000;52672.0000000;2
SPFB.YNDF-6.21;60;20210111;210000;52580.0000000;52580.0000000;52580.0000000;52580.0000000;2
SPFB.YNDF-6.21;60;20210112;110000;52900.0000000;52900.0000000;52900.0000000;52900.0000000;1
SPFB.YNDF-6.21;60;20210112;220000;51757.0000000;51955.0000000;51757.0000000;51955.0000000;4
SPFB.YNDF-6.21;60;20210112;230000;51918.0000000;51918.0000000;51918.0000000;51918.0000000;1
SPFB.YNDF-6.21;60;20210113;110000;51951.0000000;51951.0000000;51899.0000000;51899.0000000;2
SPFB.YNDF-6.21;60;20210113;170000;51431.0000000;51431.0000000;51431.0000000;51431.0000000;1
SPFB.YNDF-6.21;60;20210113;180000;51300.0000000;51300.0000000;51300.0000000;51300.0000000;2
SPFB.YNDF-6.21;60;20210113;190000;51400.0000000;51400.0000000;51400.0000000;51400.0000000;4
SPFB.YNDF-6.21;60;20210113;210000;51542.0000000;51542.0000000;51542.0000000;51542.0000000;1
SPFB.YNDF-6.21;60;20210114;140000;51163.0000000;51163.0000000;51163.0000000;51163.0000000;2
SPFB.YNDF-6.21;60;20210114;170000;51602.0000000;51629.0000000;51033.0000000;51033.0000000;25
SPFB.YNDF-6.21;60;20210114;190000;51033.0000000;51033.0000000;50986.0000000;50986.0000000;8
SPFB.YNDF-6.21;60;20210115;000000;51349.0000000;51349.0000000;51349.0000000;51349.0000000;1
SPFB.YNDF-6.21;60;20210115;110000;51435.0000000;51614.0000000;51435.0000000;51614.0000000;3
SPFB.YNDF-6.21;60;20210115;130000;51642.0000000;51642.0000000;51642.0000000;51642.0000000;1
SPFB.YNDF-6.21;60;20210115;140000;51383.0000000;51383.0000000;51383.0000000;51383.0000000;1
SPFB.YNDF-6.21;60;20210115;180000;51002.0000000;51002.0000000;51000.0000000;51000.0000000;12
SPFB.YNDF-6.21;60;20210115;190000;50800.0000000;50960.0000000;50523.0000000;50523.0000000;5
SPFB.YNDF-6.21;60;20210115;210000;50523.0000000;50523.0000000;50523.0000000;50523.0000000;1
SPFB.YNDF-6.21;60;20210118;110000;50500.0000000;50653.0000000;50500.0000000;50653.0000000;15
SPFB.YNDF-6.21;60;20210118;150000;50846.0000000;50846.0000000;50846.0000000;50846.0000000;1
SPFB.YNDF-6.21;60;20210119;120000;50846.0000000;50846.0000000;50846.0000000;50846.0000000;1
SPFB.YNDF-6.21;60;20210119;210000;50546.0000000;50546.0000000;50546.0000000;50546.0000000;1
SPFB.YNDF-6.21;60;20210120;110000;50358.0000000;50358.0000000;50358.0000000;50358.0000000;1
SPFB.YNDF-6.21;60;20210120;120000;50604.0000000;50604.0000000;50604.0000000;50604.0000000;1
SPFB.YNDF-6.21;60;20210120;170000;50358.0000000;50358.0000000;50305.0000000;50305.0000000;3
SPFB.YNDF-6.21;60;20210120;180000;50844.0000000;50844.0000000;50844.0000000;50844.0000000;1
SPFB.YNDF-6.21;60;20210121;120000;51036.0000000;51036.0000000;51036.0000000;51036.0000000;5
SPFB.YNDF-6.21;60;20210121;130000;50810.0000000;50810.0000000;50810.0000000;50810.0000000;1
SPFB.YNDF-6.21;60;20210121;140000;50890.0000000;51045.0000000;50890.0000000;51045.0000000;4
SPFB.YNDF-6.21;60;20210121;170000;51372.0000000;51372.0000000;51372.0000000;51372.0000000;1
SPFB.YNDF-6.21;60;20210121;180000;51332.0000000;51431.0000000;51332.0000000;51431.0000000;2
SPFB.YNDF-6.21;60;20210121;190000;50980.0000000;50980.0000000;50900.0000000;50900.0000000;3
SPFB.YNDF-6.21;60;20210122;000000;50940.0000000;50940.0000000;50940.0000000;50940.0000000;7
SPFB.YNDF-6.21;60;20210125;170000;51141.0000000;51141.0000000;51141.0000000;51141.0000000;1
SPFB.YNDF-6.21;60;20210125;180000;51163.0000000;51163.0000000;51163.0000000;51163.0000000;1
SPFB.YNDF-6.21;60;20210125;190000;50710.0000000;50710.0000000;50601.0000000;50601.0000000;2
SPFB.YNDF-6.21;60;20210125;210000;49500.0000000;49955.0000000;49500.0000000;49955.0000000;30
SPFB.YNDF-6.21;60;20210125;220000;49638.0000000;49717.0000000;49444.0000000;49515.0000000;47
SPFB.YNDF-6.21;60;20210125;230000;49580.0000000;49580.0000000;49259.0000000;49259.0000000;12
SPFB.YNDF-6.21;60;20210126;110000;49484.0000000;49700.0000000;49484.0000000;49700.0000000;8
SPFB.YNDF-6.21;60;20210126;120000;49999.0000000;50480.0000000;49999.0000000;50480.0000000;11
SPFB.YNDF-6.21;60;20210126;130000;50249.0000000;50249.0000000;50199.0000000;50199.0000000;2
SPFB.YNDF-6.21;60;20210126;140000;49903.0000000;49917.0000000;49700.0000000;49917.0000000;3
SPFB.YNDF-6.21;60;20210126;150000;49841.0000000;49841.0000000;49841.0000000;49841.0000000;2
SPFB.YNDF-6.21;60;20210126;180000;49550.0000000;49550.0000000;49477.0000000;49477.0000000;3
SPFB.YNDF-6.21;60;20210126;190000;49550.0000000;49550.0000000;49550.0000000;49550.0000000;1
SPFB.YNDF-6.21;60;20210126;210000;49588.0000000;49588.0000000;49500.0000000;49500.0000000;20
SPFB.YNDF-6.21;60;20210127;000000;49652.0000000;49652.0000000;49652.0000000;49652.0000000;1
SPFB.YNDF-6.21;60;20210127;110000;49448.0000000;49448.0000000;49448.0000000;49448.0000000;1
SPFB.YNDF-6.21;60;20210127;130000;49400.0000000;49400.0000000;49400.0000000;49400.0000000;2
SPFB.YNDF-6.21;60;20210127;140000;49658.0000000;49720.0000000;49658.0000000;49720.0000000;4
SPFB.YNDF-6.21;60;20210127;170000;49450.0000000;49450.0000000;49450.0000000;49450.0000000;1
SPFB.YNDF-6.21;60;20210127;180000;49500.0000000;49500.0000000;48413.0000000;48413.0000000;56
SPFB.YNDF-6.21;60;20210127;190000;48800.0000000;49042.0000000;48800.0000000;49042.0000000;9
SPFB.YNDF-6.21;60;20210127;210000;48730.0000000;48750.0000000;48700.0000000;48750.0000000;11
SPFB.YNDF-6.21;60;20210127;220000;48960.0000000;49074.0000000;48913.0000000;49074.0000000;13
SPFB.YNDF-6.21;60;20210127;230000;48750.0000000;48750.0000000;48750.0000000;48750.0000000;1
SPFB.YNDF-6.21;60;20210128;110000;48430.0000000;48900.0000000;48430.0000000;48900.0000000;8
SPFB.YNDF-6.21;60;20210128;120000;48979.0000000;49028.0000000;48885.0000000;49028.0000000;5
SPFB.YNDF-6.21;60;20210128;140000;48700.0000000;48750.0000000;48700.0000000;48750.0000000;2
SPFB.YNDF-6.21;60;20210128;170000;48987.0000000;49153.0000000;48987.0000000;49153.0000000;13
SPFB.YNDF-6.21;60;20210128;180000;49315.0000000;49787.0000000;49315.0000000;49450.0000000;32
SPFB.YNDF-6.21;60;20210128;190000;49182.0000000;49182.0000000;49151.0000000;49151.0000000;2
SPFB.YNDF-6.21;60;20210128;200000;49184.0000000;49370.0000000;49184.0000000;49370.0000000;3
SPFB.YNDF-6.21;60;20210128;220000;49436.0000000;49436.0000000;49436.0000000;49436.0000000;1
SPFB.YNDF-6.21;60;20210128;230000;49436.0000000;49436.0000000;49436.0000000;49436.0000000;1
SPFB.YNDF-6.21;60;20210129;110000;49091.0000000;49091.0000000;48757.0000000;48809.0000000;7
SPFB.YNDF-6.21;60;20210129;120000;48991.0000000;48991.0000000;48991.0000000;48991.0000000;1
SPFB.YNDF-6.21;60;20210129;130000;48920.0000000;48920.0000000;48920.0000000;48920.0000000;1
SPFB.YNDF-6.21;60;20210129;150000;48842.0000000;48842.0000000;48842.0000000;48842.0000000;1
SPFB.YNDF-6.21;60;20210129;160000;48850.0000000;48850.0000000;48850.0000000;48850.0000000;1
SPFB.YNDF-6.21;60;20210129;170000;48921.0000000;48921.0000000;48921.0000000;48921.0000000;1
SPFB.YNDF-6.21;60;20210129;180000;48419.0000000;48419.0000000;48194.0000000;48194.0000000;5
SPFB.YNDF-6.21;60;20210129;200000;48207.0000000;48207.0000000;48207.0000000;48207.0000000;2
SPFB.YNDF-6.21;60;20210129;210000;48004.0000000;48004.0000000;47990.0000000;47990.0000000;15
SPFB.YNDF-6.21;60;20210129;220000;47990.0000000;48029.0000000;47990.0000000;48029.0000000;36
SPFB.YNDF-6.21;60;20210201;110000;48029.0000000;48059.0000000;48002.0000000;48059.0000000;14
SPFB.YNDF-6.21;60;20210201;120000;48206.0000000;48247.0000000;48206.0000000;48247.0000000;3
SPFB.YNDF-6.21;60;20210201;130000;48320.0000000;48320.0000000;48320.0000000;48320.0000000;2
SPFB.YNDF-6.21;60;20210201;160000;48395.0000000;48395.0000000;48395.0000000;48395.0000000;2
SPFB.YNDF-6.21;60;20210201;170000;48183.0000000;48202.0000000;48183.0000000;48202.0000000;4
SPFB.YNDF-6.21;60;20210201;180000;48272.0000000;48574.0000000;48272.0000000;48574.0000000;15
SPFB.YNDF-6.21;60;20210201;190000;48529.0000000;48529.0000000;48529.0000000;48529.0000000;3
SPFB.YNDF-6.21;60;20210201;230000;48900.0000000;48900.0000000;48805.0000000;48805.0000000;2
SPFB.YNDF-6.21;60;20210202;140000;49486.0000000;49486.0000000;49486.0000000;49486.0000000;3
SPFB.YNDF-6.21;60;20210202;150000;49615.0000000;49615.0000000;49615.0000000;49615.0000000;1
SPFB.YNDF-6.21;60;20210202;170000;49862.0000000;49862.0000000;49862.0000000;49862.0000000;2
SPFB.YNDF-6.21;60;20210202;180000;49700.0000000;50116.0000000;49700.0000000;49900.0000000;8
SPFB.YNDF-6.21;60;20210202;190000;49700.0000000;49700.0000000;49700.0000000;49700.0000000;1
SPFB.YNDF-6.21;60;20210202;200000;49894.0000000;49894.0000000;49707.0000000;49707.0000000;2
SPFB.YNDF-6.21;60;20210202;230000;50150.0000000;50150.0000000;50150.0000000;50150.0000000;1
SPFB.YNDF-6.21;60;20210203;110000;50000.0000000;50000.0000000;50000.0000000;50000.0000000;1
SPFB.YNDF-6.21;60;20210203;140000;50000.0000000;50000.0000000;50000.0000000;50000.0000000;1
SPFB.YNDF-6.21;60;20210203;190000;50000.0000000;50000.0000000;49233.0000000;49233.0000000;2
SPFB.YNDF-6.21;60;20210203;200000;49700.0000000;49700.0000000;49700.0000000;49700.0000000;1
SPFB.YNDF-6.21;60;20210203;220000;49800.0000000;49800.0000000;49800.0000000;49800.0000000;1
SPFB.YNDF-6.21;60;20210204;110000;49560.0000000;49560.0000000;49560.0000000;49560.0000000;1
SPFB.YNDF-6.21;60;20210204;120000;49680.0000000;50000.0000000;49680.0000000;50000.0000000;4
SPFB.YNDF-6.21;60;20210204;130000;50000.0000000;50010.0000000;50000.0000000;50010.0000000;2
SPFB.YNDF-6.21;60;20210204;170000;49700.0000000;49700.0000000;49700.0000000;49700.0000000;1
SPFB.YNDF-6.21;60;20210204;180000;49809.0000000;49809.0000000;49809.0000000;49809.0000000;1
SPFB.YNDF-6.21;60;20210204;200000;50243.0000000;50243.0000000;50243.0000000;50243.0000000;1
SPFB.YNDF-6.21;60;20210204;210000;50320.0000000;50320.0000000;50320.0000000;50320.0000000;1
SPFB.YNDF-6.21;60;20210204;230000;50350.0000000;50350.0000000;50350.0000000;50350.0000000;1
SPFB.YNDF-6.21;60;20210205;150000;50150.0000000;50150.0000000;50150.0000000;50150.0000000;2
SPFB.YNDF-6.21;60;20210205;160000;50100.0000000;50100.0000000;50100.0000000;50100.0000000;1
SPFB.YNDF-6.21;60;20210208;110000;50100.0000000;50100.0000000;50100.0000000;50100.0000000;1
SPFB.YNDF-6.21;60;20210208;120000;50200.0000000;50483.0000000;50200.0000000;50451.0000000;8
SPFB.YNDF-6.21;60;20210208;180000;50400.0000000;50640.0000000;50400.0000000;50640.0000000;3
SPFB.YNDF-6.21;60;20210208;190000;50730.0000000;50730.0000000;50001.0000000;50001.0000000;3
SPFB.YNDF-6.21;60;20210208;200000;50607.0000000;50607.0000000;50466.0000000;50485.0000000;14
SPFB.YNDF-6.21;60;20210208;210000;50598.0000000;50800.0000000;50003.0000000;50502.0000000;14
SPFB.YNDF-6.21;60;20210209;110000;50502.0000000;50502.0000000;50502.0000000;50502.0000000;4
SPFB.YNDF-6.21;60;20210209;120000;50444.0000000;50502.0000000;50201.0000000;50201.0000000;3
SPFB.YNDF-6.21;60;20210209;160000;50502.0000000;50600.0000000;50502.0000000;50600.0000000;2
SPFB.YNDF-6.21;60;20210209;170000;50700.0000000;50700.0000000;50700.0000000;50700.0000000;1
SPFB.YNDF-6.21;60;20210209;180000;50699.0000000;51000.0000000;50699.0000000;51000.0000000;9
SPFB.YNDF-6.21;60;20210209;190000;50986.0000000;51305.0000000;50986.0000000;51150.0000000;4
SPFB.YNDF-6.21;60;20210209;200000;51099.0000000;51099.0000000;50806.0000000;50806.0000000;2
SPFB.YNDF-6.21;60;20210209;220000;50860.0000000;51300.0000000;50860.0000000;51300.0000000;4
SPFB.YNDF-6.21;60;20210209;230000;51305.0000000;51305.0000000;51305.0000000;51305.0000000;1
SPFB.YNDF-6.21;60;20210210;000000;51446.0000000;51570.0000000;51446.0000000;51570.0000000;2
SPFB.YNDF-6.21;60;20210210;110000;51070.0000000;51570.0000000;51070.0000000;51178.0000000;6
SPFB.YNDF-6.21;60;20210210;120000;51261.0000000;51261.0000000;51261.0000000;51261.0000000;1
SPFB.YNDF-6.21;60;20210210;130000;51435.0000000;51570.0000000;51435.0000000;51570.0000000;2
SPFB.YNDF-6.21;60;20210210;140000;51600.0000000;51909.0000000;51600.0000000;51909.0000000;22
SPFB.YNDF-6.21;60;20210210;160000;51950.0000000;52418.0000000;51950.0000000;52418.0000000;20
SPFB.YNDF-6.21;60;20210210;170000;52418.0000000;52418.0000000;52200.0000000;52400.0000000;15
SPFB.YNDF-6.21;60;20210210;180000;52305.0000000;53105.0000000;52000.0000000;53105.0000000;30
SPFB.YNDF-6.21;60;20210210;190000;53000.0000000;53400.0000000;52800.0000000;53200.0000000;19
SPFB.YNDF-6.21;60;20210210;200000;52987.0000000;53318.0000000;52987.0000000;53318.0000000;2
SPFB.YNDF-6.21;60;20210210;210000;53100.0000000;53467.0000000;53100.0000000;53350.0000000;29
SPFB.YNDF-6.21;60;20210210;220000;53100.0000000;53568.0000000;53100.0000000;53554.0000000;26
SPFB.YNDF-6.21;60;20210210;230000;53200.0000000;53300.0000000;53200.0000000;53300.0000000;8
SPFB.YNDF-6.21;60;20210211;000000;53300.0000000;53300.0000000;53099.0000000;53099.0000000;2
SPFB.YNDF-6.21;60;20210211;110000;53000.0000000;53000.0000000;52338.0000000;52655.0000000;134
SPFB.YNDF-6.21;60;20210211;130000;53067.0000000;53067.0000000;53067.0000000;53067.0000000;3
SPFB.YNDF-6.21;60;20210211;160000;52600.0000000;52600.0000000;52600.0000000;52600.0000000;5
SPFB.YNDF-6.21;60;20210211;180000;52850.0000000;53057.0000000;52700.0000000;53057.0000000;3
SPFB.YNDF-6.21;60;20210211;190000;53200.0000000;53984.0000000;53200.0000000;53984.0000000;26
SPFB.YNDF-6.21;60;20210211;200000;53601.0000000;53650.0000000;53600.0000000;53650.0000000;11
SPFB.YNDF-6.21;60;20210211;210000;53800.0000000;53931.0000000;53500.0000000;53500.0000000;7
SPFB.YNDF-6.21;60;20210211;220000;53505.0000000;53505.0000000;53505.0000000;53505.0000000;1
SPFB.YNDF-6.21;60;20210211;230000;53300.0000000;53300.0000000;53300.0000000;53300.0000000;1
SPFB.YNDF-6.21;60;20210212;000000;53925.0000000;53925.0000000;53700.0000000;53700.0000000;2
SPFB.YNDF-6.21;60;20210212;110000;53775.0000000;54191.0000000;53500.0000000;53500.0000000;146
SPFB.YNDF-6.21;60;20210212;120000;53350.0000000;53350.0000000;53300.0000000;53300.0000000;7
SPFB.YNDF-6.21;60;20210212;130000;53164.0000000;53433.0000000;53164.0000000;53433.0000000;3
SPFB.YNDF-6.21;60;20210212;140000;53482.0000000;53567.0000000;53482.0000000;53567.0000000;2
SPFB.YNDF-6.21;60;20210212;150000;53370.0000000;53390.0000000;53370.0000000;53390.0000000;3
SPFB.YNDF-6.21;60;20210212;160000;53715.0000000;53715.0000000;53538.0000000;53539.0000000;5
SPFB.YNDF-6.21;60;20210212;170000;53467.0000000;53467.0000000;53467.0000000;53467.0000000;1
SPFB.YNDF-6.21;60;20210212;180000;53692.0000000;54396.0000000;53692.0000000;54001.0000000;25
SPFB.YNDF-6.21;60;20210212;190000;54303.0000000;54536.0000000;54153.0000000;54250.0000000;28
SPFB.YNDF-6.21;60;20210212;200000;54593.0000000;54593.0000000;54540.0000000;54540.0000000;3
SPFB.YNDF-6.21;60;20210212;220000;54286.0000000;54286.0000000;54286.0000000;54286.0000000;1
SPFB.YNDF-6.21;60;20210213;000000;54497.0000000;54497.0000000;54497.0000000;54497.0000000;1
SPFB.YNDF-6.21;60;20210215;110000;54750.0000000;54900.0000000;54725.0000000;54725.0000000;16
SPFB.YNDF-6.21;60;20210215;140000;54555.0000000;54555.0000000;54299.0000000;54299.0000000;6
SPFB.YNDF-6.21;60;20210215;150000;54358.0000000;54358.0000000;54305.0000000;54305.0000000;2
SPFB.YNDF-6.21;60;20210215;180000;54543.0000000;54600.0000000;54543.0000000;54600.0000000;2
SPFB.YNDF-6.21;60;20210215;190000;54665.0000000;54720.0000000;54665.0000000;54720.0000000;7
SPFB.YNDF-6.21;60;20210215;200000;54700.0000000;54700.0000000;54700.0000000;54700.0000000;1
SPFB.YNDF-6.21;60;20210215;220000;54800.0000000;54800.0000000;54800.0000000;54800.0000000;1
SPFB.YNDF-6.21;60;20210215;230000;54798.0000000;54798.0000000;54798.0000000;54798.0000000;1
SPFB.YNDF-6.21;60;20210216;000000;54980.0000000;55000.0000000;54980.0000000;55000.0000000;3
SPFB.YNDF-6.21;60;20210216;110000;55180.0000000;55180.0000000;54576.0000000;54576.0000000;4
SPFB.YNDF-6.21;60;20210216;130000;54459.0000000;54459.0000000;54459.0000000;54459.0000000;1
SPFB.YNDF-6.21;60;20210216;150000;54700.0000000;54700.0000000;54400.0000000;54400.0000000;13
SPFB.YNDF-6.21;60;20210216;160000;54200.0000000;54200.0000000;54200.0000000;54200.0000000;6
SPFB.YNDF-6.21;60;20210216;180000;54219.0000000;54219.0000000;53900.0000000;53900.0000000;21
SPFB.YNDF-6.21;60;20210216;190000;53805.0000000;53805.0000000;53800.0000000;53800.0000000;2
SPFB.YNDF-6.21;60;20210216;200000;54500.0000000;54500.0000000;54500.0000000;54500.0000000;1
SPFB.YNDF-6.21;60;20210216;220000;54536.0000000;54536.0000000;54135.0000000;54135.0000000;4
SPFB.YNDF-6.21;60;20210217;110000;53705.0000000;53900.0000000;53700.0000000;53700.0000000;8
SPFB.YNDF-6.21;60;20210217;120000;53700.0000000;53700.0000000;53500.0000000;53602.0000000;4
SPFB.YNDF-6.21;60;20210217;130000;53514.0000000;53514.0000000;53514.0000000;53514.0000000;3
SPFB.YNDF-6.21;60;20210217;140000;53300.0000000;53300.0000000;53001.0000000;53188.0000000;15
SPFB.YNDF-6.21;60;20210217;150000;53200.0000000;53300.0000000;53200.0000000;53300.0000000;7
SPFB.YNDF-6.21;60;20210217;160000;53300.0000000;53300.0000000;53300.0000000;53300.0000000;3
SPFB.YNDF-6.21;60;20210217;170000;53213.0000000;53213.0000000;53190.0000000;53190.0000000;7
SPFB.YNDF-6.21;60;20210217;180000;53149.0000000;53149.0000000;52152.0000000;52525.0000000;68
SPFB.YNDF-6.21;60;20210217;190000;52805.0000000;52805.0000000;52805.0000000;52805.0000000;1
SPFB.YNDF-6.21;60;20210217;200000;52500.0000000;52600.0000000;51542.0000000;52600.0000000;25
SPFB.YNDF-6.21;60;20210217;220000;52600.0000000;52600.0000000;52600.0000000;52600.0000000;5
SPFB.YNDF-6.21;60;20210217;230000;52640.0000000;52855.0000000;52640.0000000;52819.0000000;4
SPFB.YNDF-6.21;60;20210218;110000;52528.0000000;52690.0000000;52017.0000000;52075.0000000;14
SPFB.YNDF-6.21;60;20210218;120000;52319.0000000;52319.0000000;51700.0000000;51800.0000000;18
SPFB.YNDF-6.21;60;20210218;130000;52030.0000000;52030.0000000;51859.0000000;51859.0000000;4
SPFB.YNDF-6.21;60;20210218;140000;51700.0000000;51724.0000000;51689.0000000;51724.0000000;8
SPFB.YNDF-6.21;60;20210218;160000;51787.0000000;51787.0000000;51787.0000000;51787.0000000;1
SPFB.YNDF-6.21;60;20210218;170000;51605.0000000;51605.0000000;51500.0000000;51550.0000000;7
SPFB.YNDF-6.21;60;20210218;180000;51492.0000000;51492.0000000;50992.0000000;51036.0000000;25
SPFB.YNDF-6.21;60;20210218;190000;51060.0000000;51180.0000000;50900.0000000;51180.0000000;14
SPFB.YNDF-6.21;60;20210218;200000;51090.0000000;51090.0000000;51090.0000000;51090.0000000;1
SPFB.YNDF-6.21;60;20210218;210000;51200.0000000;51200.0000000;51200.0000000;51200.0000000;1
SPFB.YNDF-6.21;60;20210218;220000;51000.0000000;51000.0000000;50800.0000000;50800.0000000;13
SPFB.YNDF-6.21;60;20210219;000000;50986.0000000;50986.0000000;50986.0000000;50986.0000000;1
SPFB.YNDF-6.21;60;20210219;110000;51012.0000000;51478.0000000;50840.0000000;51478.0000000;8
SPFB.YNDF-6.21;60;20210219;120000;51563.0000000;51563.0000000;51213.0000000;51213.0000000;5
SPFB.YNDF-6.21;60;20210219;130000;51055.0000000;51355.0000000;51055.0000000;51355.0000000;6
SPFB.YNDF-6.21;60;20210219;140000;51522.0000000;51808.0000000;51522.0000000;51808.0000000;17
SPFB.YNDF-6.21;60;20210219;160000;51749.0000000;51749.0000000;51300.0000000;51300.0000000;3
SPFB.YNDF-6.21;60;20210219;170000;51394.0000000;51810.0000000;51394.0000000;51810.0000000;3
SPFB.YNDF-6.21;60;20210219;180000;51924.0000000;51924.0000000;51183.0000000;51183.0000000;10
SPFB.YNDF-6.21;60;20210219;190000;51220.0000000;51220.0000000;51183.0000000;51183.0000000;2
SPFB.YNDF-6.21;60;20210219;200000;51355.0000000;51355.0000000;51000.0000000;51000.0000000;6
SPFB.YNDF-6.21;60;20210219;210000;50780.0000000;50780.0000000;50327.0000000;50327.0000000;11
SPFB.YNDF-6.21;60;20210219;220000;50413.0000000;50413.0000000;50393.0000000;50393.0000000;5
SPFB.YNDF-6.21;60;20210219;230000;50393.0000000;50393.0000000;50340.0000000;50341.0000000;5
SPFB.YNDF-6.21;60;20210220;000000;50537.0000000;50537.0000000;50537.0000000;50537.0000000;1
SPFB.YNDF-6.21;60;20210220;110000;51014.0000000;51014.0000000;50673.0000000;50673.0000000;47
SPFB.YNDF-6.21;60;20210220;120000;50766.0000000;50845.0000000;50766.0000000;50845.0000000;2
SPFB.YNDF-6.21;60;20210220;130000;50852.0000000;50966.0000000;50852.0000000;50966.0000000;2
SPFB.YNDF-6.21;60;20210220;180000;51000.0000000;51054.0000000;51000.0000000;51054.0000000;12
SPFB.YNDF-6.21;60;20210220;190000;51054.0000000;51054.0000000;51054.0000000;51054.0000000;2
SPFB.YNDF-6.21;60;20210222;110000;50514.0000000;50600.0000000;50497.0000000;50497.0000000;14
SPFB.YNDF-6.21;60;20210222;120000;50400.0000000;50625.0000000;50400.0000000;50536.0000000;8
SPFB.YNDF-6.21;60;20210222;130000;50501.0000000;50501.0000000;50501.0000000;50501.0000000;3
SPFB.YNDF-6.21;60;20210222;140000;50400.0000000;50523.0000000;50370.0000000;50397.0000000;6
SPFB.YNDF-6.21;60;20210222;160000;50400.0000000;50400.0000000;50400.0000000;50400.0000000;3
SPFB.YNDF-6.21;60;20210222;170000;50468.0000000;50468.0000000;50363.0000000;50363.0000000;6
SPFB.YNDF-6.21;60;20210222;180000;50300.0000000;50556.0000000;50050.0000000;50556.0000000;7
SPFB.YNDF-6.21;60;20210222;190000;50183.0000000;50183.0000000;50000.0000000;50000.0000000;14
SPFB.YNDF-6.21;60;20210222;200000;49733.0000000;49946.0000000;49733.0000000;49946.0000000;6
SPFB.YNDF-6.21;60;20210222;210000;50057.0000000;50185.0000000;50057.0000000;50185.0000000;15
SPFB.YNDF-6.21;60;20210222;220000;50212.0000000;50212.0000000;50212.0000000;50212.0000000;1
SPFB.YNDF-6.21;60;20210222;230000;50236.0000000;50236.0000000;50180.0000000;50180.0000000;2
SPFB.YNDF-6.21;60;20210223;000000;49920.0000000;49920.0000000;49638.0000000;49638.0000000;5
SPFB.YNDF-6.21;60;20210224;110000;49800.0000000;50100.0000000;49790.0000000;50100.0000000;37
SPFB.YNDF-6.21;60;20210224;120000;50402.0000000;50432.0000000;50389.0000000;50401.0000000;11
SPFB.YNDF-6.21;60;20210224;130000;50247.0000000;50247.0000000;50247.0000000;50247.0000000;1
SPFB.YNDF-6.21;60;20210224;140000;50256.0000000;50256.0000000;50205.0000000;50205.0000000;7
SPFB.YNDF-6.21;60;20210224;150000;50400.0000000;50625.0000000;50400.0000000;50625.0000000;10
SPFB.YNDF-6.21;60;20210224;160000;50880.0000000;50880.0000000;50600.0000000;50600.0000000;2
SPFB.YNDF-6.21;60;20210224;170000;50514.0000000;50514.0000000;50005.0000000;50005.0000000;12
SPFB.YNDF-6.21;60;20210224;180000;50005.0000000;50005.0000000;49800.0000000;49804.0000000;6
SPFB.YNDF-6.21;60;20210224;190000;49700.0000000;49936.0000000;49570.0000000;49750.0000000;19
SPFB.YNDF-6.21;60;20210224;200000;49980.0000000;50177.0000000;49980.0000000;50177.0000000;8
SPFB.YNDF-6.21;60;20210224;210000;50220.0000000;50247.0000000;50220.0000000;50247.0000000;6
SPFB.YNDF-6.21;60;20210224;220000;50110.0000000;50110.0000000;49999.0000000;49999.0000000;18
SPFB.YNDF-6.21;60;20210224;230000;49980.0000000;50041.0000000;49980.0000000;50041.0000000;7
SPFB.YNDF-6.21;60;20210225;000000;49884.0000000;49884.0000000;49884.0000000;49884.0000000;1
SPFB.YNDF-6.21;60;20210225;110000;49884.0000000;50177.0000000;49884.0000000;49901.0000000;9
SPFB.YNDF-6.21;60;20210225;120000;49832.0000000;49835.0000000;49800.0000000;49802.0000000;4
SPFB.YNDF-6.21;60;20210225;130000;49903.0000000;49903.0000000;49903.0000000;49903.0000000;1
SPFB.YNDF-6.21;60;20210225;150000;50011.0000000;50011.0000000;50011.0000000;50011.0000000;1
SPFB.YNDF-6.21;60;20210225;170000;49900.0000000;49900.0000000;49834.0000000;49860.0000000;15
SPFB.YNDF-6.21;60;20210225;180000;49777.0000000;50236.0000000;49397.0000000;49944.0000000;43
SPFB.YNDF-6.21;60;20210225;190000;49950.0000000;50100.0000000;49950.0000000;50100.0000000;51
SPFB.YNDF-6.21;60;20210225;200000;49650.0000000;49650.0000000;49150.0000000;49297.0000000;11
SPFB.YNDF-6.21;60;20210225;210000;49243.0000000;49243.0000000;48900.0000000;48900.0000000;45
SPFB.YNDF-6.21;60;20210225;220000;48808.0000000;49184.0000000;48808.0000000;49184.0000000;7
SPFB.YNDF-6.21;60;20210225;230000;49179.0000000;49666.0000000;49179.0000000;49250.0000000;10
SPFB.YNDF-6.21;60;20210226;000000;49111.0000000;49111.0000000;48983.0000000;48997.0000000;5
SPFB.YNDF-6.21;60;20210226;110000;49000.0000000;49050.0000000;48404.0000000;49046.0000000;63
SPFB.YNDF-6.21;60;20210226;120000;48901.0000000;48929.0000000;48800.0000000;48800.0000000;5
SPFB.YNDF-6.21;60;20210226;130000;48583.0000000;48830.0000000;48550.0000000;48830.0000000;7
SPFB.YNDF-6.21;60;20210226;140000;48707.0000000;48900.0000000;48706.0000000;48900.0000000;15
SPFB.YNDF-6.21;60;20210226;150000;48828.0000000;48828.0000000;48541.0000000;48550.0000000;4
SPFB.YNDF-6.21;60;20210226;170000;49035.0000000;49200.0000000;49035.0000000;49200.0000000;7
SPFB.YNDF-6.21;60;20210226;180000;49001.0000000;49001.0000000;48784.0000000;48784.0000000;7
SPFB.YNDF-6.21;60;20210226;190000;48770.0000000;48770.0000000;48587.0000000;48700.0000000;4
SPFB.YNDF-6.21;60;20210226;200000;48838.0000000;48994.0000000;48800.0000000;48994.0000000;8
SPFB.YNDF-6.21;60;20210226;210000;49147.0000000;49147.0000000;49050.0000000;49050.0000000;3
SPFB.YNDF-6.21;60;20210226;220000;48784.0000000;48784.0000000;48700.0000000;48700.0000000;7
SPFB.YNDF-6.21;60;20210227;000000;48852.0000000;48854.0000000;48688.0000000;48688.0000000;20
SPFB.YNDF-6.21;60;20210301;080000;48878.0000000;49613.0000000;48878.0000000;49573.0000000;19
SPFB.YNDF-6.21;60;20210301;100000;49300.0000000;49300.0000000;49200.0000000;49200.0000000;3
SPFB.YNDF-6.21;60;20210301;110000;49126.0000000;49573.0000000;49094.0000000;49524.0000000;31
SPFB.YNDF-6.21;60;20210301;120000;49573.0000000;49573.0000000;49400.0000000;49400.0000000;18
SPFB.YNDF-6.21;60;20210301;130000;49247.0000000;49424.0000000;49195.0000000;49424.0000000;14
SPFB.YNDF-6.21;60;20210301;140000;49449.0000000;49537.0000000;49280.0000000;49318.0000000;36
SPFB.YNDF-6.21;60;20210301;150000;49238.0000000;49280.0000000;48900.0000000;48900.0000000;12
SPFB.YNDF-6.21;60;20210301;160000;49206.0000000;49284.0000000;49206.0000000;49284.0000000;10
SPFB.YNDF-6.21;60;20210301;170000;49348.0000000;49444.0000000;49345.0000000;49444.0000000;18
SPFB.YNDF-6.21;60;20210301;180000;49502.0000000;50200.0000000;49398.0000000;50000.0000000;119
SPFB.YNDF-6.21;60;20210301;190000;50103.0000000;50455.0000000;50103.0000000;50250.0000000;22
SPFB.YNDF-6.21;60;20210301;200000;50108.0000000;50259.0000000;50021.0000000;50259.0000000;20
SPFB.YNDF-6.21;60;20210301;210000;50125.0000000;50381.0000000;50125.0000000;50381.0000000;6
SPFB.YNDF-6.21;60;20210301;220000;50434.0000000;50485.0000000;50175.0000000;50175.0000000;18
SPFB.YNDF-6.21;60;20210301;230000;50254.0000000;50577.0000000;50254.0000000;50577.0000000;5
SPFB.YNDF-6.21;60;20210302;000000;50496.0000000;50501.0000000;50496.0000000;50501.0000000;2
SPFB.YNDF-6.21;60;20210302;090000;50501.0000000;50501.0000000;50501.0000000;50501.0000000;2
SPFB.YNDF-6.21;60;20210302;100000;50501.0000000;50568.0000000;50420.0000000;50568.0000000;14
SPFB.YNDF-6.21;60;20210302;110000;50396.0000000;50396.0000000;50254.0000000;50350.0000000;105
SPFB.YNDF-6.21;60;20210302;120000;50400.0000000;50585.0000000;50400.0000000;50585.0000000;3
SPFB.YNDF-6.21;60;20210302;130000;50356.0000000;50400.0000000;50262.0000000;50400.0000000;4
SPFB.YNDF-6.21;60;20210302;140000;50522.0000000;50522.0000000;50522.0000000;50522.0000000;4
SPFB.YNDF-6.21;60;20210302;150000;50295.0000000;50295.0000000;50292.0000000;50292.0000000;4
SPFB.YNDF-6.21;60;20210302;160000;50666.0000000;50666.0000000;50666.0000000;50666.0000000;1
SPFB.YNDF-6.21;60;20210302;170000;50666.0000000;50666.0000000;50651.0000000;50651.0000000;11
SPFB.YNDF-6.21;60;20210302;180000;50764.0000000;51000.0000000;50500.0000000;50906.0000000;13
SPFB.YNDF-6.21;60;20210302;210000;50735.0000000;51000.0000000;50735.0000000;51000.0000000;10
SPFB.YNDF-6.21;60;20210302;220000;50883.0000000;50883.0000000;50883.0000000;50883.0000000;1
SPFB.YNDF-6.21;60;20210303;000000;51000.0000000;51000.0000000;50750.0000000;50837.0000000;13
SPFB.YNDF-6.21;60;20210303;110000;51097.0000000;51164.0000000;51016.0000000;51145.0000000;15
SPFB.YNDF-6.21;60;20210303;120000;51247.0000000;51370.0000000;51247.0000000;51351.0000000;14
SPFB.YNDF-6.21;60;20210303;130000;51301.0000000;51500.0000000;51301.0000000;51468.0000000;64
SPFB.YNDF-6.21;60;20210303;140000;51695.0000000;51695.0000000;51502.0000000;51502.0000000;7
SPFB.YNDF-6.21;60;20210303;150000;51500.0000000;51734.0000000;51500.0000000;51734.0000000;6
SPFB.YNDF-6.21;60;20210303;160000;51750.0000000;51750.0000000;51500.0000000;51500.0000000;9
SPFB.YNDF-6.21;60;20210303;170000;51450.0000000;51450.0000000;51395.0000000;51395.0000000;5
SPFB.YNDF-6.21;60;20210303;180000;51298.0000000;51298.0000000;50689.0000000;50689.0000000;44
SPFB.YNDF-6.21;60;20210303;190000;50537.0000000;50700.0000000;50450.0000000;50700.0000000;11
SPFB.YNDF-6.21;60;20210303;200000;50800.0000000;50800.0000000;50254.0000000;50362.0000000;24
SPFB.YNDF-6.21;60;20210303;210000;50001.0000000;50001.0000000;49911.0000000;49974.0000000;22
SPFB.YNDF-6.21;60;20210303;220000;49908.0000000;49967.0000000;49682.0000000;49682.0000000;13
SPFB.YNDF-6.21;60;20210303;230000;49565.0000000;49599.0000000;49256.0000000;49401.0000000;20
SPFB.YNDF-6.21;60;20210304;000000;49451.0000000;49451.0000000;49400.0000000;49400.0000000;21
SPFB.YNDF-6.21;60;20210304;080000;49301.0000000;49531.0000000;49301.0000000;49531.0000000;5
SPFB.YNDF-6.21;60;20210304;090000;49580.0000000;49580.0000000;49580.0000000;49580.0000000;1
SPFB.YNDF-6.21;60;20210304;100000;49650.0000000;49650.0000000;49650.0000000;49650.0000000;1
SPFB.YNDF-6.21;60;20210304;110000;49691.0000000;49772.0000000;47673.0000000;49772.0000000;300
SPFB.YNDF-6.21;60;20210304;120000;49670.0000000;49750.0000000;49550.0000000;49550.0000000;8
SPFB.YNDF-6.21;60;20210304;130000;49600.0000000;49600.0000000;49550.0000000;49587.0000000;10
SPFB.YNDF-6.21;60;20210304;140000;49495.0000000;49525.0000000;49439.0000000;49525.0000000;108
SPFB.YNDF-6.21;60;20210304;150000;49350.0000000;49350.0000000;49138.0000000;49209.0000000;15
SPFB.YNDF-6.21;60;20210304;160000;49500.0000000;49710.0000000;49500.0000000;49588.0000000;3
SPFB.YNDF-6.21;60;20210304;170000;49584.0000000;49890.0000000;49548.0000000;49890.0000000;22
SPFB.YNDF-6.21;60;20210304;180000;49676.0000000;49676.0000000;48800.0000000;48800.0000000;73
SPFB.YNDF-6.21;60;20210304;190000;48700.0000000;48862.0000000;48628.0000000;48862.0000000;21
SPFB.YNDF-6.21;60;20210304;200000;48857.0000000;49000.0000000;48718.0000000;49000.0000000;8
SPFB.YNDF-6.21;60;20210304;210000;49017.0000000;49017.0000000;48123.0000000;48123.0000000;19
SPFB.YNDF-6.21;60;20210304;220000;48200.0000000;48200.0000000;47450.0000000;47450.0000000;126
SPFB.YNDF-6.21;60;20210304;230000;47451.0000000;48089.0000000;47420.0000000;47955.0000000;22
SPFB.YNDF-6.21;60;20210305;000000;47800.0000000;47800.0000000;47700.0000000;47700.0000000;7
SPFB.YNDF-6.21;60;20210305;080000;48000.0000000;48000.0000000;48000.0000000;48000.0000000;5
SPFB.YNDF-6.21;60;20210305;090000;48001.0000000;48001.0000000;48001.0000000;48001.0000000;7
SPFB.YNDF-6.21;60;20210305;100000;48130.0000000;48152.0000000;48001.0000000;48152.0000000;9
SPFB.YNDF-6.21;60;20210305;110000;48000.0000000;48233.0000000;47800.0000000;48174.0000000;244
SPFB.YNDF-6.21;60;20210305;120000;48174.0000000;48174.0000000;47895.0000000;48042.0000000;31
SPFB.YNDF-6.21;60;20210305;130000;48042.0000000;48082.0000000;48001.0000000;48082.0000000;31
SPFB.YNDF-6.21;60;20210305;140000;48105.0000000;48400.0000000;48105.0000000;48300.0000000;12
SPFB.YNDF-6.21;60;20210305;150000;48350.0000000;48658.0000000;48350.0000000;48500.0000000;34
SPFB.YNDF-6.21;60;20210305;160000;48500.0000000;48697.0000000;48228.0000000;48513.0000000;54
SPFB.YNDF-6.21;60;20210305;170000;48366.0000000;48366.0000000;47668.0000000;47992.0000000;17
SPFB.YNDF-6.21;60;20210305;180000;48103.0000000;48548.0000000;47000.0000000;47000.0000000;193
SPFB.YNDF-6.21;60;20210305;190000;47120.0000000;47388.0000000;47100.0000000;47100.0000000;49
SPFB.YNDF-6.21;60;20210305;200000;46979.0000000;47285.0000000;46908.0000000;47001.0000000;38
SPFB.YNDF-6.21;60;20210305;210000;47299.0000000;47527.0000000;47299.0000000;47527.0000000;19
SPFB.YNDF-6.21;60;20210305;220000;47401.0000000;48015.0000000;47401.0000000;47867.0000000;48
SPFB.YNDF-6.21;60;20210305;230000;47800.0000000;47800.0000000;47800.0000000;47800.0000000;4
SPFB.YNDF-6.21;60;20210306;000000;47860.0000000;47860.0000000;47712.0000000;47712.0000000;19
SPFB.YNDF-6.21;60;20210309;080000;47500.0000000;47500.0000000;47000.0000000;47163.0000000;30
SPFB.YNDF-6.21;60;20210309;090000;47050.0000000;47068.0000000;46876.0000000;46876.0000000;44
SPFB.YNDF-6.21;60;20210309;100000;46870.0000000;46880.0000000;46857.0000000;46857.0000000;5
SPFB.YNDF-6.21;60;20210309;110000;46720.0000000;47200.0000000;46399.0000000;46993.0000000;93
SPFB.YNDF-6.21;60;20210309;120000;46800.0000000;46966.0000000;46800.0000000;46966.0000000;5
SPFB.YNDF-6.21;60;20210309;130000;46800.0000000;46809.0000000;46700.0000000;46700.0000000;14
SPFB.YNDF-6.21;60;20210309;140000;46807.0000000;46807.0000000;46713.0000000;46713.0000000;2
SPFB.YNDF-6.21;60;20210309;150000;47213.0000000;47400.0000000;47213.0000000;47300.0000000;24
SPFB.YNDF-6.21;60;20210309;160000;47460.0000000;47460.0000000;47241.0000000;47300.0000000;26
SPFB.YNDF-6.21;60;20210309;170000;47500.0000000;47532.0000000;47301.0000000;47326.0000000;20
SPFB.YNDF-6.21;60;20210309;180000;47230.0000000;47500.0000000;46700.0000000;47500.0000000;23
SPFB.YNDF-6.21;60;20210309;190000;47500.0000000;47550.0000000;47198.0000000;47350.0000000;18
SPFB.YNDF-6.21;60;20210309;200000;47100.0000000;47510.0000000;47100.0000000;47510.0000000;6
SPFB.YNDF-6.21;60;20210309;210000;47632.0000000;47974.0000000;47632.0000000;47974.0000000;44
SPFB.YNDF-6.21;60;20210309;220000;47974.0000000;48100.0000000;47974.0000000;48100.0000000;17
SPFB.YNDF-6.21;60;20210309;230000;48073.0000000;48073.0000000;47839.0000000;47839.0000000;26
SPFB.YNDF-6.21;60;20210310;000000;47839.0000000;47839.0000000;47710.0000000;47710.0000000;29
SPFB.YNDF-6.21;60;20210310;080000;47723.0000000;48148.0000000;47723.0000000;48002.0000000;8
SPFB.YNDF-6.21;60;20210310;090000;48190.0000000;48190.0000000;48190.0000000;48190.0000000;25
SPFB.YNDF-6.21;60;20210310;100000;48190.0000000;48195.0000000;47901.0000000;47901.0000000;6
SPFB.YNDF-6.21;60;20210310;110000;47801.0000000;48569.0000000;47790.0000000;48569.0000000;103
SPFB.YNDF-6.21;60;20210310;120000;48597.0000000;48847.0000000;48562.0000000;48639.0000000;330
SPFB.YNDF-6.21;60;20210310;130000;48452.0000000;48452.0000000;48224.0000000;48250.0000000;39
SPFB.YNDF-6.21;60;20210310;140000;48220.0000000;48228.0000000;47850.0000000;47850.0000000;53
SPFB.YNDF-6.21;60;20210310;150000;47850.0000000;47850.0000000;47500.0000000;47619.0000000;114
SPFB.YNDF-6.21;60;20210310;160000;47619.0000000;47899.0000000;47617.0000000;47670.0000000;46
SPFB.YNDF-6.21;60;20210310;170000;47711.0000000;47999.0000000;47501.0000000;47999.0000000;54
SPFB.YNDF-6.21;60;20210310;180000;48057.0000000;48405.0000000;47934.0000000;47934.0000000;47
SPFB.YNDF-6.21;60;20210310;190000;47912.0000000;47940.0000000;47501.0000000;47634.0000000;118
SPFB.YNDF-6.21;60;20210310;200000;47645.0000000;47783.0000000;47550.0000000;47699.0000000;34
SPFB.YNDF-6.21;60;20210310;210000;47601.0000000;47610.0000000;47301.0000000;47592.0000000;201
SPFB.YNDF-6.21;60;20210310;220000;47593.0000000;47599.0000000;47003.0000000;47300.0000000;115
SPFB.YNDF-6.21;60;20210310;230000;47268.0000000;47699.0000000;47268.0000000;47699.0000000;89
SPFB.YNDF-6.21;60;20210311;000000;47601.0000000;47601.0000000;47501.0000000;47599.0000000;75
SPFB.YNDF-6.21;60;20210311;090000;47699.0000000;47699.0000000;47518.0000000;47699.0000000;9
SPFB.YNDF-6.21;60;20210311;100000;47700.0000000;47799.0000000;47700.0000000;47789.0000000;6
SPFB.YNDF-6.21;60;20210311;110000;47765.0000000;48200.0000000;47765.0000000;48001.0000000;56
SPFB.YNDF-6.21;60;20210311;120000;48010.0000000;48099.0000000;47950.0000000;47950.0000000;75
SPFB.YNDF-6.21;60;20210311;130000;47996.0000000;48028.0000000;47878.0000000;48028.0000000;240
SPFB.YNDF-6.21;60;20210311;140000;48004.0000000;48204.0000000;47962.0000000;48204.0000000;23
SPFB.YNDF-6.21;60;20210311;150000;48180.0000000;48220.0000000;48060.0000000;48060.0000000;39
SPFB.YNDF-6.21;60;20210311;160000;48001.0000000;48300.0000000;48000.0000000;48300.0000000;45
SPFB.YNDF-6.21;60;20210311;170000;48300.0000000;48439.0000000;48200.0000000;48200.0000000;172
SPFB.YNDF-6.21;60;20210311;180000;48229.0000000;48899.0000000;48201.0000000;48779.0000000;137
SPFB.YNDF-6.21;60;20210311;190000;48830.0000000;49050.0000000;48600.0000000;49049.0000000;258
SPFB.YNDF-6.21;60;20210311;200000;49094.0000000;49306.0000000;49093.0000000;49154.0000000;97
SPFB.YNDF-6.21;60;20210311;210000;49124.0000000;49438.0000000;49031.0000000;49438.0000000;61
SPFB.YNDF-6.21;60;20210311;220000;49479.0000000;49575.0000000;49300.0000000;49300.0000000;67
SPFB.YNDF-6.21;60;20210311;230000;49300.0000000;49316.0000000;49300.0000000;49300.0000000;38
SPFB.YNDF-6.21;60;20210312;000000;49258.0000000;49330.0000000;49258.0000000;49330.0000000;2
SPFB.YNDF-6.21;60;20210312;080000;49560.0000000;49565.0000000;49560.0000000;49565.0000000;8
SPFB.YNDF-6.21;60;20210312;090000;49565.0000000;49565.0000000;49400.0000000;49400.0000000;16
SPFB.YNDF-6.21;60;20210312;100000;49330.0000000;49330.0000000;49229.0000000;49330.0000000;3
SPFB.YNDF-6.21;60;20210312;110000;49250.0000000;49387.0000000;48797.0000000;49209.0000000;104
SPFB.YNDF-6.21;60;20210312;120000;49058.0000000;49117.0000000;48862.0000000;48887.0000000;36
SPFB.YNDF-6.21;60;20210312;130000;48840.0000000;49226.0000000;48836.0000000;49226.0000000;41
SPFB.YNDF-6.21;60;20210312;140000;49226.0000000;49226.0000000;49060.0000000;49060.0000000;6
SPFB.YNDF-6.21;60;20210312;150000;49074.0000000;49265.0000000;48991.0000000;49231.0000000;371
SPFB.YNDF-6.21;60;20210312;160000;49262.0000000;49343.0000000;49049.0000000;49051.0000000;39
SPFB.YNDF-6.21;60;20210312;170000;49050.0000000;49137.0000000;49023.0000000;49023.0000000;43
SPFB.YNDF-6.21;60;20210312;180000;49007.0000000;49095.0000000;48832.0000000;49061.0000000;81
SPFB.YNDF-6.21;60;20210312;190000;49056.0000000;49277.0000000;48913.0000000;49095.0000000;26
SPFB.YNDF-6.21;60;20210312;200000;49038.0000000;49199.0000000;49038.0000000;49199.0000000;6
SPFB.YNDF-6.21;60;20210312;210000;49235.0000000;49769.0000000;49235.0000000;49698.0000000;51
SPFB.YNDF-6.21;60;20210312;220000;49642.0000000;49793.0000000;49642.0000000;49710.0000000;38
SPFB.YNDF-6.21;60;20210312;230000;49750.0000000;49760.0000000;49700.0000000;49750.0000000;9
SPFB.YNDF-6.21;60;20210313;000000;49749.0000000;50200.0000000;49749.0000000;50200.0000000;80
SPFB.YNDF-6.21;60;20210315;080000;50066.0000000;50367.0000000;49813.0000000;50367.0000000;30
SPFB.YNDF-6.21;60;20210315;090000;50451.0000000;50620.0000000;50315.0000000;50413.0000000;43
SPFB.YNDF-6.21;60;20210315;100000;50590.0000000;50599.0000000;50398.0000000;50560.0000000;64
SPFB.YNDF-6.21;60;20210315;110000;50560.0000000;50744.0000000;50036.0000000;50200.0000000;159
SPFB.YNDF-6.21;60;20210315;120000;50171.0000000;50369.0000000;50004.0000000;50310.0000000;88
SPFB.YNDF-6.21;60;20210315;130000;50350.0000000;50706.0000000;50350.0000000;50542.0000000;158
SPFB.YNDF-6.21;60;20210315;140000;50543.0000000;50709.0000000;50543.0000000;50674.0000000;301
SPFB.YNDF-6.21;60;20210315;150000;50674.0000000;50674.0000000;50447.0000000;50505.0000000;72
SPFB.YNDF-6.21;60;20210315;160000;50512.0000000;50512.0000000;50093.0000000;50093.0000000;98
SPFB.YNDF-6.21;60;20210315;170000;50188.0000000;50840.0000000;49998.0000000;50838.0000000;728
SPFB.YNDF-6.21;60;20210315;180000;50644.0000000;50690.0000000;50591.0000000;50602.0000000;26
SPFB.YNDF-6.21;60;20210315;190000;50537.0000000;50575.0000000;50493.0000000;50497.0000000;35
SPFB.YNDF-6.21;60;20210315;200000;50657.0000000;50757.0000000;50635.0000000;50690.0000000;69
SPFB.YNDF-6.21;60;20210315;210000;50750.0000000;50967.0000000;50750.0000000;50955.0000000;52
SPFB.YNDF-6.21;60;20210315;220000;50949.0000000;50976.0000000;50820.0000000;50898.0000000;67
SPFB.YNDF-6.21;60;20210315;230000;50960.0000000;51140.0000000;50820.0000000;51140.0000000;34
SPFB.YNDF-6.21;60;20210316;000000;51235.0000000;51236.0000000;51015.0000000;51015.0000000;56
SPFB.YNDF-6.21;60;20210316;080000;51140.0000000;51148.0000000;51000.0000000;51148.0000000;16
SPFB.YNDF-6.21;60;20210316;090000;51148.0000000;51148.0000000;51106.0000000;51106.0000000;25
SPFB.YNDF-6.21;60;20210316;100000;51007.0000000;51045.0000000;51007.0000000;51045.0000000;12
SPFB.YNDF-6.21;60;20210316;110000;51201.0000000;51298.0000000;50573.0000000;50678.0000000;266
SPFB.YNDF-6.21;60;20210316;120000;50700.0000000;50810.0000000;50300.0000000;50404.0000000;258
SPFB.YNDF-6.21;60;20210316;130000;50368.0000000;50474.0000000;50250.0000000;50434.0000000;318
SPFB.YNDF-6.21;60;20210316;140000;50400.0000000;50435.0000000;50219.0000000;50368.0000000;178
SPFB.YNDF-6.21;60;20210316;150000;50376.0000000;50612.0000000;50344.0000000;50558.0000000;138
SPFB.YNDF-6.21;60;20210316;160000;50692.0000000;50692.0000000;50336.0000000;50589.0000000;241
SPFB.YNDF-6.21;60;20210316;170000;50500.0000000;52000.0000000;50491.0000000;51848.0000000;1049
SPFB.YNDF-6.21;60;20210316;180000;51915.0000000;51997.0000000;51700.0000000;51936.0000000;404
SPFB.YNDF-6.21;60;20210316;190000;51905.0000000;52355.0000000;51905.0000000;52350.0000000;333
SPFB.YNDF-6.21;60;20210316;200000;52476.0000000;52504.0000000;52030.0000000;52303.0000000;187
SPFB.YNDF-6.21;60;20210316;210000;52361.0000000;52365.0000000;52000.0000000;52036.0000000;570
SPFB.YNDF-6.21;60;20210316;220000;52032.0000000;52206.0000000;51900.0000000;52165.0000000;965
SPFB.YNDF-6.21;60;20210316;230000;52150.0000000;52416.0000000;52130.0000000;52247.0000000;48
SPFB.YNDF-6.21;60;20210317;000000;52264.0000000;52305.0000000;52201.0000000;52297.0000000;14
SPFB.YNDF-6.21;60;20210317;080000;52201.0000000;52201.0000000;52011.0000000;52059.0000000;16
SPFB.YNDF-6.21;60;20210317;090000;52012.0000000;52090.0000000;51957.0000000;52090.0000000;41
SPFB.YNDF-6.21;60;20210317;100000;52090.0000000;52242.0000000;52090.0000000;52121.0000000;17
SPFB.YNDF-6.21;60;20210317;110000;52064.0000000;52105.0000000;51520.0000000;51590.0000000;326
SPFB.YNDF-6.21;60;20210317;120000;51604.0000000;51913.0000000;51540.0000000;51619.0000000;151
SPFB.YNDF-6.21;60;20210317;130000;51619.0000000;51619.0000000;51241.0000000;51400.0000000;254
SPFB.YNDF-6.21;60;20210317;140000;51350.0000000;51725.0000000;51300.0000000;51514.0000000;148
SPFB.YNDF-6.21;60;20210317;150000;51572.0000000;51834.0000000;50956.0000000;51070.0000000;1038
SPFB.YNDF-6.21;60;20210317;160000;51068.0000000;51439.0000000;50900.0000000;51433.0000000;245
SPFB.YNDF-6.21;60;20210317;170000;51480.0000000;51634.0000000;50552.0000000;50568.0000000;485
SPFB.YNDF-6.21;60;20210317;180000;50618.0000000;51183.0000000;50250.0000000;50772.0000000;1025
SPFB.YNDF-6.21;60;20210317;190000;50779.0000000;50797.0000000;50451.0000000;50650.0000000;461
SPFB.YNDF-6.21;60;20210317;200000;50550.0000000;50746.0000000;50438.0000000;50550.0000000;557
SPFB.YNDF-6.21;60;20210317;210000;50545.0000000;50770.0000000;50501.0000000;50599.0000000;48
SPFB.YNDF-6.21;60;20210317;220000;50745.0000000;51330.0000000;50701.0000000;51203.0000000;262
SPFB.YNDF-6.21;60;20210317;230000;51200.0000000;51538.0000000;51059.0000000;51156.0000000;196
SPFB.YNDF-6.21;60;20210318;000000;51157.0000000;51157.0000000;51002.0000000;51030.0000000;22
SPFB.YNDF-6.21;60;20210318;080000;51002.0000000;51291.0000000;51001.0000000;51092.0000000;51
SPFB.YNDF-6.21;60;20210318;090000;51100.0000000;51280.0000000;51028.0000000;51150.0000000;25
SPFB.YNDF-6.21;60;20210318;100000;51219.0000000;51285.0000000;51050.0000000;51237.0000000;60
SPFB.YNDF-6.21;60;20210318;110000;51237.0000000;51783.0000000;51090.0000000;51247.0000000;1463
SPFB.YNDF-6.21;60;20210318;120000;51223.0000000;51444.0000000;51083.0000000;51300.0000000;785
SPFB.YNDF-6.21;60;20210318;130000;51352.0000000;51523.0000000;51183.0000000;51247.0000000;313
SPFB.YNDF-6.21;60;20210318;140000;51247.0000000;51511.0000000;51145.0000000;51300.0000000;406
SPFB.YNDF-6.21;60;20210318;150000;51328.0000000;51621.0000000;50900.0000000;51127.0000000;791
SPFB.YNDF-6.21;60;20210318;160000;51142.0000000;51420.0000000;51041.0000000;51279.0000000;365
SPFB.YNDF-6.21;60;20210318;170000;51165.0000000;51165.0000000;49799.0000000;49822.0000000;1696
SPFB.YNDF-6.21;60;20210318;180000;49879.0000000;49879.0000000;49362.0000000;49679.0000000;1079
SPFB.YNDF-6.21;60;20210318;190000;49677.0000000;49972.0000000;49644.0000000;49764.0000000;299
SPFB.YNDF-6.21;60;20210318;200000;49764.0000000;49764.0000000;49402.0000000;49550.0000000;629
SPFB.YNDF-6.21;60;20210318;210000;49549.0000000;49695.0000000;49504.0000000;49563.0000000;104
SPFB.YNDF-6.21;60;20210318;220000;49550.0000000;49550.0000000;49008.0000000;49350.0000000;295
SPFB.YNDF-6.21;60;20210318;230000;49317.0000000;49441.0000000;48900.0000000;49166.0000000;221
SPFB.YNDF-6.21;60;20210319;000000;49163.0000000;49250.0000000;49001.0000000;49147.0000000;89
SPFB.YNDF-6.21;60;20210319;080000;49250.0000000;49250.0000000;49080.0000000;49202.0000000;76
SPFB.YNDF-6.21;60;20210319;090000;49244.0000000;49250.0000000;49150.0000000;49250.0000000;27
SPFB.YNDF-6.21;60;20210319;100000;49299.0000000;49300.0000000;48901.0000000;49101.0000000;449
SPFB.YNDF-6.21;60;20210319;110000;49212.0000000;49778.0000000;49185.0000000;49605.0000000;1460
SPFB.YNDF-6.21;60;20210319;120000;49650.0000000;49763.0000000;49617.0000000;49716.0000000;475
SPFB.YNDF-6.21;60;20210319;130000;49720.0000000;49943.0000000;49672.0000000;49943.0000000;323
SPFB.YNDF-6.21;60;20210319;140000;49950.0000000;50100.0000000;49837.0000000;50056.0000000;454
SPFB.YNDF-6.21;60;20210319;150000;50015.0000000;50095.0000000;49723.0000000;49903.0000000;412
SPFB.YNDF-6.21;60;20210319;160000;49884.0000000;49990.0000000;49815.0000000;49938.0000000;335
SPFB.YNDF-6.21;60;20210319;170000;49941.0000000;49941.0000000;49000.0000000;49058.0000000;1121
SPFB.YNDF-6.21;60;20210319;180000;49032.0000000;49870.0000000;48743.0000000;49767.0000000;971
SPFB.YNDF-6.21;60;20210319;190000;49800.0000000;49800.0000000;49436.0000000;49779.0000000;190
SPFB.YNDF-6.21;60;20210319;200000;49700.0000000;49817.0000000;49440.0000000;49658.0000000;132
SPFB.YNDF-6.21;60;20210319;210000;49677.0000000;49810.0000000;49605.0000000;49642.0000000;230
SPFB.YNDF-6.21;60;20210319;220000;49700.0000000;49710.0000000;49534.0000000;49600.0000000;82
SPFB.YNDF-6.21;60;20210319;230000;49606.0000000;49648.0000000;49170.0000000;49258.0000000;255
SPFB.YNDF-6.21;60;20210320;000000;49255.0000000;49452.0000000;49242.0000000;49400.0000000;175
SPFB.YNDF-6.21;60;20210322;080000;49449.0000000;49750.0000000;49250.0000000;49412.0000000;65
SPFB.YNDF-6.21;60;20210322;090000;49422.0000000;49494.0000000;49380.0000000;49440.0000000;21
SPFB.YNDF-6.21;60;20210322;100000;49439.0000000;49604.0000000;49414.0000000;49551.0000000;120
SPFB.YNDF-6.21;60;20210322;110000;49550.0000000;49729.0000000;49335.0000000;49486.0000000;380
SPFB.YNDF-6.21;60;20210322;120000;49400.0000000;49847.0000000;49376.0000000;49806.0000000;188
SPFB.YNDF-6.21;60;20210322;130000;49826.0000000;49871.0000000;49537.0000000;49566.0000000;206
SPFB.YNDF-6.21;60;20210322;140000;49567.0000000;49850.0000000;49538.0000000;49721.0000000;119
SPFB.YNDF-6.21;60;20210322;150000;49713.0000000;49850.0000000;49677.0000000;49836.0000000;59
SPFB.YNDF-6.21;60;20210322;160000;49839.0000000;49898.0000000;49752.0000000;49897.0000000;150
SPFB.YNDF-6.21;60;20210322;170000;49899.0000000;50100.0000000;49501.0000000;49649.0000000;777
SPFB.YNDF-6.21;60;20210322;180000;49729.0000000;49729.0000000;49400.0000000;49400.0000000;336
SPFB.YNDF-6.21;60;20210322;190000;49431.0000000;49525.0000000;49382.0000000;49500.0000000;124
SPFB.YNDF-6.21;60;20210322;200000;49500.0000000;49650.0000000;49500.0000000;49566.0000000;143
SPFB.YNDF-6.21;60;20210322;210000;49540.0000000;49752.0000000;49425.0000000;49740.0000000;223
SPFB.YNDF-6.21;60;20210322;220000;49743.0000000;49771.0000000;49532.0000000;49622.0000000;87
SPFB.YNDF-6.21;60;20210322;230000;49602.0000000;49610.0000000;49428.0000000;49480.0000000;115
SPFB.YNDF-6.21;60;20210323;000000;49516.0000000;49585.0000000;49462.0000000;49550.0000000;111
SPFB.YNDF-6.21;60;20210323;080000;49457.0000000;49548.0000000;49440.0000000;49496.0000000;31
SPFB.YNDF-6.21;60;20210323;090000;49436.0000000;49496.0000000;49002.0000000;49090.0000000;144
SPFB.YNDF-6.21;60;20210323;100000;49090.0000000;49414.0000000;49010.0000000;49380.0000000;121
SPFB.YNDF-6.21;60;20210323;110000;49393.0000000;49483.0000000;49103.0000000;49191.0000000;404
SPFB.YNDF-6.21;60;20210323;120000;49183.0000000;49358.0000000;49183.0000000;49314.0000000;212
SPFB.YNDF-6.21;60;20210323;130000;49302.0000000;49723.0000000;49302.0000000;49619.0000000;493
SPFB.YNDF-6.21;60;20210323;140000;49602.0000000;49699.0000000;49545.0000000;49600.0000000;335
SPFB.YNDF-6.21;60;20210323;150000;49639.0000000;49650.0000000;49491.0000000;49540.0000000;158
SPFB.YNDF-6.21;60;20210323;160000;49540.0000000;49660.0000000;49473.0000000;49624.0000000;205
SPFB.YNDF-6.21;60;20210323;170000;49665.0000000;49878.0000000;49478.0000000;49558.0000000;530
SPFB.YNDF-6.21;60;20210323;180000;49570.0000000;50000.0000000;49570.0000000;49875.0000000;660
SPFB.YNDF-6.21;60;20210323;190000;49900.0000000;50127.0000000;49797.0000000;49806.0000000;418
SPFB.YNDF-6.21;60;20210323;200000;49810.0000000;49900.0000000;49650.0000000;49892.0000000;244
SPFB.YNDF-6.21;60;20210323;210000;49939.0000000;49999.0000000;49760.0000000;49760.0000000;165
SPFB.YNDF-6.21;60;20210323;220000;49784.0000000;49900.0000000;49771.0000000;49800.0000000;176
SPFB.YNDF-6.21;60;20210323;230000;49753.0000000;49766.0000000;49502.0000000;49700.0000000;187
SPFB.YNDF-6.21;60;20210324;000000;49683.0000000;49849.0000000;49550.0000000;49577.0000000;95
SPFB.YNDF-6.21;60;20210324;080000;49531.0000000;49850.0000000;49531.0000000;49850.0000000;60
SPFB.YNDF-6.21;60;20210324;090000;49850.0000000;49883.0000000;49800.0000000;49800.0000000;21
SPFB.YNDF-6.21;60;20210324;100000;49800.0000000;49800.0000000;49620.0000000;49645.0000000;109
SPFB.YNDF-6.21;60;20210324;110000;49700.0000000;49931.0000000;49571.0000000;49800.0000000;588
SPFB.YNDF-6.21;60;20210324;120000;49833.0000000;50033.0000000;49780.0000000;50033.0000000;279
SPFB.YNDF-6.21;60;20210324;130000;50027.0000000;50334.0000000;49974.0000000;50219.0000000;487
SPFB.YNDF-6.21;60;20210324;140000;50201.0000000;50225.0000000;49716.0000000;49819.0000000;378
SPFB.YNDF-6.21;60;20210324;150000;49819.0000000;49985.0000000;49810.0000000;49810.0000000;105
SPFB.YNDF-6.21;60;20210324;160000;49872.0000000;49999.0000000;49790.0000000;49800.0000000;335
SPFB.YNDF-6.21;60;20210324;170000;49767.0000000;49871.0000000;48968.0000000;49062.0000000;830
SPFB.YNDF-6.21;60;20210324;180000;49046.0000000;49467.0000000;48793.0000000;49449.0000000;627
SPFB.YNDF-6.21;60;20210324;190000;49450.0000000;49672.0000000;49315.0000000;49464.0000000;316
SPFB.YNDF-6.21;60;20210324;200000;49350.0000000;49482.0000000;49207.0000000;49311.0000000;165
SPFB.YNDF-6.21;60;20210324;210000;49250.0000000;49476.0000000;48967.0000000;49433.0000000;356
SPFB.YNDF-6.21;60;20210324;220000;49303.0000000;49393.0000000;49120.0000000;49150.0000000;48
SPFB.YNDF-6.21;60;20210324;230000;49120.0000000;49200.0000000;48866.0000000;48875.0000000;242
SPFB.YNDF-6.21;60;20210325;000000;48920.0000000;49127.0000000;48908.0000000;49055.0000000;92
SPFB.YNDF-6.21;60;20210325;080000;49001.0000000;49200.0000000;48730.0000000;49050.0000000;112
SPFB.YNDF-6.21;60;20210325;090000;49045.0000000;49178.0000000;49045.0000000;49061.0000000;24
SPFB.YNDF-6.21;60;20210325;100000;49172.0000000;49258.0000000;49084.0000000;49170.0000000;56
SPFB.YNDF-6.21;60;20210325;110000;49118.0000000;49348.0000000;48923.0000000;49163.0000000;301
SPFB.YNDF-6.21;60;20210325;120000;49180.0000000;49204.0000000;49073.0000000;49073.0000000;50
SPFB.YNDF-6.21;60;20210325;130000;49038.0000000;49038.0000000;48812.0000000;48986.0000000;315
SPFB.YNDF-6.21;60;20210325;140000;48956.0000000;49100.0000000;48900.0000000;48980.0000000;215
SPFB.YNDF-6.21;60;20210325;150000;48951.0000000;48951.0000000;48434.0000000;48538.0000000;386
SPFB.YNDF-6.21;60;20210325;160000;48591.0000000;48700.0000000;48337.0000000;48505.0000000;416
SPFB.YNDF-6.21;60;20210325;170000;48598.0000000;48671.0000000;48004.0000000;48350.0000000;511
SPFB.YNDF-6.21;60;20210325;180000;48400.0000000;48600.0000000;47681.0000000;47844.0000000;661
SPFB.YNDF-6.21;60;20210325;190000;47845.0000000;47893.0000000;47451.0000000;47451.0000000;1164
SPFB.YNDF-6.21;60;20210325;200000;47500.0000000;48049.0000000;47500.0000000;47922.0000000;523
SPFB.YNDF-6.21;60;20210325;210000;47947.0000000;47947.0000000;47723.0000000;47800.0000000;362
SPFB.YNDF-6.21;60;20210325;220000;47800.0000000;47800.0000000;47409.0000000;47600.0000000;476
SPFB.YNDF-6.21;60;20210325;230000;47619.0000000;47920.0000000;47566.0000000;47900.0000000;149
SPFB.YNDF-6.21;60;20210326;000000;47900.0000000;48010.0000000;47895.0000000;47992.0000000;149
SPFB.YNDF-6.21;60;20210326;080000;47902.0000000;48085.0000000;47899.0000000;47970.0000000;108
SPFB.YNDF-6.21;60;20210326;090000;47967.0000000;48086.0000000;47928.0000000;48022.0000000;26
SPFB.YNDF-6.21;60;20210326;100000;48086.0000000;48210.0000000;48022.0000000;48210.0000000;67
SPFB.YNDF-6.21;60;20210326;110000;48207.0000000;48888.0000000;48042.0000000;48450.0000000;1254
SPFB.YNDF-6.21;60;20210326;120000;48450.0000000;48618.0000000;48350.0000000;48400.0000000;548
SPFB.YNDF-6.21;60;20210326;130000;48400.0000000;48537.0000000;48398.0000000;48528.0000000;180
SPFB.YNDF-6.21;60;20210326;140000;48527.0000000;48558.0000000;48493.0000000;48539.0000000;162
SPFB.YNDF-6.21;60;20210326;150000;48530.0000000;48567.0000000;48270.0000000;48413.0000000;345
SPFB.YNDF-6.21;60;20210326;160000;48370.0000000;48371.0000000;48170.0000000;48333.0000000;298
SPFB.YNDF-6.21;60;20210326;170000;48280.0000000;48590.0000000;48185.0000000;48401.0000000;561
SPFB.YNDF-6.21;60;20210326;180000;48414.0000000;48625.0000000;47963.0000000;48054.0000000;388
SPFB.YNDF-6.21;60;20210326;190000;48000.0000000;48148.0000000;47755.0000000;48051.0000000;389
SPFB.YNDF-6.21;60;20210326;200000;48150.0000000;48212.0000000;47652.0000000;47749.0000000;215
SPFB.YNDF-6.21;60;20210326;210000;47750.0000000;47950.0000000;47750.0000000;47800.0000000;99
SPFB.YNDF-6.21;60;20210326;220000;47840.0000000;47850.0000000;47571.0000000;47843.0000000;188
SPFB.YNDF-6.21;60;20210326;230000;47845.0000000;48240.0000000;47551.0000000;48240.0000000;298
SPFB.YNDF-6.21;60;20210327;000000;48250.0000000;48498.0000000;48250.0000000;48498.0000000;141
SPFB.YNDF-6.21;60;20210329;080000;48255.0000000;48360.0000000;48150.0000000;48310.0000000;23
SPFB.YNDF-6.21;60;20210329;090000;48369.0000000;48369.0000000;48200.0000000;48250.0000000;88
SPFB.YNDF-6.21;60;20210329;100000;48211.0000000;48413.0000000;48105.0000000;48202.0000000;118
SPFB.YNDF-6.21;60;20210329;110000;48342.0000000;48656.0000000;48300.0000000;48521.0000000;1408
SPFB.YNDF-6.21;60;20210329;120000;48530.0000000;48538.0000000;48316.0000000;48453.0000000;541
SPFB.YNDF-6.21;60;20210329;130000;48418.0000000;48501.0000000;48367.0000000;48499.0000000;119
SPFB.YNDF-6.21;60;20210329;140000;48451.0000000;48654.0000000;48414.0000000;48616.0000000;195
SPFB.YNDF-6.21;60;20210329;150000;48600.0000000;48631.0000000;48550.0000000;48589.0000000;294
SPFB.YNDF-6.21;60;20210329;160000;48600.0000000;48611.0000000;48450.0000000;48457.0000000;158
SPFB.YNDF-6.21;60;20210329;170000;48498.0000000;48509.0000000;48024.0000000;48024.0000000;1446
SPFB.YNDF-6.21;60;20210329;180000;48013.0000000;48319.0000000;47900.0000000;48197.0000000;480
SPFB.YNDF-6.21;60;20210329;190000;48148.0000000;48420.0000000;48120.0000000;48394.0000000;162
SPFB.YNDF-6.21;60;20210329;200000;48490.0000000;48645.0000000;48148.0000000;48645.0000000;206
SPFB.YNDF-6.21;60;20210329;210000;48647.0000000;48662.0000000;48376.0000000;48545.0000000;115
SPFB.YNDF-6.21;60;20210329;220000;48426.0000000;48746.0000000;48404.0000000;48612.0000000;100
SPFB.YNDF-6.21;60;20210329;230000;48613.0000000;48800.0000000;48613.0000000;48699.0000000;213
SPFB.YNDF-6.21;60;20210330;000000;48747.0000000;48879.0000000;48709.0000000;48845.0000000;94
SPFB.YNDF-6.21;60;20210330;080000;48888.0000000;48989.0000000;48750.0000000;48822.0000000;97
SPFB.YNDF-6.21;60;20210330;090000;48823.0000000;48823.0000000;48671.0000000;48710.0000000;98
SPFB.YNDF-6.21;60;20210330;100000;48670.0000000;48750.0000000;48662.0000000;48737.0000000;47
SPFB.YNDF-6.21;60;20210330;110000;48711.0000000;48737.0000000;48199.0000000;48264.0000000;737
SPFB.YNDF-6.21;60;20210330;120000;48299.0000000;48347.0000000;48088.0000000;48159.0000000;359
SPFB.YNDF-6.21;60;20210330;130000;48194.0000000;48327.0000000;47870.0000000;48320.0000000;738
SPFB.YNDF-6.21;60;20210330;140000;48320.0000000;48419.0000000;48225.0000000;48350.0000000;579
SPFB.YNDF-6.21;60;20210330;150000;48334.0000000;48364.0000000;48150.0000000;48150.0000000;118
SPFB.YNDF-6.21;60;20210330;160000;48186.0000000;48343.0000000;48186.0000000;48322.0000000;187
SPFB.YNDF-6.21;60;20210330;170000;48311.0000000;48430.0000000;48029.0000000;48200.0000000;440
SPFB.YNDF-6.21;60;20210330;180000;48150.0000000;48313.0000000;47820.0000000;48303.0000000;708
SPFB.YNDF-6.21;60;20210330;190000;48303.0000000;48567.0000000;48300.0000000;48500.0000000;537
SPFB.YNDF-6.21;60;20210330;200000;48400.0000000;48500.0000000;48300.0000000;48327.0000000;144
SPFB.YNDF-6.21;60;20210330;210000;48305.0000000;48417.0000000;48000.0000000;48285.0000000;170
SPFB.YNDF-6.21;60;20210330;220000;48230.0000000;48533.0000000;48230.0000000;48533.0000000;105
SPFB.YNDF-6.21;60;20210330;230000;48544.0000000;48657.0000000;48388.0000000;48534.0000000;184
SPFB.YNDF-6.21;60;20210331;000000;48501.0000000;48591.0000000;48380.0000000;48380.0000000;63
SPFB.YNDF-6.21;60;20210331;080000;48389.0000000;48555.0000000;48240.0000000;48555.0000000;61
SPFB.YNDF-6.21;60;20210331;090000;48510.0000000;48600.0000000;48500.0000000;48500.0000000;14
SPFB.YNDF-6.21;60;20210331;100000;48351.0000000;48531.0000000;48350.0000000;48531.0000000;12
SPFB.YNDF-6.21;60;20210331;110000;48532.0000000;48579.0000000;48210.0000000;48333.0000000;310
SPFB.YNDF-6.21;60;20210331;120000;48250.0000000;48319.0000000;47861.0000000;48073.0000000;1144
SPFB.YNDF-6.21;60;20210331;130000;48100.0000000;48120.0000000;48008.0000000;48036.0000000;459
SPFB.YNDF-6.21;60;20210331;140000;48064.0000000;48114.0000000;47923.0000000;48084.0000000;248
SPFB.YNDF-6.21;60;20210331;150000;48056.0000000;48182.0000000;48039.0000000;48150.0000000;312
SPFB.YNDF-6.21;60;20210331;160000;48150.0000000;48164.0000000;48070.0000000;48164.0000000;112
SPFB.YNDF-6.21;60;20210331;170000;48150.0000000;48625.0000000;48063.0000000;48549.0000000;842
SPFB.YNDF-6.21;60;20210331;180000;48549.0000000;49270.0000000;48546.0000000;49193.0000000;899
SPFB.YNDF-6.21;60;20210331;190000;49200.0000000;49584.0000000;49145.0000000;49550.0000000;527
SPFB.YNDF-6.21;60;20210331;200000;49550.0000000;49743.0000000;49405.0000000;49699.0000000;1032
SPFB.YNDF-6.21;60;20210331;210000;49658.0000000;49667.0000000;49399.0000000;49476.0000000;161
SPFB.YNDF-6.21;60;20210331;220000;49453.0000000;49461.0000000;49250.0000000;49300.0000000;220
SPFB.YNDF-6.21;60;20210331;230000;49300.0000000;49333.0000000;49025.0000000;49100.0000000;170
SPFB.YNDF-6.21;60;20210401;000000;49127.0000000;49249.0000000;49027.0000000;49127.0000000;104
SPFB.YNDF-6.21;60;20210401;080000;49187.0000000;49350.0000000;49187.0000000;49350.0000000;14
SPFB.YNDF-6.21;60;20210401;090000;49359.0000000;49403.0000000;49328.0000000;49378.0000000;41
SPFB.YNDF-6.21;60;20210401;100000;49378.0000000;49600.0000000;49304.0000000;49589.0000000;108
SPFB.YNDF-6.21;60;20210401;110000;49501.0000000;49835.0000000;49291.0000000;49813.0000000;712
SPFB.YNDF-6.21;60;20210401;120000;49813.0000000;49813.0000000;49501.0000000;49607.0000000;335
SPFB.YNDF-6.21;60;20210401;130000;49610.0000000;49614.0000000;49351.0000000;49502.0000000;405
SPFB.YNDF-6.21;60;20210401;140000;49512.0000000;49519.0000000;49321.0000000;49407.0000000;147
SPFB.YNDF-6.21;60;20210401;150000;49418.0000000;49526.0000000;49368.0000000;49456.0000000;98
SPFB.YNDF-6.21;60;20210401;160000;49430.0000000;49619.0000000;49430.0000000;49581.0000000;251
SPFB.YNDF-6.21;60;20210401;170000;49619.0000000;50100.0000000;49562.0000000;50095.0000000;1047
SPFB.YNDF-6.21;60;20210401;180000;50089.0000000;50135.0000000;49596.0000000;49968.0000000;1168
SPFB.YNDF-6.21;60;20210401;190000;49980.0000000;49989.0000000;49640.0000000;49686.0000000;210
SPFB.YNDF-6.21;60;20210401;200000;49700.0000000;49976.0000000;49700.0000000;49890.0000000;181
SPFB.YNDF-6.21;60;20210401;210000;49886.0000000;49975.0000000;49806.0000000;49883.0000000;79
SPFB.YNDF-6.21;60;20210401;220000;49888.0000000;50056.0000000;49885.0000000;50031.0000000;136
SPFB.YNDF-6.21;60;20210401;230000;50050.0000000;50150.0000000;49971.0000000;50072.0000000;174
SPFB.YNDF-6.21;60;20210402;000000;50095.0000000;50100.0000000;49951.0000000;50005.0000000;49
SPFB.YNDF-6.21;60;20210402;080000;50098.0000000;50500.0000000;50070.0000000;50250.0000000;187
SPFB.YNDF-6.21;60;20210402;090000;50300.0000000;50399.0000000;50300.0000000;50300.0000000;17
SPFB.YNDF-6.21;60;20210402;100000;50270.0000000;50349.0000000;50005.0000000;50018.0000000;125
SPFB.YNDF-6.21;60;20210402;110000;50095.0000000;50149.0000000;49707.0000000;49774.0000000;594
SPFB.YNDF-6.21;60;20210402;120000;49786.0000000;49787.0000000;49480.0000000;49483.0000000;646
SPFB.YNDF-6.21;60;20210402;130000;49469.0000000;49878.0000000;49450.0000000;49858.0000000;238
SPFB.YNDF-6.21;60;20210402;140000;49850.0000000;49900.0000000;49850.0000000;49876.0000000;93
SPFB.YNDF-6.21;60;20210402;150000;49878.0000000;49968.0000000;49878.0000000;49931.0000000;202
SPFB.YNDF-6.21;60;20210402;160000;49903.0000000;50080.0000000;49899.0000000;50049.0000000;134
SPFB.YNDF-6.21;60;20210402;170000;50030.0000000;50079.0000000;50000.0000000;50001.0000000;61
SPFB.YNDF-6.21;60;20210402;180000;50029.0000000;50100.0000000;49855.0000000;49855.0000000;104
SPFB.YNDF-6.21;60;20210402;190000;49862.0000000;50000.0000000;49850.0000000;50000.0000000;38
SPFB.YNDF-6.21;60;20210402;200000;49951.0000000;50049.0000000;49950.0000000;49975.0000000;29
SPFB.YNDF-6.21;60;20210402;210000;49932.0000000;50000.0000000;49932.0000000;49990.0000000;6
SPFB.YNDF-6.21;60;20210402;220000;49994.0000000;50000.0000000;49928.0000000;49928.0000000;55
SPFB.YNDF-6.21;60;20210402;230000;49912.0000000;49924.0000000;49801.0000000;49876.0000000;15
SPFB.YNDF-6.21;60;20210403;000000;49850.0000000;50000.0000000;49850.0000000;50000.0000000;42
SPFB.YNDF-6.21;60;20210405;080000;49851.0000000;50249.0000000;49851.0000000;50050.0000000;95
SPFB.YNDF-6.21;60;20210405;090000;50051.0000000;50199.0000000;50006.0000000;50094.0000000;36
SPFB.YNDF-6.21;60;20210405;100000;50100.0000000;50100.0000000;49934.0000000;50099.0000000;45
SPFB.YNDF-6.21;60;20210405;110000;50028.0000000;50028.0000000;49400.0000000;49440.0000000;807
SPFB.YNDF-6.21;60;20210405;120000;49459.0000000;49620.0000000;49400.0000000;49607.0000000;380
SPFB.YNDF-6.21;60;20210405;130000;49592.0000000;49745.0000000;49575.0000000;49720.0000000;134
SPFB.YNDF-6.21;60;20210405;140000;49739.0000000;49952.0000000;49739.0000000;49892.0000000;243
SPFB.YNDF-6.21;60;20210405;150000;49898.0000000;49945.0000000;49745.0000000;49811.0000000;113
SPFB.YNDF-6.21;60;20210405;160000;49832.0000000;50016.0000000;49810.0000000;50000.0000000;228
SPFB.YNDF-6.21;60;20210405;170000;50012.0000000;50100.0000000;49778.0000000;49950.0000000;401
SPFB.YNDF-6.21;60;20210405;180000;49928.0000000;49949.0000000;49734.0000000;49790.0000000;312
SPFB.YNDF-6.21;60;20210405;190000;49772.0000000;49950.0000000;49771.0000000;49800.0000000;168
SPFB.YNDF-6.21;60;20210405;200000;49830.0000000;49897.0000000;49740.0000000;49796.0000000;99
SPFB.YNDF-6.21;60;20210405;210000;49824.0000000;49990.0000000;49816.0000000;49930.0000000;128
SPFB.YNDF-6.21;60;20210405;220000;49951.0000000;49968.0000000;49875.0000000;49887.0000000;40
SPFB.YNDF-6.21;60;20210405;230000;49870.0000000;50054.0000000;49816.0000000;50002.0000000;78
SPFB.YNDF-6.21;60;20210406;000000;50000.0000000;50000.0000000;49848.0000000;49848.0000000;44
SPFB.YNDF-6.21;60;20210406;080000;49921.0000000;49933.0000000;49778.0000000;49778.0000000;12
SPFB.YNDF-6.21;60;20210406;090000;49777.0000000;49777.0000000;49592.0000000;49660.0000000;102
SPFB.YNDF-6.21;60;20210406;100000;49688.0000000;49947.0000000;49665.0000000;49910.0000000;136
SPFB.YNDF-6.21;60;20210406;110000;49910.0000000;50078.0000000;49794.0000000;50018.0000000;536
SPFB.YNDF-6.21;60;20210406;120000;50002.0000000;50002.0000000;49900.0000000;49960.0000000;70
SPFB.YNDF-6.21;60;20210406;130000;49955.0000000;49958.0000000;49820.0000000;49943.0000000;139
SPFB.YNDF-6.21;60;20210406;140000;49969.0000000;49971.0000000;49845.0000000;49859.0000000;174
SPFB.YNDF-6.21;60;20210406;150000;49857.0000000;49988.0000000;49810.0000000;49922.0000000;202
SPFB.YNDF-6.21;60;20210406;160000;49927.0000000;49958.0000000;49718.0000000;49760.0000000;222
SPFB.YNDF-6.21;60;20210406;170000;49766.0000000;50359.0000000;49700.0000000;50354.0000000;976
SPFB.YNDF-6.21;60;20210406;180000;50379.0000000;50427.0000000;49976.0000000;50126.0000000;653
SPFB.YNDF-6.21;60;20210406;190000;50068.0000000;50169.0000000;49974.0000000;50096.0000000;224
SPFB.YNDF-6.21;60;20210406;200000;50130.0000000;50200.0000000;49970.0000000;50041.0000000;233
SPFB.YNDF-6.21;60;20210406;210000;50021.0000000;50192.0000000;50020.0000000;50100.0000000;100
SPFB.YNDF-6.21;60;20210406;220000;50079.0000000;50350.0000000;50053.0000000;50221.0000000;173
SPFB.YNDF-6.21;60;20210406;230000;50232.0000000;50346.0000000;50144.0000000;50219.0000000;186
SPFB.YNDF-6.21;60;20210407;000000;50160.0000000;50163.0000000;50078.0000000;50090.0000000;71
SPFB.YNDF-6.21;60;20210407;080000;50117.0000000;50139.0000000;50117.0000000;50139.0000000;3
SPFB.YNDF-6.21;60;20210407;090000;50150.0000000;50150.0000000;50150.0000000;50150.0000000;3
SPFB.YNDF-6.21;60;20210407;100000;50140.0000000;50140.0000000;50051.0000000;50074.0000000;75
SPFB.YNDF-6.21;60;20210407;110000;50101.0000000;50250.0000000;49720.0000000;49955.0000000;684
SPFB.YNDF-6.21;60;20210407;120000;49934.0000000;50131.0000000;49909.0000000;50050.0000000;303
SPFB.YNDF-6.21;60;20210407;130000;50076.0000000;50167.0000000;49970.0000000;49999.0000000;140
SPFB.YNDF-6.21;60;20210407;140000;49968.0000000;50042.0000000;49927.0000000;49980.0000000;314
SPFB.YNDF-6.21;60;20210407;150000;49962.0000000;49974.0000000;49898.0000000;49974.0000000;277
SPFB.YNDF-6.21;60;20210407;160000;49950.0000000;49983.0000000;49850.0000000;49875.0000000;226
SPFB.YNDF-6.21;60;20210407;170000;49873.0000000;50004.0000000;49378.0000000;49385.0000000;1020
SPFB.YNDF-6.21;60;20210407;180000;49416.0000000;49512.0000000;49073.0000000;49220.0000000;693
SPFB.YNDF-6.21;60;20210407;190000;49146.0000000;49199.0000000;48933.0000000;48985.0000000;541
SPFB.YNDF-6.21;60;20210407;200000;48975.0000000;49059.0000000;48715.0000000;48901.0000000;497
SPFB.YNDF-6.21;60;20210407;210000;48907.0000000;48990.0000000;48788.0000000;48829.0000000;332
SPFB.YNDF-6.21;60;20210407;220000;48840.0000000;49120.0000000;48840.0000000;49080.0000000;240
SPFB.YNDF-6.21;60;20210407;230000;49081.0000000;49103.0000000;48821.0000000;48876.0000000;211
SPFB.YNDF-6.21;60;20210408;000000;48897.0000000;48950.0000000;48878.0000000;48930.0000000;143
SPFB.YNDF-6.21;60;20210408;080000;48949.0000000;49250.0000000;48890.0000000;49128.0000000;135
SPFB.YNDF-6.21;60;20210408;090000;49129.0000000;49130.0000000;49001.0000000;49001.0000000;35
SPFB.YNDF-6.21;60;20210408;100000;49001.0000000;49215.0000000;49001.0000000;49206.0000000;171
SPFB.YNDF-6.21;60;20210408;110000;49237.0000000;49325.0000000;49036.0000000;49237.0000000;716
SPFB.YNDF-6.21;60;20210408;120000;49237.0000000;49300.0000000;49073.0000000;49252.0000000;245
SPFB.YNDF-6.21;60;20210408;130000;49258.0000000;49258.0000000;49097.0000000;49129.0000000;110
SPFB.YNDF-6.21;60;20210408;140000;49150.0000000;49262.0000000;49125.0000000;49173.0000000;133
SPFB.YNDF-6.21;60;20210408;150000;49181.0000000;49254.0000000;49088.0000000;49209.0000000;124
SPFB.YNDF-6.21;60;20210408;160000;49230.0000000;49312.0000000;49072.0000000;49089.0000000;286
SPFB.YNDF-6.21;60;20210408;170000;49063.0000000;50040.0000000;49025.0000000;49621.0000000;1700
SPFB.YNDF-6.21;60;20210408;180000;49621.0000000;49636.0000000;49004.0000000;49469.0000000;1143
SPFB.YNDF-6.21;60;20210408;190000;49480.0000000;49542.0000000;49335.0000000;49397.0000000;280
SPFB.YNDF-6.21;60;20210408;200000;49450.0000000;49560.0000000;49370.0000000;49410.0000000;102
SPFB.YNDF-6.21;60;20210408;210000;49381.0000000;49381.0000000;49259.0000000;49300.0000000;49
SPFB.YNDF-6.21;60;20210408;220000;49271.0000000;49450.0000000;49271.0000000;49334.0000000;77
SPFB.YNDF-6.21;60;20210408;230000;49305.0000000;49423.0000000;49299.0000000;49351.0000000;49
SPFB.YNDF-6.21;60;20210409;000000;49400.0000000;49450.0000000;49368.0000000;49396.0000000;93
SPFB.YNDF-6.21;60;20210409;080000;49450.0000000;49450.0000000;49365.0000000;49367.0000000;7
SPFB.YNDF-6.21;60;20210409;090000;49368.0000000;49437.0000000;49136.0000000;49249.0000000;160
SPFB.YNDF-6.21;60;20210409;110000;49250.0000000;49360.0000000;49061.0000000;49251.0000000;413
SPFB.YNDF-6.21;60;20210409;120000;49256.0000000;49350.0000000;49249.0000000;49249.0000000;241
SPFB.YNDF-6.21;60;20210409;130000;49250.0000000;49350.0000000;49241.0000000;49266.0000000;57
SPFB.YNDF-6.21;60;20210409;140000;49218.0000000;49241.0000000;49150.0000000;49189.0000000;98
SPFB.YNDF-6.21;60;20210409;150000;49199.0000000;49220.0000000;49073.0000000;49073.0000000;142
SPFB.YNDF-6.21;60;20210409;160000;49081.0000000;49178.0000000;48928.0000000;49008.0000000;244
SPFB.YNDF-6.21;60;20210409;170000;49049.0000000;49174.0000000;48615.0000000;48831.0000000;599
SPFB.YNDF-6.21;60;20210409;180000;48813.0000000;48850.0000000;48619.0000000;48707.0000000;327
SPFB.YNDF-6.21;60;20210409;190000;48730.0000000;48825.0000000;48684.0000000;48770.0000000;157
SPFB.YNDF-6.21;60;20210409;200000;48766.0000000;48766.0000000;48653.0000000;48700.0000000;323
SPFB.YNDF-6.21;60;20210409;210000;48694.0000000;48747.0000000;48680.0000000;48704.0000000;42
SPFB.YNDF-6.21;60;20210409;220000;48701.0000000;48721.0000000;48614.0000000;48641.0000000;84
SPFB.YNDF-6.21;60;20210409;230000;48699.0000000;48717.0000000;48434.0000000;48480.0000000;103
SPFB.YNDF-6.21;60;20210410;000000;48451.0000000;48609.0000000;48433.0000000;48608.0000000;57
