<TICKER>;<PER>;<DATE>;<TIME>;<OPEN>;<HIGH>;<LOW>;<CLOSE>;<VOL>
SPFB.YNDF-9.20;60;20200407;140000;29444.0000000;29444.0000000;24444.0000000;24444.0000000;4
SPFB.YNDF-9.20;60;20200407;180000;27200.0000000;27200.0000000;27200.0000000;27200.0000000;2
SPFB.YNDF-9.20;60;20200408;180000;27190.0000000;27190.0000000;27190.0000000;27190.0000000;1
SPFB.YNDF-9.20;60;20200415;120000;27409.0000000;27409.0000000;27409.0000000;27409.0000000;1
SPFB.YNDF-9.20;60;20200415;160000;27100.0000000;27100.0000000;27100.0000000;27100.0000000;1
SPFB.YNDF-9.20;60;20200416;190000;27177.0000000;27177.0000000;27177.0000000;27177.0000000;1
SPFB.YNDF-9.20;60;20200420;210000;27095.0000000;27095.0000000;27095.0000000;27095.0000000;1
SPFB.YNDF-9.20;60;20200421;160000;26900.0000000;26900.0000000;26900.0000000;26900.0000000;1
SPFB.YNDF-9.20;60;20200421;180000;27290.0000000;27290.0000000;27290.0000000;27290.0000000;1
SPFB.YNDF-9.20;60;20200421;200000;26490.0000000;26490.0000000;26490.0000000;26490.0000000;1
SPFB.YNDF-9.20;60;20200422;160000;25666.0000000;25666.0000000;25666.0000000;25666.0000000;1
SPFB.YNDF-9.20;60;20200422;180000;28489.0000000;28489.0000000;28489.0000000;28489.0000000;1
SPFB.YNDF-9.20;60;20200424;130000;28489.0000000;28489.0000000;28489.0000000;28489.0000000;1
SPFB.YNDF-9.20;60;20200428;110000;28487.0000000;28487.0000000;28487.0000000;28487.0000000;1
SPFB.YNDF-9.20;60;20200428;170000;28457.0000000;28457.0000000;28457.0000000;28457.0000000;2
SPFB.YNDF-9.20;60;20200429;150000;28000.0000000;28000.0000000;28000.0000000;28000.0000000;1
SPFB.YNDF-9.20;60;20200506;210000;28000.0000000;28000.0000000;28000.0000000;28000.0000000;1
SPFB.YNDF-9.20;60;20200507;110000;28000.0000000;28000.0000000;28000.0000000;28000.0000000;1
SPFB.YNDF-9.20;60;20200513;170000;30000.0000000;30000.0000000;30000.0000000;30000.0000000;4
SPFB.YNDF-9.20;60;20200514;110000;29100.0000000;29100.0000000;29000.0000000;29000.0000000;5
SPFB.YNDF-9.20;60;20200514;120000;29099.0000000;29100.0000000;29099.0000000;29100.0000000;2
SPFB.YNDF-9.20;60;20200514;170000;28800.0000000;28800.0000000;28800.0000000;28800.0000000;1
SPFB.YNDF-9.20;60;20200514;190000;28799.0000000;28800.0000000;28799.0000000;28800.0000000;2
SPFB.YNDF-9.20;60;20200515;150000;29000.0000000;29000.0000000;29000.0000000;29000.0000000;1
SPFB.YNDF-9.20;60;20200518;130000;29700.0000000;29700.0000000;29700.0000000;29700.0000000;1
SPFB.YNDF-9.20;60;20200518;190000;29602.0000000;29602.0000000;29602.0000000;29602.0000000;1
SPFB.YNDF-9.20;60;20200519;110000;29999.0000000;30000.0000000;29401.0000000;29401.0000000;6
SPFB.YNDF-9.20;60;20200520;000000;30000.0000000;30000.0000000;30000.0000000;30000.0000000;1
SPFB.YNDF-9.20;60;20200520;110000;30000.0000000;30000.0000000;30000.0000000;30000.0000000;9
SPFB.YNDF-9.20;60;20200521;120000;30001.0000000;30001.0000000;30000.0000000;30000.0000000;6
SPFB.YNDF-9.20;60;20200521;170000;29850.0000000;29850.0000000;29850.0000000;29850.0000000;5
SPFB.YNDF-9.20;60;20200521;180000;29700.0000000;29700.0000000;29700.0000000;29700.0000000;5
SPFB.YNDF-9.20;60;20200522;150000;29765.0000000;29765.0000000;29765.0000000;29765.0000000;1
SPFB.YNDF-9.20;60;20200525;120000;29800.0000000;29800.0000000;29800.0000000;29800.0000000;2
SPFB.YNDF-9.20;60;20200525;130000;29800.0000000;29950.0000000;29800.0000000;29950.0000000;5
SPFB.YNDF-9.20;60;20200525;180000;30000.0000000;30000.0000000;30000.0000000;30000.0000000;2
SPFB.YNDF-9.20;60;20200525;190000;30000.0000000;30000.0000000;30000.0000000;30000.0000000;2
SPFB.YNDF-9.20;60;20200526;110000;30200.0000000;30200.0000000;30200.0000000;30200.0000000;1
SPFB.YNDF-9.20;60;20200526;120000;30199.0000000;30199.0000000;30199.0000000;30199.0000000;1
SPFB.YNDF-9.20;60;20200526;140000;30300.0000000;30300.0000000;30300.0000000;30300.0000000;1
SPFB.YNDF-9.20;60;20200526;170000;30002.0000000;30002.0000000;30001.0000000;30001.0000000;2
SPFB.YNDF-9.20;60;20200526;190000;29900.0000000;29900.0000000;29700.0000000;29700.0000000;2
SPFB.YNDF-9.20;60;20200527;170000;29205.0000000;29205.0000000;29200.0000000;29200.0000000;5
SPFB.YNDF-9.20;60;20200527;190000;28800.0000000;28800.0000000;28800.0000000;28800.0000000;3
SPFB.YNDF-9.20;60;20200528;110000;29298.0000000;29345.0000000;29298.0000000;29345.0000000;7
SPFB.YNDF-9.20;60;20200529;170000;28800.0000000;28800.0000000;28800.0000000;28800.0000000;2
SPFB.YNDF-9.20;60;20200529;180000;28800.0000000;28800.0000000;28800.0000000;28800.0000000;1
SPFB.YNDF-9.20;60;20200601;170000;28800.0000000;28800.0000000;28800.0000000;28800.0000000;3
SPFB.YNDF-9.20;60;20200602;140000;29299.0000000;29299.0000000;29299.0000000;29299.0000000;1
SPFB.YNDF-9.20;60;20200602;170000;28801.0000000;28801.0000000;28550.0000000;28550.0000000;2
SPFB.YNDF-9.20;60;20200602;180000;29299.0000000;29299.0000000;29299.0000000;29299.0000000;5
SPFB.YNDF-9.20;60;20200603;110000;29000.0000000;29000.0000000;29000.0000000;29000.0000000;3
SPFB.YNDF-9.20;60;20200603;130000;29260.0000000;29260.0000000;29260.0000000;29260.0000000;1
SPFB.YNDF-9.20;60;20200604;150000;29300.0000000;29300.0000000;29300.0000000;29300.0000000;1
SPFB.YNDF-9.20;60;20200604;160000;29300.0000000;29300.0000000;29300.0000000;29300.0000000;1
SPFB.YNDF-9.20;60;20200604;170000;28950.0000000;28950.0000000;28950.0000000;28950.0000000;2
SPFB.YNDF-9.20;60;20200604;200000;28503.0000000;28503.0000000;28503.0000000;28503.0000000;1
SPFB.YNDF-9.20;60;20200605;110000;29044.0000000;29044.0000000;29044.0000000;29044.0000000;1
SPFB.YNDF-9.20;60;20200605;130000;28517.0000000;29144.0000000;28517.0000000;29100.0000000;6
SPFB.YNDF-9.20;60;20200605;180000;29499.0000000;29499.0000000;29499.0000000;29499.0000000;3
SPFB.YNDF-9.20;60;20200608;110000;29351.0000000;29351.0000000;29329.0000000;29329.0000000;2
SPFB.YNDF-9.20;60;20200608;120000;29425.0000000;29526.0000000;29425.0000000;29526.0000000;3
SPFB.YNDF-9.20;60;20200608;130000;29578.0000000;29578.0000000;29578.0000000;29578.0000000;3
SPFB.YNDF-9.20;60;20200608;140000;29550.0000000;29550.0000000;29550.0000000;29550.0000000;1
SPFB.YNDF-9.20;60;20200608;150000;29500.0000000;29500.0000000;29500.0000000;29500.0000000;1
SPFB.YNDF-9.20;60;20200608;180000;29330.0000000;29330.0000000;29330.0000000;29330.0000000;10
SPFB.YNDF-9.20;60;20200610;110000;29373.0000000;29438.0000000;29373.0000000;29438.0000000;4
SPFB.YNDF-9.20;60;20200610;130000;29380.0000000;29380.0000000;29380.0000000;29380.0000000;1
SPFB.YNDF-9.20;60;20200610;160000;29591.0000000;29591.0000000;29591.0000000;29591.0000000;3
SPFB.YNDF-9.20;60;20200610;170000;29605.0000000;29605.0000000;29500.0000000;29500.0000000;3
SPFB.YNDF-9.20;60;20200610;180000;29413.0000000;29413.0000000;29387.0000000;29390.0000000;12
SPFB.YNDF-9.20;60;20200611;110000;29000.0000000;29000.0000000;29000.0000000;29000.0000000;1
SPFB.YNDF-9.20;60;20200611;120000;28926.0000000;28926.0000000;28926.0000000;28926.0000000;3
SPFB.YNDF-9.20;60;20200611;150000;28846.0000000;28846.0000000;28846.0000000;28846.0000000;1
SPFB.YNDF-9.20;60;20200611;180000;28824.0000000;28824.0000000;28624.0000000;28624.0000000;2
SPFB.YNDF-9.20;60;20200615;110000;29300.0000000;29300.0000000;29277.0000000;29277.0000000;9
SPFB.YNDF-9.20;60;20200615;120000;29587.0000000;29589.0000000;29585.0000000;29585.0000000;4
SPFB.YNDF-9.20;60;20200615;130000;29454.0000000;29454.0000000;29359.0000000;29367.0000000;21
SPFB.YNDF-9.20;60;20200615;190000;30050.0000000;30050.0000000;29942.0000000;30010.0000000;12
SPFB.YNDF-9.20;60;20200615;220000;30200.0000000;30200.0000000;30200.0000000;30200.0000000;1
SPFB.YNDF-9.20;60;20200615;230000;30250.0000000;30253.0000000;30250.0000000;30253.0000000;4
SPFB.YNDF-9.20;60;20200616;110000;30288.0000000;30292.0000000;30100.0000000;30292.0000000;47
SPFB.YNDF-9.20;60;20200616;120000;30301.0000000;30599.0000000;30200.0000000;30224.0000000;50
SPFB.YNDF-9.20;60;20200616;130000;30216.0000000;30216.0000000;30216.0000000;30216.0000000;5
SPFB.YNDF-9.20;60;20200616;140000;30200.0000000;30200.0000000;30200.0000000;30200.0000000;1
SPFB.YNDF-9.20;60;20200616;160000;30393.0000000;30394.0000000;30393.0000000;30394.0000000;3
SPFB.YNDF-9.20;60;20200616;170000;30600.0000000;30600.0000000;30600.0000000;30600.0000000;1
SPFB.YNDF-9.20;60;20200616;180000;30889.0000000;31000.0000000;30500.0000000;30500.0000000;7
SPFB.YNDF-9.20;60;20200616;200000;30999.0000000;30999.0000000;30999.0000000;30999.0000000;2
SPFB.YNDF-9.20;60;20200617;110000;30750.0000000;30750.0000000;30750.0000000;30750.0000000;10
SPFB.YNDF-9.20;60;20200617;120000;30842.0000000;30842.0000000;30842.0000000;30842.0000000;1
SPFB.YNDF-9.20;60;20200617;140000;30665.0000000;30665.0000000;30610.0000000;30610.0000000;109
SPFB.YNDF-9.20;60;20200617;160000;30800.0000000;30985.0000000;30800.0000000;30985.0000000;26
SPFB.YNDF-9.20;60;20200617;170000;30900.0000000;31030.0000000;30860.0000000;30860.0000000;33
SPFB.YNDF-9.20;60;20200617;180000;30975.0000000;31100.0000000;30972.0000000;31045.0000000;38
SPFB.YNDF-9.20;60;20200617;190000;31075.0000000;31092.0000000;31000.0000000;31000.0000000;30
SPFB.YNDF-9.20;60;20200617;200000;31200.0000000;31200.0000000;31200.0000000;31200.0000000;1
SPFB.YNDF-9.20;60;20200617;220000;31200.0000000;31200.0000000;31200.0000000;31200.0000000;5
SPFB.YNDF-9.20;60;20200617;230000;31499.0000000;31499.0000000;30701.0000000;30701.0000000;2
SPFB.YNDF-9.20;60;20200618;000000;30800.0000000;30800.0000000;30751.0000000;30751.0000000;2
SPFB.YNDF-9.20;60;20200618;110000;30846.0000000;30938.0000000;30611.0000000;30611.0000000;18
SPFB.YNDF-9.20;60;20200618;120000;30800.0000000;30846.0000000;30610.0000000;30610.0000000;30
SPFB.YNDF-9.20;60;20200618;130000;30700.0000000;30769.0000000;30634.0000000;30634.0000000;8
SPFB.YNDF-9.20;60;20200618;140000;30680.0000000;30682.0000000;30644.0000000;30682.0000000;3
SPFB.YNDF-9.20;60;20200618;150000;30700.0000000;30827.0000000;30624.0000000;30624.0000000;32
SPFB.YNDF-9.20;60;20200618;170000;30990.0000000;31400.0000000;30990.0000000;31400.0000000;37
SPFB.YNDF-9.20;60;20200618;180000;31374.0000000;31412.0000000;31298.0000000;31412.0000000;6
SPFB.YNDF-9.20;60;20200618;190000;31412.0000000;31500.0000000;31294.0000000;31340.0000000;24
SPFB.YNDF-9.20;60;20200618;200000;31500.0000000;31500.0000000;31500.0000000;31500.0000000;1
SPFB.YNDF-9.20;60;20200619;110000;31600.0000000;31936.0000000;31595.0000000;31850.0000000;63
SPFB.YNDF-9.20;60;20200619;120000;31949.0000000;31950.0000000;31832.0000000;31832.0000000;20
SPFB.YNDF-9.20;60;20200619;130000;31889.0000000;31925.0000000;31800.0000000;31915.0000000;25
SPFB.YNDF-9.20;60;20200619;140000;31900.0000000;31990.0000000;31880.0000000;31880.0000000;17
SPFB.YNDF-9.20;60;20200619;150000;31920.0000000;31990.0000000;31920.0000000;31936.0000000;15
SPFB.YNDF-9.20;60;20200619;160000;31990.0000000;32056.0000000;31956.0000000;31963.0000000;41
SPFB.YNDF-9.20;60;20200619;170000;31900.0000000;31900.0000000;31750.0000000;31777.0000000;20
SPFB.YNDF-9.20;60;20200619;180000;31800.0000000;31920.0000000;31800.0000000;31920.0000000;9
SPFB.YNDF-9.20;60;20200619;190000;31816.0000000;31816.0000000;31816.0000000;31816.0000000;1
SPFB.YNDF-9.20;60;20200619;200000;31788.0000000;31788.0000000;31788.0000000;31788.0000000;7
SPFB.YNDF-9.20;60;20200619;230000;31905.0000000;31905.0000000;31905.0000000;31905.0000000;1
SPFB.YNDF-9.20;60;20200620;000000;31855.0000000;31855.0000000;31855.0000000;31855.0000000;1
SPFB.YNDF-9.20;60;20200622;110000;31900.0000000;32000.0000000;31570.0000000;31815.0000000;61
SPFB.YNDF-9.20;60;20200622;120000;31915.0000000;32281.0000000;31800.0000000;32177.0000000;93
SPFB.YNDF-9.20;60;20200622;130000;32177.0000000;32573.0000000;32177.0000000;32485.0000000;57
SPFB.YNDF-9.20;60;20200622;140000;32445.0000000;32458.0000000;32291.0000000;32335.0000000;9
SPFB.YNDF-9.20;60;20200622;150000;32225.0000000;32263.0000000;32225.0000000;32263.0000000;3
SPFB.YNDF-9.20;60;20200622;160000;32225.0000000;32259.0000000;32090.0000000;32133.0000000;15
SPFB.YNDF-9.20;60;20200622;170000;32209.0000000;32534.0000000;32166.0000000;32526.0000000;41
SPFB.YNDF-9.20;60;20200622;180000;32550.0000000;32995.0000000;32550.0000000;32735.0000000;145
SPFB.YNDF-9.20;60;20200622;190000;32750.0000000;32856.0000000;32680.0000000;32856.0000000;50
SPFB.YNDF-9.20;60;20200622;200000;32883.0000000;32883.0000000;32883.0000000;32883.0000000;1
SPFB.YNDF-9.20;60;20200622;210000;32643.0000000;32643.0000000;32643.0000000;32643.0000000;1
SPFB.YNDF-9.20;60;20200622;220000;32706.0000000;32718.0000000;32618.0000000;32718.0000000;3
SPFB.YNDF-9.20;60;20200623;000000;32880.0000000;32880.0000000;32801.0000000;32801.0000000;3
SPFB.YNDF-9.20;60;20200623;110000;32816.0000000;33473.0000000;32730.0000000;33100.0000000;162
SPFB.YNDF-9.20;60;20200623;120000;33191.0000000;33288.0000000;33100.0000000;33100.0000000;88
SPFB.YNDF-9.20;60;20200623;130000;33159.0000000;33288.0000000;33159.0000000;33251.0000000;8
SPFB.YNDF-9.20;60;20200623;140000;33200.0000000;33288.0000000;33161.0000000;33186.0000000;22
SPFB.YNDF-9.20;60;20200623;160000;33282.0000000;33288.0000000;33150.0000000;33201.0000000;45
SPFB.YNDF-9.20;60;20200623;170000;33106.0000000;33106.0000000;32750.0000000;32802.0000000;131
SPFB.YNDF-9.20;60;20200623;180000;33200.0000000;33594.0000000;33050.0000000;33594.0000000;351
SPFB.YNDF-9.20;60;20200623;190000;33594.0000000;34447.0000000;33400.0000000;33651.0000000;921
SPFB.YNDF-9.20;60;20200623;200000;33720.0000000;33900.0000000;33335.0000000;33800.0000000;176
SPFB.YNDF-9.20;60;20200623;210000;33800.0000000;34075.0000000;33771.0000000;33885.0000000;133
SPFB.YNDF-9.20;60;20200623;220000;34000.0000000;34012.0000000;33950.0000000;33950.0000000;36
SPFB.YNDF-9.20;60;20200623;230000;33902.0000000;34130.0000000;33830.0000000;33999.0000000;53
SPFB.YNDF-9.20;60;20200624;000000;33950.0000000;33999.0000000;33836.0000000;33933.0000000;37
SPFB.YNDF-9.20;60;20200625;110000;34000.0000000;34963.0000000;34000.0000000;34256.0000000;600
SPFB.YNDF-9.20;60;20200625;120000;34256.0000000;34800.0000000;34256.0000000;34700.0000000;284
SPFB.YNDF-9.20;60;20200625;130000;34688.0000000;34800.0000000;34558.0000000;34560.0000000;27
SPFB.YNDF-9.20;60;20200625;140000;34550.0000000;34585.0000000;34440.0000000;34500.0000000;71
SPFB.YNDF-9.20;60;20200625;150000;34558.0000000;34680.0000000;34500.0000000;34680.0000000;133
SPFB.YNDF-9.20;60;20200625;160000;34720.0000000;35000.0000000;34551.0000000;34794.0000000;238
SPFB.YNDF-9.20;60;20200625;170000;34700.0000000;35194.0000000;34670.0000000;34800.0000000;248
SPFB.YNDF-9.20;60;20200625;180000;34824.0000000;35069.0000000;34500.0000000;35000.0000000;278
SPFB.YNDF-9.20;60;20200625;190000;34845.0000000;34948.0000000;34712.0000000;34712.0000000;29
SPFB.YNDF-9.20;60;20200625;200000;34900.0000000;35309.0000000;34900.0000000;35100.0000000;313
SPFB.YNDF-9.20;60;20200625;210000;35100.0000000;35200.0000000;35000.0000000;35094.0000000;152
SPFB.YNDF-9.20;60;20200625;220000;35010.0000000;35010.0000000;34891.0000000;34900.0000000;85
SPFB.YNDF-9.20;60;20200625;230000;34816.0000000;35080.0000000;34778.0000000;35080.0000000;164
SPFB.YNDF-9.20;60;20200626;000000;35174.0000000;35488.0000000;35005.0000000;35488.0000000;226
SPFB.YNDF-9.20;60;20200626;110000;35200.0000000;35488.0000000;34816.0000000;34885.0000000;363
SPFB.YNDF-9.20;60;20200626;120000;34872.0000000;34975.0000000;34612.0000000;34952.0000000;288
SPFB.YNDF-9.20;60;20200626;130000;34976.0000000;35070.0000000;34879.0000000;34920.0000000;394
SPFB.YNDF-9.20;60;20200626;140000;34950.0000000;35160.0000000;34950.0000000;35117.0000000;102
SPFB.YNDF-9.20;60;20200626;150000;35127.0000000;35127.0000000;34955.0000000;34955.0000000;25
SPFB.YNDF-9.20;60;20200626;160000;34950.0000000;35118.0000000;34950.0000000;34950.0000000;34
SPFB.YNDF-9.20;60;20200626;170000;35000.0000000;35158.0000000;34912.0000000;34912.0000000;53
SPFB.YNDF-9.20;60;20200626;180000;34852.0000000;34852.0000000;34117.0000000;34550.0000000;439
SPFB.YNDF-9.20;60;20200626;190000;34500.0000000;34788.0000000;34500.0000000;34538.0000000;20
SPFB.YNDF-9.20;60;20200626;200000;34576.0000000;34808.0000000;34528.0000000;34808.0000000;23
SPFB.YNDF-9.20;60;20200626;210000;34808.0000000;34900.0000000;34808.0000000;34878.0000000;28
SPFB.YNDF-9.20;60;20200626;220000;34878.0000000;34878.0000000;34500.0000000;34624.0000000;36
SPFB.YNDF-9.20;60;20200626;230000;34650.0000000;34650.0000000;34412.0000000;34412.0000000;31
SPFB.YNDF-9.20;60;20200627;000000;34449.0000000;34600.0000000;34449.0000000;34600.0000000;13
SPFB.YNDF-9.20;60;20200629;110000;34490.0000000;34690.0000000;34035.0000000;34284.0000000;121
SPFB.YNDF-9.20;60;20200629;120000;34100.0000000;34400.0000000;34100.0000000;34350.0000000;45
SPFB.YNDF-9.20;60;20200629;130000;34305.0000000;34378.0000000;34300.0000000;34350.0000000;20
SPFB.YNDF-9.20;60;20200629;140000;34200.0000000;34200.0000000;34152.0000000;34152.0000000;6
SPFB.YNDF-9.20;60;20200629;150000;34197.0000000;34478.0000000;34120.0000000;34478.0000000;27
SPFB.YNDF-9.20;60;20200629;160000;34478.0000000;34515.0000000;34400.0000000;34400.0000000;75
SPFB.YNDF-9.20;60;20200629;170000;34450.0000000;34550.0000000;34285.0000000;34550.0000000;26
SPFB.YNDF-9.20;60;20200629;180000;34600.0000000;34980.0000000;34600.0000000;34755.0000000;117
SPFB.YNDF-9.20;60;20200629;190000;34765.0000000;34940.0000000;34765.0000000;34940.0000000;17
SPFB.YNDF-9.20;60;20200629;200000;34793.0000000;35304.0000000;34209.0000000;34834.0000000;30
SPFB.YNDF-9.20;60;20200629;210000;34834.0000000;34868.0000000;34790.0000000;34835.0000000;19
SPFB.YNDF-9.20;60;20200629;220000;34822.0000000;34822.0000000;34663.0000000;34663.0000000;11
SPFB.YNDF-9.20;60;20200630;000000;34732.0000000;34830.0000000;34700.0000000;34830.0000000;43
SPFB.YNDF-9.20;60;20200630;110000;34940.0000000;34994.0000000;34771.0000000;34964.0000000;89
SPFB.YNDF-9.20;60;20200630;120000;34955.0000000;34974.0000000;34801.0000000;34850.0000000;58
SPFB.YNDF-9.20;60;20200630;130000;34780.0000000;34898.0000000;34640.0000000;34760.0000000;26
SPFB.YNDF-9.20;60;20200630;140000;34830.0000000;34830.0000000;34440.0000000;34503.0000000;49
SPFB.YNDF-9.20;60;20200630;150000;34500.0000000;34533.0000000;34490.0000000;34490.0000000;18
SPFB.YNDF-9.20;60;20200630;160000;34636.0000000;34636.0000000;34636.0000000;34636.0000000;1
SPFB.YNDF-9.20;60;20200630;170000;34664.0000000;34990.0000000;34658.0000000;34972.0000000;95
SPFB.YNDF-9.20;60;20200630;180000;34996.0000000;35345.0000000;34996.0000000;35340.0000000;145
SPFB.YNDF-9.20;60;20200630;190000;35320.0000000;35320.0000000;35126.0000000;35216.0000000;50
SPFB.YNDF-9.20;60;20200630;200000;35290.0000000;35365.0000000;35233.0000000;35233.0000000;28
SPFB.YNDF-9.20;60;20200630;210000;35250.0000000;35300.0000000;35250.0000000;35300.0000000;31
SPFB.YNDF-9.20;60;20200630;220000;35310.0000000;35535.0000000;35302.0000000;35512.0000000;76
SPFB.YNDF-9.20;60;20200630;230000;35535.0000000;35700.0000000;35524.0000000;35586.0000000;236
SPFB.YNDF-9.20;60;20200701;000000;35512.0000000;35660.0000000;35500.0000000;35600.0000000;25
SPFB.YNDF-9.20;60;20200702;110000;35500.0000000;35835.0000000;35180.0000000;35418.0000000;106
SPFB.YNDF-9.20;60;20200702;120000;35378.0000000;35900.0000000;35285.0000000;35600.0000000;130
SPFB.YNDF-9.20;60;20200702;130000;35672.0000000;35844.0000000;35672.0000000;35763.0000000;51
SPFB.YNDF-9.20;60;20200702;140000;35844.0000000;35900.0000000;35776.0000000;35807.0000000;70
SPFB.YNDF-9.20;60;20200702;150000;35807.0000000;35877.0000000;35806.0000000;35877.0000000;9
SPFB.YNDF-9.20;60;20200702;160000;35806.0000000;35850.0000000;35791.0000000;35850.0000000;31
SPFB.YNDF-9.20;60;20200702;170000;35711.0000000;35825.0000000;35339.0000000;35701.0000000;189
SPFB.YNDF-9.20;60;20200702;180000;35505.0000000;35700.0000000;35415.0000000;35415.0000000;7
SPFB.YNDF-9.20;60;20200702;190000;35482.0000000;35831.0000000;35350.0000000;35800.0000000;16
SPFB.YNDF-9.20;60;20200702;200000;35650.0000000;35650.0000000;35461.0000000;35620.0000000;7
SPFB.YNDF-9.20;60;20200702;210000;35434.0000000;35600.0000000;35434.0000000;35600.0000000;2
SPFB.YNDF-9.20;60;20200702;230000;35551.0000000;35551.0000000;35420.0000000;35420.0000000;11
SPFB.YNDF-9.20;60;20200703;000000;35467.0000000;35580.0000000;35467.0000000;35580.0000000;11
SPFB.YNDF-9.20;60;20200703;110000;35599.0000000;35800.0000000;35599.0000000;35800.0000000;26
SPFB.YNDF-9.20;60;20200703;120000;35751.0000000;35798.0000000;35650.0000000;35650.0000000;30
SPFB.YNDF-9.20;60;20200703;130000;35554.0000000;35562.0000000;35471.0000000;35471.0000000;48
SPFB.YNDF-9.20;60;20200703;140000;35500.0000000;35599.0000000;35500.0000000;35599.0000000;24
SPFB.YNDF-9.20;60;20200703;150000;35619.0000000;35749.0000000;35616.0000000;35616.0000000;15
SPFB.YNDF-9.20;60;20200703;160000;35616.0000000;35616.0000000;35551.0000000;35551.0000000;3
SPFB.YNDF-9.20;60;20200703;170000;35599.0000000;35619.0000000;35599.0000000;35619.0000000;14
SPFB.YNDF-9.20;60;20200703;180000;35577.0000000;35577.0000000;35430.0000000;35450.0000000;19
SPFB.YNDF-9.20;60;20200703;190000;35429.0000000;35429.0000000;35298.0000000;35399.0000000;9
SPFB.YNDF-9.20;60;20200703;200000;35449.0000000;35550.0000000;35449.0000000;35549.0000000;14
SPFB.YNDF-9.20;60;20200703;210000;35599.0000000;35627.0000000;35599.0000000;35600.0000000;4
SPFB.YNDF-9.20;60;20200703;220000;35552.0000000;35552.0000000;35549.0000000;35549.0000000;11
SPFB.YNDF-9.20;60;20200706;110000;35599.0000000;37014.0000000;35599.0000000;36351.0000000;159
SPFB.YNDF-9.20;60;20200706;120000;36362.0000000;36551.0000000;36277.0000000;36400.0000000;100
SPFB.YNDF-9.20;60;20200706;130000;36431.0000000;36499.0000000;36431.0000000;36498.0000000;14
SPFB.YNDF-9.20;60;20200706;140000;36498.0000000;36550.0000000;36436.0000000;36436.0000000;8
SPFB.YNDF-9.20;60;20200706;150000;36450.0000000;36650.0000000;36450.0000000;36620.0000000;55
SPFB.YNDF-9.20;60;20200706;160000;36620.0000000;36672.0000000;36555.0000000;36555.0000000;11
SPFB.YNDF-9.20;60;20200706;170000;36555.0000000;36584.0000000;36352.0000000;36549.0000000;42
SPFB.YNDF-9.20;60;20200706;180000;36600.0000000;36733.0000000;36600.0000000;36733.0000000;80
SPFB.YNDF-9.20;60;20200706;190000;36743.0000000;37108.0000000;36742.0000000;37000.0000000;258
SPFB.YNDF-9.20;60;20200706;200000;37740.0000000;37740.0000000;36740.0000000;36800.0000000;234
SPFB.YNDF-9.20;60;20200706;210000;36760.0000000;36792.0000000;36540.0000000;36540.0000000;51
SPFB.YNDF-9.20;60;20200706;220000;36720.0000000;36720.0000000;36521.0000000;36521.0000000;12
SPFB.YNDF-9.20;60;20200706;230000;36521.0000000;36521.0000000;36300.0000000;36442.0000000;13
SPFB.YNDF-9.20;60;20200707;000000;36428.0000000;36534.0000000;36428.0000000;36451.0000000;49
SPFB.YNDF-9.20;60;20200707;110000;36590.0000000;36590.0000000;36136.0000000;36550.0000000;181
SPFB.YNDF-9.20;60;20200707;120000;36549.0000000;36699.0000000;36549.0000000;36651.0000000;49
SPFB.YNDF-9.20;60;20200707;130000;36610.0000000;36700.0000000;36610.0000000;36666.0000000;11
SPFB.YNDF-9.20;60;20200707;140000;36615.0000000;36744.0000000;36614.0000000;36744.0000000;9
SPFB.YNDF-9.20;60;20200707;150000;36660.0000000;36660.0000000;36601.0000000;36649.0000000;11
SPFB.YNDF-9.20;60;20200707;160000;36551.0000000;36551.0000000;36550.0000000;36550.0000000;30
SPFB.YNDF-9.20;60;20200707;170000;36501.0000000;36501.0000000;35963.0000000;36188.0000000;139
SPFB.YNDF-9.20;60;20200707;180000;36103.0000000;36149.0000000;36001.0000000;36149.0000000;74
SPFB.YNDF-9.20;60;20200707;190000;36101.0000000;36199.0000000;36001.0000000;36199.0000000;41
SPFB.YNDF-9.20;60;20200707;200000;36151.0000000;36188.0000000;35970.0000000;36083.0000000;34
SPFB.YNDF-9.20;60;20200707;210000;36000.0000000;36002.0000000;36000.0000000;36002.0000000;9
SPFB.YNDF-9.20;60;20200707;220000;36002.0000000;36038.0000000;35951.0000000;35951.0000000;113
SPFB.YNDF-9.20;60;20200707;230000;35987.0000000;35990.0000000;35987.0000000;35990.0000000;5
SPFB.YNDF-9.20;60;20200708;000000;35990.0000000;36099.0000000;35990.0000000;36092.0000000;23
SPFB.YNDF-9.20;60;20200708;110000;36051.0000000;36051.0000000;35751.0000000;36049.0000000;59
SPFB.YNDF-9.20;60;20200708;120000;36024.0000000;36148.0000000;36024.0000000;36051.0000000;91
SPFB.YNDF-9.20;60;20200708;130000;36010.0000000;36049.0000000;35983.0000000;36001.0000000;15
SPFB.YNDF-9.20;60;20200708;140000;36049.0000000;36099.0000000;35920.0000000;35999.0000000;30
SPFB.YNDF-9.20;60;20200708;150000;36049.0000000;36500.0000000;36049.0000000;36401.0000000;52
SPFB.YNDF-9.20;60;20200708;160000;36401.0000000;36401.0000000;36351.0000000;36351.0000000;8
SPFB.YNDF-9.20;60;20200708;170000;36361.0000000;36361.0000000;35900.0000000;36069.0000000;59
SPFB.YNDF-9.20;60;20200708;180000;36051.0000000;36051.0000000;35755.0000000;35755.0000000;47
SPFB.YNDF-9.20;60;20200708;190000;35848.0000000;35849.0000000;35720.0000000;35750.0000000;31
SPFB.YNDF-9.20;60;20200708;200000;35750.0000000;35800.0000000;35750.0000000;35800.0000000;11
SPFB.YNDF-9.20;60;20200708;210000;35817.0000000;35822.0000000;35786.0000000;35786.0000000;6
SPFB.YNDF-9.20;60;20200708;220000;35838.0000000;36200.0000000;35786.0000000;35806.0000000;34
SPFB.YNDF-9.20;60;20200708;230000;35849.0000000;35849.0000000;35801.0000000;35849.0000000;4
SPFB.YNDF-9.20;60;20200709;000000;35899.0000000;35942.0000000;35899.0000000;35940.0000000;34
SPFB.YNDF-9.20;60;20200709;110000;35949.0000000;36099.0000000;35949.0000000;36099.0000000;48
SPFB.YNDF-9.20;60;20200709;120000;36100.0000000;36102.0000000;36002.0000000;36030.0000000;26
SPFB.YNDF-9.20;60;20200709;130000;36001.0000000;36120.0000000;35830.0000000;36104.0000000;36
SPFB.YNDF-9.20;60;20200709;140000;36052.0000000;36059.0000000;35985.0000000;36002.0000000;29
SPFB.YNDF-9.20;60;20200709;150000;36001.0000000;36013.0000000;35983.0000000;36013.0000000;5
SPFB.YNDF-9.20;60;20200709;160000;36011.0000000;36100.0000000;36011.0000000;36100.0000000;23
SPFB.YNDF-9.20;60;20200709;170000;36100.0000000;36336.0000000;36051.0000000;36299.0000000;56
SPFB.YNDF-9.20;60;20200709;180000;36349.0000000;36599.0000000;36051.0000000;36051.0000000;90
SPFB.YNDF-9.20;60;20200709;190000;36022.0000000;36050.0000000;35905.0000000;36000.0000000;53
SPFB.YNDF-9.20;60;20200709;200000;36049.0000000;36199.0000000;36049.0000000;36152.0000000;18
SPFB.YNDF-9.20;60;20200709;210000;36199.0000000;36349.0000000;36190.0000000;36259.0000000;26
SPFB.YNDF-9.20;60;20200709;220000;36319.0000000;36427.0000000;36319.0000000;36427.0000000;15
SPFB.YNDF-9.20;60;20200709;230000;36449.0000000;36500.0000000;36389.0000000;36500.0000000;31
SPFB.YNDF-9.20;60;20200710;000000;36500.0000000;36520.0000000;36500.0000000;36520.0000000;3
SPFB.YNDF-9.20;60;20200710;110000;36416.0000000;36608.0000000;36106.0000000;36501.0000000;93
SPFB.YNDF-9.20;60;20200710;120000;36549.0000000;36849.0000000;36549.0000000;36701.0000000;59
SPFB.YNDF-9.20;60;20200710;130000;36749.0000000;36800.0000000;36700.0000000;36790.0000000;27
SPFB.YNDF-9.20;60;20200710;140000;36779.0000000;36800.0000000;36701.0000000;36800.0000000;56
SPFB.YNDF-9.20;60;20200710;150000;36820.0000000;36900.0000000;36783.0000000;36802.0000000;27
SPFB.YNDF-9.20;60;20200710;160000;36801.0000000;36855.0000000;36696.0000000;36855.0000000;12
SPFB.YNDF-9.20;60;20200710;170000;36836.0000000;36836.0000000;36301.0000000;36301.0000000;50
SPFB.YNDF-9.20;60;20200710;180000;36251.0000000;36376.0000000;36176.0000000;36260.0000000;58
SPFB.YNDF-9.20;60;20200710;190000;36251.0000000;36251.0000000;36198.0000000;36200.0000000;28
SPFB.YNDF-9.20;60;20200710;200000;36166.0000000;36168.0000000;36059.0000000;36149.0000000;34
SPFB.YNDF-9.20;60;20200710;210000;36101.0000000;36220.0000000;36091.0000000;36188.0000000;12
SPFB.YNDF-9.20;60;20200710;220000;36249.0000000;36249.0000000;36249.0000000;36249.0000000;1
SPFB.YNDF-9.20;60;20200710;230000;36299.0000000;36499.0000000;36299.0000000;36499.0000000;13
SPFB.YNDF-9.20;60;20200711;000000;36451.0000000;36451.0000000;36451.0000000;36451.0000000;4
SPFB.YNDF-9.20;60;20200713;110000;36500.0000000;36900.0000000;36110.0000000;36701.0000000;87
SPFB.YNDF-9.20;60;20200713;120000;36651.0000000;36900.0000000;36551.0000000;36551.0000000;29
SPFB.YNDF-9.20;60;20200713;130000;36599.0000000;36748.0000000;36575.0000000;36651.0000000;51
SPFB.YNDF-9.20;60;20200713;140000;36699.0000000;36748.0000000;36601.0000000;36602.0000000;17
SPFB.YNDF-9.20;60;20200713;150000;36669.0000000;36670.0000000;36660.0000000;36660.0000000;3
SPFB.YNDF-9.20;60;20200713;160000;36699.0000000;36850.0000000;36650.0000000;36850.0000000;32
SPFB.YNDF-9.20;60;20200713;170000;36860.0000000;36860.0000000;36602.0000000;36772.0000000;27
SPFB.YNDF-9.20;60;20200713;180000;36701.0000000;37346.0000000;36699.0000000;37346.0000000;341
SPFB.YNDF-9.20;60;20200713;190000;37213.0000000;37408.0000000;37041.0000000;37041.0000000;75
SPFB.YNDF-9.20;60;20200713;200000;37001.0000000;37099.0000000;36997.0000000;37099.0000000;9
SPFB.YNDF-9.20;60;20200713;210000;37099.0000000;37100.0000000;37051.0000000;37100.0000000;10
SPFB.YNDF-9.20;60;20200713;220000;37100.0000000;37100.0000000;36951.0000000;37005.0000000;81
SPFB.YNDF-9.20;60;20200713;230000;37006.0000000;37023.0000000;36500.0000000;36735.0000000;153
SPFB.YNDF-9.20;60;20200714;000000;36701.0000000;37772.0000000;36700.0000000;36991.0000000;85
SPFB.YNDF-9.20;60;20200714;110000;36973.0000000;36973.0000000;36201.0000000;36309.0000000;137
SPFB.YNDF-9.20;60;20200714;120000;36342.0000000;36548.0000000;36342.0000000;36420.0000000;171
SPFB.YNDF-9.20;60;20200714;130000;36356.0000000;36356.0000000;36249.0000000;36250.0000000;41
SPFB.YNDF-9.20;60;20200714;140000;36251.0000000;36299.0000000;36024.0000000;36168.0000000;67
SPFB.YNDF-9.20;60;20200714;150000;36120.0000000;36229.0000000;35952.0000000;36229.0000000;28
SPFB.YNDF-9.20;60;20200714;160000;36200.0000000;36296.0000000;36200.0000000;36222.0000000;22
SPFB.YNDF-9.20;60;20200714;170000;36264.0000000;36695.0000000;36202.0000000;36336.0000000;40
SPFB.YNDF-9.20;60;20200714;180000;36537.0000000;37000.0000000;36211.0000000;37000.0000000;139
SPFB.YNDF-9.20;60;20200714;190000;36850.0000000;36899.0000000;36751.0000000;36834.0000000;50
SPFB.YNDF-9.20;60;20200714;200000;36890.0000000;37259.0000000;36890.0000000;37178.0000000;78
SPFB.YNDF-9.20;60;20200714;210000;37176.0000000;37336.0000000;37119.0000000;37310.0000000;207
SPFB.YNDF-9.20;60;20200714;220000;37330.0000000;37699.0000000;37162.0000000;37650.0000000;31
SPFB.YNDF-9.20;60;20200714;230000;37455.0000000;37777.0000000;36801.0000000;37777.0000000;131
SPFB.YNDF-9.20;60;20200715;000000;37800.0000000;37914.0000000;37655.0000000;37800.0000000;108
SPFB.YNDF-9.20;60;20200715;110000;37799.0000000;37998.0000000;37690.0000000;37939.0000000;99
SPFB.YNDF-9.20;60;20200715;120000;37814.0000000;37885.0000000;37764.0000000;37790.0000000;29
SPFB.YNDF-9.20;60;20200715;130000;37810.0000000;37880.0000000;37588.0000000;37645.0000000;88
SPFB.YNDF-9.20;60;20200715;140000;37849.0000000;38038.0000000;37790.0000000;37970.0000000;64
SPFB.YNDF-9.20;60;20200715;150000;38000.0000000;38573.0000000;38000.0000000;38368.0000000;490
SPFB.YNDF-9.20;60;20200715;160000;38420.0000000;38570.0000000;38368.0000000;38542.0000000;495
SPFB.YNDF-9.20;60;20200715;170000;38510.0000000;38770.0000000;38330.0000000;38700.0000000;461
SPFB.YNDF-9.20;60;20200715;180000;38603.0000000;38923.0000000;38491.0000000;38850.0000000;296
SPFB.YNDF-9.20;60;20200715;190000;38770.0000000;38770.0000000;38643.0000000;38658.0000000;199
SPFB.YNDF-9.20;60;20200715;200000;38437.0000000;38533.0000000;37920.0000000;38533.0000000;97
SPFB.YNDF-9.20;60;20200715;210000;38533.0000000;38750.0000000;38517.0000000;38540.0000000;29
SPFB.YNDF-9.20;60;20200715;220000;38743.0000000;38837.0000000;38700.0000000;38837.0000000;41
SPFB.YNDF-9.20;60;20200715;230000;38755.0000000;38877.0000000;38668.0000000;38877.0000000;289
SPFB.YNDF-9.20;60;20200716;000000;38877.0000000;38877.0000000;38812.0000000;38812.0000000;37
SPFB.YNDF-9.20;60;20200716;110000;38661.0000000;38906.0000000;38602.0000000;38602.0000000;232
SPFB.YNDF-9.20;60;20200716;120000;38542.0000000;38679.0000000;38444.0000000;38450.0000000;105
SPFB.YNDF-9.20;60;20200716;130000;38411.0000000;38642.0000000;38050.0000000;38642.0000000;401
SPFB.YNDF-9.20;60;20200716;140000;38509.0000000;38619.0000000;38338.0000000;38338.0000000;18
SPFB.YNDF-9.20;60;20200716;150000;38482.0000000;38779.0000000;38339.0000000;38600.0000000;38
SPFB.YNDF-9.20;60;20200716;160000;38730.0000000;38758.0000000;38401.0000000;38758.0000000;9
SPFB.YNDF-9.20;60;20200716;170000;38584.0000000;38699.0000000;38477.0000000;38604.0000000;38
SPFB.YNDF-9.20;60;20200716;180000;38500.0000000;38500.0000000;38016.0000000;38258.0000000;123
SPFB.YNDF-9.20;60;20200716;190000;38232.0000000;38350.0000000;38128.0000000;38200.0000000;29
SPFB.YNDF-9.20;60;20200716;200000;38200.0000000;38200.0000000;38200.0000000;38200.0000000;1
SPFB.YNDF-9.20;60;20200716;210000;38370.0000000;38370.0000000;38370.0000000;38370.0000000;2
SPFB.YNDF-9.20;60;20200716;220000;38345.0000000;38345.0000000;38345.0000000;38345.0000000;2
SPFB.YNDF-9.20;60;20200716;230000;38350.0000000;38470.0000000;38350.0000000;38470.0000000;6
SPFB.YNDF-9.20;60;20200717;000000;38309.0000000;38309.0000000;38209.0000000;38300.0000000;15
SPFB.YNDF-9.20;60;20200717;110000;38439.0000000;38876.0000000;38439.0000000;38609.0000000;123
SPFB.YNDF-9.20;60;20200717;120000;38669.0000000;38886.0000000;38669.0000000;38886.0000000;13
SPFB.YNDF-9.20;60;20200717;130000;38886.0000000;38903.0000000;38665.0000000;38850.0000000;39
SPFB.YNDF-9.20;60;20200717;140000;38846.0000000;38876.0000000;38844.0000000;38844.0000000;14
SPFB.YNDF-9.20;60;20200717;150000;38888.0000000;38900.0000000;38888.0000000;38889.0000000;6
SPFB.YNDF-9.20;60;20200717;160000;38888.0000000;39452.0000000;38888.0000000;39380.0000000;241
SPFB.YNDF-9.20;60;20200717;170000;39368.0000000;39573.0000000;39109.0000000;39150.0000000;368
SPFB.YNDF-9.20;60;20200717;180000;39170.0000000;39380.0000000;39000.0000000;39380.0000000;67
SPFB.YNDF-9.20;60;20200717;190000;39380.0000000;39498.0000000;39330.0000000;39356.0000000;17
SPFB.YNDF-9.20;60;20200717;200000;39309.0000000;39309.0000000;39166.0000000;39245.0000000;17
SPFB.YNDF-9.20;60;20200717;210000;39247.0000000;39247.0000000;39100.0000000;39100.0000000;6
SPFB.YNDF-9.20;60;20200717;220000;39281.0000000;39505.0000000;39281.0000000;39505.0000000;18
SPFB.YNDF-9.20;60;20200717;230000;39520.0000000;39550.0000000;39308.0000000;39410.0000000;33
SPFB.YNDF-9.20;60;20200718;000000;39516.0000000;39600.0000000;39500.0000000;39514.0000000;29
SPFB.YNDF-9.20;60;20200720;110000;39600.0000000;39600.0000000;39192.0000000;39209.0000000;33
SPFB.YNDF-9.20;60;20200720;120000;39200.0000000;39597.0000000;39180.0000000;39597.0000000;52
SPFB.YNDF-9.20;60;20200720;130000;39599.0000000;39713.0000000;39438.0000000;39712.0000000;43
SPFB.YNDF-9.20;60;20200720;140000;39712.0000000;39892.0000000;39545.0000000;39801.0000000;42
SPFB.YNDF-9.20;60;20200720;150000;39801.0000000;39954.0000000;39700.0000000;39869.0000000;46
SPFB.YNDF-9.20;60;20200720;160000;39869.0000000;39869.0000000;39686.0000000;39686.0000000;59
SPFB.YNDF-9.20;60;20200720;170000;39686.0000000;39700.0000000;39313.0000000;39314.0000000;52
SPFB.YNDF-9.20;60;20200720;180000;39550.0000000;39954.0000000;39500.0000000;39872.0000000;75
SPFB.YNDF-9.20;60;20200720;190000;39850.0000000;39899.0000000;39741.0000000;39800.0000000;33
SPFB.YNDF-9.20;60;20200720;200000;39864.0000000;40187.0000000;39864.0000000;40080.0000000;109
SPFB.YNDF-9.20;60;20200720;210000;40050.0000000;40209.0000000;40050.0000000;40090.0000000;17
SPFB.YNDF-9.20;60;20200720;220000;40050.0000000;40132.0000000;40050.0000000;40132.0000000;3
SPFB.YNDF-9.20;60;20200720;230000;40100.0000000;40263.0000000;40100.0000000;40263.0000000;16
SPFB.YNDF-9.20;60;20200721;000000;40160.0000000;40350.0000000;40160.0000000;40300.0000000;32
SPFB.YNDF-9.20;60;20200721;110000;40377.0000000;41842.0000000;40300.0000000;41400.0000000;734
SPFB.YNDF-9.20;60;20200721;120000;41358.0000000;41358.0000000;40550.0000000;40989.0000000;283
SPFB.YNDF-9.20;60;20200721;130000;40901.0000000;41166.0000000;40550.0000000;40552.0000000;77
SPFB.YNDF-9.20;60;20200721;140000;40555.0000000;40996.0000000;40420.0000000;40901.0000000;113
SPFB.YNDF-9.20;60;20200721;150000;40850.0000000;40850.0000000;40731.0000000;40731.0000000;10
SPFB.YNDF-9.20;60;20200721;160000;40793.0000000;40820.0000000;40644.0000000;40644.0000000;18
SPFB.YNDF-9.20;60;20200721;170000;40551.0000000;40674.0000000;40010.0000000;40228.0000000;183
SPFB.YNDF-9.20;60;20200721;180000;40070.0000000;40176.0000000;39660.0000000;39860.0000000;163
SPFB.YNDF-9.20;60;20200721;190000;39890.0000000;39890.0000000;39798.0000000;39872.0000000;64
SPFB.YNDF-9.20;60;20200721;200000;39847.0000000;39847.0000000;39478.0000000;39497.0000000;73
SPFB.YNDF-9.20;60;20200721;210000;39545.0000000;39720.0000000;39400.0000000;39720.0000000;45
SPFB.YNDF-9.20;60;20200721;220000;39790.0000000;39983.0000000;39600.0000000;39864.0000000;20
SPFB.YNDF-9.20;60;20200721;230000;39867.0000000;39867.0000000;39600.0000000;39779.0000000;7
SPFB.YNDF-9.20;60;20200722;000000;39610.0000000;39778.0000000;39610.0000000;39778.0000000;13
SPFB.YNDF-9.20;60;20200722;110000;39939.0000000;40198.0000000;39250.0000000;39250.0000000;176
SPFB.YNDF-9.20;60;20200722;120000;39250.0000000;39470.0000000;39204.0000000;39263.0000000;48
SPFB.YNDF-9.20;60;20200722;130000;39449.0000000;39697.0000000;39449.0000000;39504.0000000;12
SPFB.YNDF-9.20;60;20200722;140000;39501.0000000;39671.0000000;39332.0000000;39500.0000000;14
SPFB.YNDF-9.20;60;20200722;150000;39559.0000000;39945.0000000;39511.0000000;39830.0000000;36
SPFB.YNDF-9.20;60;20200722;160000;39752.0000000;39900.0000000;39701.0000000;39900.0000000;18
SPFB.YNDF-9.20;60;20200722;170000;39982.0000000;40200.0000000;39517.0000000;40042.0000000;167
SPFB.YNDF-9.20;60;20200722;180000;40042.0000000;40167.0000000;40000.0000000;40043.0000000;59
SPFB.YNDF-9.20;60;20200722;190000;40076.0000000;40076.0000000;39951.0000000;39951.0000000;3
SPFB.YNDF-9.20;60;20200722;200000;40055.0000000;40110.0000000;39986.0000000;39986.0000000;11
SPFB.YNDF-9.20;60;20200722;210000;40130.0000000;40134.0000000;39980.0000000;39980.0000000;27
SPFB.YNDF-9.20;60;20200722;220000;39950.0000000;40062.0000000;39950.0000000;40062.0000000;17
SPFB.YNDF-9.20;60;20200722;230000;40100.0000000;40360.0000000;40100.0000000;40358.0000000;31
SPFB.YNDF-9.20;60;20200723;000000;40222.0000000;40380.0000000;40158.0000000;40380.0000000;8
SPFB.YNDF-9.20;60;20200723;110000;40400.0000000;40620.0000000;40075.0000000;40620.0000000;95
SPFB.YNDF-9.20;60;20200723;120000;40600.0000000;40850.0000000;40176.0000000;40185.0000000;56
SPFB.YNDF-9.20;60;20200723;130000;40176.0000000;40591.0000000;40176.0000000;40510.0000000;27
SPFB.YNDF-9.20;60;20200723;140000;40408.0000000;40408.0000000;40307.0000000;40307.0000000;29
SPFB.YNDF-9.20;60;20200723;150000;40348.0000000;40348.0000000;40205.0000000;40214.0000000;18
SPFB.YNDF-9.20;60;20200723;160000;40320.0000000;40320.0000000;39950.0000000;40096.0000000;45
SPFB.YNDF-9.20;60;20200723;170000;40184.0000000;40508.0000000;39983.0000000;40508.0000000;67
SPFB.YNDF-9.20;60;20200723;180000;40333.0000000;40364.0000000;40282.0000000;40350.0000000;8
SPFB.YNDF-9.20;60;20200723;190000;40143.0000000;40450.0000000;39981.0000000;40440.0000000;11
SPFB.YNDF-9.20;60;20200723;200000;40063.0000000;40069.0000000;39827.0000000;39827.0000000;97
SPFB.YNDF-9.20;60;20200723;210000;39882.0000000;39933.0000000;39792.0000000;39792.0000000;18
SPFB.YNDF-9.20;60;20200723;220000;39792.0000000;40220.0000000;39579.0000000;40104.0000000;79
SPFB.YNDF-9.20;60;20200723;230000;39987.0000000;40250.0000000;39970.0000000;40137.0000000;107
SPFB.YNDF-9.20;60;20200724;000000;40220.0000000;40220.0000000;40109.0000000;40115.0000000;48
SPFB.YNDF-9.20;60;20200724;110000;40003.0000000;40003.0000000;39403.0000000;39725.0000000;240
SPFB.YNDF-9.20;60;20200724;120000;39725.0000000;39830.0000000;39701.0000000;39830.0000000;29
SPFB.YNDF-9.20;60;20200724;130000;39858.0000000;39858.0000000;39750.0000000;39750.0000000;5
SPFB.YNDF-9.20;60;20200724;140000;39980.0000000;40042.0000000;39850.0000000;40000.0000000;40
SPFB.YNDF-9.20;60;20200724;150000;40100.0000000;40207.0000000;40100.0000000;40101.0000000;20
SPFB.YNDF-9.20;60;20200724;160000;40190.0000000;40276.0000000;40101.0000000;40101.0000000;14
SPFB.YNDF-9.20;60;20200724;170000;40100.0000000;40100.0000000;39850.0000000;39850.0000000;21
SPFB.YNDF-9.20;60;20200724;180000;39950.0000000;40196.0000000;39834.0000000;40124.0000000;34
SPFB.YNDF-9.20;60;20200724;190000;40222.0000000;40462.0000000;40176.0000000;40405.0000000;33
SPFB.YNDF-9.20;60;20200724;200000;40207.0000000;40259.0000000;40207.0000000;40250.0000000;3
SPFB.YNDF-9.20;60;20200724;210000;40450.0000000;40450.0000000;40207.0000000;40207.0000000;3
SPFB.YNDF-9.20;60;20200724;220000;40450.0000000;40450.0000000;40203.0000000;40203.0000000;16
SPFB.YNDF-9.20;60;20200724;230000;40390.0000000;40400.0000000;40390.0000000;40399.0000000;5
SPFB.YNDF-9.20;60;20200725;000000;40330.0000000;40330.0000000;40109.0000000;40274.0000000;11
SPFB.YNDF-9.20;60;20200727;110000;40150.0000000;40389.0000000;40150.0000000;40388.0000000;21
SPFB.YNDF-9.20;60;20200727;120000;40398.0000000;40751.0000000;40388.0000000;40631.0000000;54
SPFB.YNDF-9.20;60;20200727;130000;40650.0000000;40750.0000000;40650.0000000;40749.0000000;12
SPFB.YNDF-9.20;60;20200727;140000;40838.0000000;40878.0000000;40567.0000000;40619.0000000;83
SPFB.YNDF-9.20;60;20200727;150000;40748.0000000;40800.0000000;40592.0000000;40800.0000000;14
SPFB.YNDF-9.20;60;20200727;160000;40856.0000000;40860.0000000;40770.0000000;40770.0000000;16
SPFB.YNDF-9.20;60;20200727;170000;40770.0000000;41051.0000000;40663.0000000;40874.0000000;47
SPFB.YNDF-9.20;60;20200727;180000;41070.0000000;41093.0000000;40674.0000000;40999.0000000;40
SPFB.YNDF-9.20;60;20200727;190000;40854.0000000;41049.0000000;40702.0000000;40702.0000000;25
SPFB.YNDF-9.20;60;20200727;200000;40708.0000000;40850.0000000;40702.0000000;40820.0000000;23
SPFB.YNDF-9.20;60;20200727;210000;40999.0000000;41099.0000000;40930.0000000;41050.0000000;45
SPFB.YNDF-9.20;60;20200727;220000;41080.0000000;41160.0000000;40917.0000000;41150.0000000;33
SPFB.YNDF-9.20;60;20200727;230000;41310.0000000;41500.0000000;41310.0000000;41500.0000000;29
SPFB.YNDF-9.20;60;20200728;000000;41462.0000000;41486.0000000;41200.0000000;41200.0000000;25
SPFB.YNDF-9.20;60;20200728;110000;41352.0000000;42000.0000000;41352.0000000;41876.0000000;135
SPFB.YNDF-9.20;60;20200728;120000;41692.0000000;41847.0000000;41552.0000000;41670.0000000;136
SPFB.YNDF-9.20;60;20200728;130000;41699.0000000;41699.0000000;41537.0000000;41541.0000000;32
SPFB.YNDF-9.20;60;20200728;140000;41536.0000000;41536.0000000;39950.0000000;40150.0000000;381
SPFB.YNDF-9.20;60;20200728;150000;40150.0000000;40780.0000000;40150.0000000;40332.0000000;176
SPFB.YNDF-9.20;60;20200728;160000;40332.0000000;40379.0000000;40210.0000000;40371.0000000;37
SPFB.YNDF-9.20;60;20200728;170000;40190.0000000;41041.0000000;39840.0000000;40960.0000000;201
SPFB.YNDF-9.20;60;20200728;180000;40900.0000000;41500.0000000;40080.0000000;41350.0000000;175
SPFB.YNDF-9.20;60;20200728;190000;41152.0000000;41338.0000000;41146.0000000;41338.0000000;21
SPFB.YNDF-9.20;60;20200728;200000;41248.0000000;41367.0000000;40920.0000000;41211.0000000;28
SPFB.YNDF-9.20;60;20200728;210000;41250.0000000;41500.0000000;41250.0000000;41434.0000000;88
SPFB.YNDF-9.20;60;20200728;220000;41361.0000000;41499.0000000;41345.0000000;41450.0000000;38
SPFB.YNDF-9.20;60;20200728;230000;41450.0000000;41486.0000000;41400.0000000;41400.0000000;7
SPFB.YNDF-9.20;60;20200729;000000;41230.0000000;41300.0000000;41202.0000000;41300.0000000;14
SPFB.YNDF-9.20;60;20200729;110000;41300.0000000;41580.0000000;41292.0000000;41292.0000000;67
SPFB.YNDF-9.20;60;20200729;120000;41484.0000000;41701.0000000;41484.0000000;41700.0000000;46
SPFB.YNDF-9.20;60;20200729;130000;41650.0000000;41670.0000000;41591.0000000;41670.0000000;39
SPFB.YNDF-9.20;60;20200729;140000;41663.0000000;42222.0000000;41656.0000000;41914.0000000;139
SPFB.YNDF-9.20;60;20200729;150000;41900.0000000;41998.0000000;41795.0000000;41998.0000000;28
SPFB.YNDF-9.20;60;20200729;160000;41999.0000000;42000.0000000;41808.0000000;41818.0000000;18
SPFB.YNDF-9.20;60;20200729;170000;41766.0000000;41801.0000000;41342.0000000;41570.0000000;33
SPFB.YNDF-9.20;60;20200729;180000;41631.0000000;42143.0000000;41605.0000000;42143.0000000;131
SPFB.YNDF-9.20;60;20200729;190000;41956.0000000;42180.0000000;41707.0000000;42180.0000000;6
SPFB.YNDF-9.20;60;20200729;200000;41885.0000000;41899.0000000;41726.0000000;41899.0000000;4
SPFB.YNDF-9.20;60;20200729;210000;41800.0000000;41800.0000000;41669.0000000;41800.0000000;8
SPFB.YNDF-9.20;60;20200729;220000;42000.0000000;42038.0000000;41430.0000000;41950.0000000;28
SPFB.YNDF-9.20;60;20200730;000000;41834.0000000;41834.0000000;41834.0000000;41834.0000000;1
SPFB.YNDF-9.20;60;20200730;110000;41851.0000000;41859.0000000;41520.0000000;41831.0000000;60
SPFB.YNDF-9.20;60;20200730;120000;41615.0000000;41720.0000000;41456.0000000;41650.0000000;17
SPFB.YNDF-9.20;60;20200730;130000;41566.0000000;41720.0000000;41450.0000000;41550.0000000;18
SPFB.YNDF-9.20;60;20200730;140000;41550.0000000;41550.0000000;41500.0000000;41500.0000000;3
SPFB.YNDF-9.20;60;20200730;150000;41384.0000000;41980.0000000;41368.0000000;41618.0000000;93
SPFB.YNDF-9.20;60;20200730;160000;41602.0000000;41602.0000000;41601.0000000;41601.0000000;21
SPFB.YNDF-9.20;60;20200730;170000;41600.0000000;41645.0000000;41190.0000000;41285.0000000;125
SPFB.YNDF-9.20;60;20200730;180000;41362.0000000;41494.0000000;41243.0000000;41380.0000000;19
SPFB.YNDF-9.20;60;20200730;190000;41394.0000000;41558.0000000;41312.0000000;41464.0000000;138
SPFB.YNDF-9.20;60;20200730;200000;41716.0000000;41716.0000000;41580.0000000;41700.0000000;33
SPFB.YNDF-9.20;60;20200730;210000;41901.0000000;41910.0000000;41692.0000000;41910.0000000;16
SPFB.YNDF-9.20;60;20200730;220000;41750.0000000;41960.0000000;41750.0000000;41935.0000000;11
SPFB.YNDF-9.20;60;20200730;230000;41929.0000000;41960.0000000;41813.0000000;41960.0000000;4
SPFB.YNDF-9.20;60;20200731;000000;41902.0000000;41960.0000000;41868.0000000;41942.0000000;16
SPFB.YNDF-9.20;60;20200731;110000;41975.0000000;42220.0000000;41942.0000000;42160.0000000;106
SPFB.YNDF-9.20;60;20200731;120000;42145.0000000;42145.0000000;42035.0000000;42035.0000000;15
SPFB.YNDF-9.20;60;20200731;130000;42000.0000000;42003.0000000;42000.0000000;42001.0000000;4
SPFB.YNDF-9.20;60;20200731;140000;41952.0000000;42142.0000000;41952.0000000;42070.0000000;8
SPFB.YNDF-9.20;60;20200731;150000;42101.0000000;42147.0000000;41969.0000000;42147.0000000;12
SPFB.YNDF-9.20;60;20200731;160000;42072.0000000;42111.0000000;42050.0000000;42111.0000000;22
SPFB.YNDF-9.20;60;20200731;170000;42128.0000000;43440.0000000;42111.0000000;42600.0000000;141
SPFB.YNDF-9.20;60;20200731;180000;42568.0000000;42630.0000000;42050.0000000;42131.0000000;111
SPFB.YNDF-9.20;60;20200731;190000;42299.0000000;42652.0000000;42299.0000000;42300.0000000;49
SPFB.YNDF-9.20;60;20200731;200000;42807.0000000;42807.0000000;42205.0000000;42205.0000000;25
SPFB.YNDF-9.20;60;20200731;210000;42257.0000000;42257.0000000;42257.0000000;42257.0000000;1
SPFB.YNDF-9.20;60;20200731;220000;42300.0000000;42400.0000000;42241.0000000;42400.0000000;10
SPFB.YNDF-9.20;60;20200731;230000;42400.0000000;42600.0000000;42400.0000000;42600.0000000;8
SPFB.YNDF-9.20;60;20200801;000000;42650.0000000;42650.0000000;42612.0000000;42612.0000000;2
SPFB.YNDF-9.20;60;20200803;110000;42603.0000000;43250.0000000;42603.0000000;42900.0000000;152
SPFB.YNDF-9.20;60;20200803;120000;42923.0000000;42923.0000000;42724.0000000;42874.0000000;69
SPFB.YNDF-9.20;60;20200803;130000;42874.0000000;42875.0000000;42845.0000000;42875.0000000;11
SPFB.YNDF-9.20;60;20200803;140000;42947.0000000;43010.0000000;42725.0000000;43010.0000000;10
SPFB.YNDF-9.20;60;20200803;150000;42993.0000000;43230.0000000;42993.0000000;43119.0000000;23
SPFB.YNDF-9.20;60;20200803;160000;43196.0000000;43300.0000000;43184.0000000;43300.0000000;12
SPFB.YNDF-9.20;60;20200803;170000;43300.0000000;43346.0000000;43000.0000000;43000.0000000;57
SPFB.YNDF-9.20;60;20200803;180000;43055.0000000;43180.0000000;42700.0000000;43180.0000000;87
SPFB.YNDF-9.20;60;20200803;190000;43177.0000000;43320.0000000;43042.0000000;43059.0000000;50
SPFB.YNDF-9.20;60;20200803;200000;43137.0000000;43192.0000000;43029.0000000;43192.0000000;9
SPFB.YNDF-9.20;60;20200803;210000;43300.0000000;43380.0000000;43242.0000000;43242.0000000;10
SPFB.YNDF-9.20;60;20200803;220000;43336.0000000;43336.0000000;43128.0000000;43128.0000000;12
SPFB.YNDF-9.20;60;20200803;230000;43258.0000000;43261.0000000;43045.0000000;43080.0000000;16
SPFB.YNDF-9.20;60;20200804;000000;42977.0000000;42977.0000000;42977.0000000;42977.0000000;1
SPFB.YNDF-9.20;60;20200804;110000;42977.0000000;43199.0000000;42902.0000000;43068.0000000;35
SPFB.YNDF-9.20;60;20200804;120000;43023.0000000;43074.0000000;42950.0000000;42950.0000000;54
SPFB.YNDF-9.20;60;20200804;130000;42958.0000000;43000.0000000;42929.0000000;42990.0000000;10
SPFB.YNDF-9.20;60;20200804;140000;42980.0000000;43000.0000000;42980.0000000;43000.0000000;58
SPFB.YNDF-9.20;60;20200804;150000;43150.0000000;43157.0000000;43048.0000000;43113.0000000;24
SPFB.YNDF-9.20;60;20200804;160000;43157.0000000;43220.0000000;43157.0000000;43220.0000000;5
SPFB.YNDF-9.20;60;20200804;170000;43290.0000000;43290.0000000;43100.0000000;43100.0000000;13
SPFB.YNDF-9.20;60;20200804;180000;43300.0000000;43399.0000000;43180.0000000;43331.0000000;38
SPFB.YNDF-9.20;60;20200804;190000;43325.0000000;43325.0000000;43248.0000000;43248.0000000;3
SPFB.YNDF-9.20;60;20200804;200000;43221.0000000;43280.0000000;43170.0000000;43174.0000000;10
SPFB.YNDF-9.20;60;20200804;210000;43296.0000000;43339.0000000;43260.0000000;43282.0000000;7
SPFB.YNDF-9.20;60;20200804;220000;43310.0000000;43310.0000000;43195.0000000;43210.0000000;12
SPFB.YNDF-9.20;60;20200804;230000;43283.0000000;43308.0000000;43195.0000000;43308.0000000;31
SPFB.YNDF-9.20;60;20200805;000000;43270.0000000;43297.0000000;43232.0000000;43238.0000000;42
SPFB.YNDF-9.20;60;20200805;110000;43200.0000000;43499.0000000;43175.0000000;43332.0000000;88
SPFB.YNDF-9.20;60;20200805;120000;43440.0000000;43577.0000000;43413.0000000;43570.0000000;31
SPFB.YNDF-9.20;60;20200805;130000;43500.0000000;43562.0000000;43500.0000000;43560.0000000;10
SPFB.YNDF-9.20;60;20200805;140000;43500.0000000;43579.0000000;43365.0000000;43520.0000000;75
SPFB.YNDF-9.20;60;20200805;150000;43580.0000000;43632.0000000;43580.0000000;43632.0000000;23
SPFB.YNDF-9.20;60;20200805;160000;43512.0000000;43600.0000000;43500.0000000;43584.0000000;19
SPFB.YNDF-9.20;60;20200805;170000;43594.0000000;43594.0000000;43336.0000000;43336.0000000;130
SPFB.YNDF-9.20;60;20200805;180000;43336.0000000;43399.0000000;43335.0000000;43335.0000000;42
SPFB.YNDF-9.20;60;20200805;190000;43336.0000000;43380.0000000;43200.0000000;43200.0000000;87
SPFB.YNDF-9.20;60;20200805;200000;43205.0000000;43264.0000000;43205.0000000;43264.0000000;8
SPFB.YNDF-9.20;60;20200805;210000;43423.0000000;43423.0000000;43245.0000000;43405.0000000;27
SPFB.YNDF-9.20;60;20200805;220000;43480.0000000;43614.0000000;43480.0000000;43598.0000000;10
SPFB.YNDF-9.20;60;20200805;230000;43600.0000000;43600.0000000;43600.0000000;43600.0000000;1
SPFB.YNDF-9.20;60;20200806;000000;43431.0000000;43460.0000000;43415.0000000;43415.0000000;5
SPFB.YNDF-9.20;60;20200806;110000;43614.0000000;44005.0000000;43415.0000000;43650.0000000;86
SPFB.YNDF-9.20;60;20200806;120000;43650.0000000;43818.0000000;43501.0000000;43799.0000000;138
SPFB.YNDF-9.20;60;20200806;130000;43799.0000000;43900.0000000;43641.0000000;43760.0000000;25
SPFB.YNDF-9.20;60;20200806;140000;43889.0000000;43900.0000000;43708.0000000;43708.0000000;21
SPFB.YNDF-9.20;60;20200806;150000;43740.0000000;43890.0000000;43740.0000000;43800.0000000;4
SPFB.YNDF-9.20;60;20200806;160000;43890.0000000;43890.0000000;43780.0000000;43850.0000000;5
SPFB.YNDF-9.20;60;20200806;170000;43900.0000000;43998.0000000;43868.0000000;43960.0000000;87
SPFB.YNDF-9.20;60;20200806;180000;43998.0000000;44101.0000000;43903.0000000;43966.0000000;105
SPFB.YNDF-9.20;60;20200806;190000;43850.0000000;43983.0000000;43804.0000000;43967.0000000;22
SPFB.YNDF-9.20;60;20200806;200000;43928.0000000;44052.0000000;43911.0000000;43912.0000000;54
SPFB.YNDF-9.20;60;20200806;210000;44050.0000000;44100.0000000;44050.0000000;44100.0000000;21
SPFB.YNDF-9.20;60;20200806;220000;44111.0000000;44111.0000000;44111.0000000;44111.0000000;2
SPFB.YNDF-9.20;60;20200806;230000;44080.0000000;44100.0000000;44080.0000000;44100.0000000;3
SPFB.YNDF-9.20;60;20200807;000000;44115.0000000;44653.0000000;44081.0000000;44244.0000000;51
SPFB.YNDF-9.20;60;20200807;110000;44125.0000000;44444.0000000;44125.0000000;44160.0000000;114
SPFB.YNDF-9.20;60;20200807;120000;44269.0000000;44321.0000000;44152.0000000;44152.0000000;31
SPFB.YNDF-9.20;60;20200807;130000;44131.0000000;44175.0000000;44104.0000000;44131.0000000;45
SPFB.YNDF-9.20;60;20200807;140000;44103.0000000;44149.0000000;43900.0000000;44013.0000000;101
SPFB.YNDF-9.20;60;20200807;150000;43908.0000000;44124.0000000;43908.0000000;43950.0000000;36
SPFB.YNDF-9.20;60;20200807;160000;43951.0000000;44127.0000000;43856.0000000;44127.0000000;41
SPFB.YNDF-9.20;60;20200807;170000;44028.0000000;44050.0000000;43380.0000000;43631.0000000;83
SPFB.YNDF-9.20;60;20200807;180000;43574.0000000;44242.0000000;43574.0000000;44232.0000000;95
SPFB.YNDF-9.20;60;20200807;190000;44102.0000000;44102.0000000;44037.0000000;44037.0000000;7
SPFB.YNDF-9.20;60;20200807;200000;44010.0000000;44068.0000000;43735.0000000;43735.0000000;25
SPFB.YNDF-9.20;60;20200807;210000;43734.0000000;43734.0000000;43344.0000000;43344.0000000;48
SPFB.YNDF-9.20;60;20200807;220000;43349.0000000;43550.0000000;43340.0000000;43500.0000000;46
SPFB.YNDF-9.20;60;20200807;230000;43500.0000000;43980.0000000;43498.0000000;43561.0000000;40
SPFB.YNDF-9.20;60;20200808;000000;43541.0000000;43541.0000000;43541.0000000;43541.0000000;1
SPFB.YNDF-9.20;60;20200810;110000;43917.0000000;44174.0000000;43551.0000000;43676.0000000;56
SPFB.YNDF-9.20;60;20200810;120000;43765.0000000;43765.0000000;43500.0000000;43552.0000000;89
SPFB.YNDF-9.20;60;20200810;130000;43551.0000000;43670.0000000;43551.0000000;43610.0000000;15
SPFB.YNDF-9.20;60;20200810;140000;43592.0000000;43670.0000000;43460.0000000;43540.0000000;57
SPFB.YNDF-9.20;60;20200810;150000;43670.0000000;43670.0000000;43502.0000000;43642.0000000;13
SPFB.YNDF-9.20;60;20200810;160000;43558.0000000;43558.0000000;43555.0000000;43555.0000000;5
SPFB.YNDF-9.20;60;20200810;170000;43501.0000000;43501.0000000;42950.0000000;42958.0000000;138
SPFB.YNDF-9.20;60;20200810;180000;42949.0000000;42986.0000000;42120.0000000;42182.0000000;155
SPFB.YNDF-9.20;60;20200810;190000;42215.0000000;42426.0000000;42121.0000000;42360.0000000;87
SPFB.YNDF-9.20;60;20200810;200000;42735.0000000;42735.0000000;42100.0000000;42203.0000000;80
SPFB.YNDF-9.20;60;20200810;210000;42425.0000000;42425.0000000;42330.0000000;42423.0000000;9
SPFB.YNDF-9.20;60;20200810;220000;42420.0000000;42423.0000000;42351.0000000;42361.0000000;24
SPFB.YNDF-9.20;60;20200810;230000;42319.0000000;42319.0000000;42003.0000000;42003.0000000;38
SPFB.YNDF-9.20;60;20200811;000000;42002.0000000;42193.0000000;41800.0000000;42070.0000000;40
SPFB.YNDF-9.20;60;20200811;110000;42198.0000000;43100.0000000;42198.0000000;42800.0000000;388
SPFB.YNDF-9.20;60;20200811;120000;42812.0000000;43146.0000000;42812.0000000;43146.0000000;73
SPFB.YNDF-9.20;60;20200811;130000;43061.0000000;43372.0000000;43000.0000000;43204.0000000;58
SPFB.YNDF-9.20;60;20200811;140000;43268.0000000;43306.0000000;43100.0000000;43100.0000000;35
SPFB.YNDF-9.20;60;20200811;150000;43050.0000000;43050.0000000;42701.0000000;42800.0000000;47
SPFB.YNDF-9.20;60;20200811;160000;42719.0000000;43000.0000000;42640.0000000;43000.0000000;82
SPFB.YNDF-9.20;60;20200811;170000;42965.0000000;42965.0000000;41535.0000000;42136.0000000;210
SPFB.YNDF-9.20;60;20200811;180000;41948.0000000;42229.0000000;41832.0000000;42144.0000000;74
SPFB.YNDF-9.20;60;20200811;190000;42229.0000000;42616.0000000;42229.0000000;42500.0000000;302
SPFB.YNDF-9.20;60;20200811;200000;41652.0000000;42395.0000000;41652.0000000;42330.0000000;31
SPFB.YNDF-9.20;60;20200811;210000;42300.0000000;42300.0000000;42021.0000000;42021.0000000;26
SPFB.YNDF-9.20;60;20200811;220000;42100.0000000;42198.0000000;41901.0000000;42096.0000000;40
SPFB.YNDF-9.20;60;20200811;230000;42050.0000000;42050.0000000;41750.0000000;41750.0000000;21
SPFB.YNDF-9.20;60;20200812;000000;41818.0000000;41930.0000000;41780.0000000;41828.0000000;41
SPFB.YNDF-9.20;60;20200812;110000;42200.0000000;42200.0000000;41751.0000000;42014.0000000;133
SPFB.YNDF-9.20;60;20200812;120000;42020.0000000;42222.0000000;41988.0000000;42222.0000000;31
SPFB.YNDF-9.20;60;20200812;130000;42200.0000000;42395.0000000;42090.0000000;42100.0000000;65
SPFB.YNDF-9.20;60;20200812;140000;42082.0000000;42082.0000000;42082.0000000;42082.0000000;1
SPFB.YNDF-9.20;60;20200812;150000;42080.0000000;42163.0000000;42044.0000000;42052.0000000;25
SPFB.YNDF-9.20;60;20200812;160000;42130.0000000;42250.0000000;42025.0000000;42066.0000000;42
SPFB.YNDF-9.20;60;20200812;170000;42066.0000000;43132.0000000;42066.0000000;43132.0000000;151
SPFB.YNDF-9.20;60;20200812;180000;43132.0000000;43132.0000000;42547.0000000;42800.0000000;97
SPFB.YNDF-9.20;60;20200812;190000;42940.0000000;43300.0000000;42940.0000000;43263.0000000;45
SPFB.YNDF-9.20;60;20200812;200000;43334.0000000;43334.0000000;42895.0000000;42895.0000000;41
SPFB.YNDF-9.20;60;20200812;210000;43095.0000000;43095.0000000;42895.0000000;43000.0000000;26
SPFB.YNDF-9.20;60;20200812;220000;42901.0000000;42901.0000000;42750.0000000;42750.0000000;26
SPFB.YNDF-9.20;60;20200812;230000;42710.0000000;42770.0000000;42650.0000000;42767.0000000;33
SPFB.YNDF-9.20;60;20200813;000000;42834.0000000;43000.0000000;42834.0000000;42930.0000000;28
SPFB.YNDF-9.20;60;20200813;110000;43197.0000000;45605.0000000;42669.0000000;44883.0000000;1948
SPFB.YNDF-9.20;60;20200813;120000;44883.0000000;45278.0000000;44550.0000000;44944.0000000;862
SPFB.YNDF-9.20;60;20200813;130000;44938.0000000;44960.0000000;44510.0000000;44880.0000000;296
SPFB.YNDF-9.20;60;20200813;140000;44882.0000000;44948.0000000;44328.0000000;44650.0000000;331
SPFB.YNDF-9.20;60;20200813;150000;44666.0000000;44890.0000000;44531.0000000;44875.0000000;62
SPFB.YNDF-9.20;60;20200813;160000;44858.0000000;45000.0000000;44764.0000000;44916.0000000;522
SPFB.YNDF-9.20;60;20200813;170000;44935.0000000;45400.0000000;44550.0000000;44682.0000000;4376
SPFB.YNDF-9.20;60;20200813;180000;44711.0000000;44879.0000000;44561.0000000;44653.0000000;60
SPFB.YNDF-9.20;60;20200813;190000;44876.0000000;44920.0000000;44750.0000000;44750.0000000;69
SPFB.YNDF-9.20;60;20200813;200000;44603.0000000;44760.0000000;43674.0000000;43863.0000000;505
SPFB.YNDF-9.20;60;20200813;210000;43863.0000000;44074.0000000;43601.0000000;44074.0000000;115
SPFB.YNDF-9.20;60;20200813;220000;43701.0000000;43858.0000000;43377.0000000;43508.0000000;195
SPFB.YNDF-9.20;60;20200813;230000;43718.0000000;43754.0000000;43563.0000000;43747.0000000;73
SPFB.YNDF-9.20;60;20200814;000000;43750.0000000;43907.0000000;43642.0000000;43770.0000000;31
SPFB.YNDF-9.20;60;20200814;110000;44000.0000000;44800.0000000;44000.0000000;44598.0000000;1000
SPFB.YNDF-9.20;60;20200814;120000;44544.0000000;44544.0000000;43840.0000000;44400.0000000;1015
SPFB.YNDF-9.20;60;20200814;130000;44426.0000000;44433.0000000;44271.0000000;44303.0000000;83
SPFB.YNDF-9.20;60;20200814;140000;44271.0000000;44400.0000000;44051.0000000;44400.0000000;62
SPFB.YNDF-9.20;60;20200814;150000;44340.0000000;44444.0000000;44340.0000000;44400.0000000;111
SPFB.YNDF-9.20;60;20200814;160000;44410.0000000;44536.0000000;44256.0000000;44510.0000000;65
SPFB.YNDF-9.20;60;20200814;170000;44508.0000000;44679.0000000;43990.0000000;44198.0000000;781
SPFB.YNDF-9.20;60;20200814;180000;44230.0000000;44300.0000000;44025.0000000;44190.0000000;176
SPFB.YNDF-9.20;60;20200814;190000;44083.0000000;44200.0000000;44083.0000000;44200.0000000;5
SPFB.YNDF-9.20;60;20200814;200000;44026.0000000;44100.0000000;43931.0000000;44016.0000000;134
SPFB.YNDF-9.20;60;20200814;210000;44010.0000000;44100.0000000;43984.0000000;44060.0000000;36
SPFB.YNDF-9.20;60;20200814;220000;44129.0000000;44129.0000000;43931.0000000;43941.0000000;34
SPFB.YNDF-9.20;60;20200814;230000;44044.0000000;44044.0000000;43929.0000000;43929.0000000;34
SPFB.YNDF-9.20;60;20200815;000000;44038.0000000;44100.0000000;44017.0000000;44100.0000000;74
SPFB.YNDF-9.20;60;20200817;110000;44300.0000000;45100.0000000;44276.0000000;45079.0000000;385
SPFB.YNDF-9.20;60;20200817;120000;45009.0000000;45105.0000000;44688.0000000;45105.0000000;225
SPFB.YNDF-9.20;60;20200817;130000;45105.0000000;45390.0000000;45012.0000000;45241.0000000;180
SPFB.YNDF-9.20;60;20200817;140000;45224.0000000;45290.0000000;45036.0000000;45038.0000000;546
SPFB.YNDF-9.20;60;20200817;150000;45150.0000000;45260.0000000;45045.0000000;45170.0000000;348
SPFB.YNDF-9.20;60;20200817;160000;45166.0000000;45190.0000000;45037.0000000;45117.0000000;144
SPFB.YNDF-9.20;60;20200817;170000;45040.0000000;45290.0000000;44700.0000000;44844.0000000;405
SPFB.YNDF-9.20;60;20200817;180000;44860.0000000;45485.0000000;44838.0000000;45485.0000000;621
SPFB.YNDF-9.20;60;20200817;190000;45448.0000000;45456.0000000;45020.0000000;45276.0000000;162
SPFB.YNDF-9.20;60;20200817;200000;45137.0000000;45804.0000000;44802.0000000;44860.0000000;154
SPFB.YNDF-9.20;60;20200817;210000;44804.0000000;44989.0000000;44750.0000000;44989.0000000;148
SPFB.YNDF-9.20;60;20200817;220000;44757.0000000;44950.0000000;44757.0000000;44949.0000000;24
SPFB.YNDF-9.20;60;20200817;230000;44932.0000000;44932.0000000;44865.0000000;44865.0000000;4
SPFB.YNDF-9.20;60;20200818;000000;44856.0000000;45100.0000000;44810.0000000;45100.0000000;18
SPFB.YNDF-9.20;60;20200818;110000;45188.0000000;45650.0000000;45080.0000000;45501.0000000;738
SPFB.YNDF-9.20;60;20200818;120000;45451.0000000;45452.0000000;45200.0000000;45400.0000000;207
SPFB.YNDF-9.20;60;20200818;130000;45425.0000000;45425.0000000;44970.0000000;45122.0000000;152
SPFB.YNDF-9.20;60;20200818;140000;45122.0000000;45250.0000000;45122.0000000;45200.0000000;40
SPFB.YNDF-9.20;60;20200818;150000;45139.0000000;45203.0000000;44947.0000000;45200.0000000;145
SPFB.YNDF-9.20;60;20200818;160000;45150.0000000;45270.0000000;45104.0000000;45270.0000000;51
SPFB.YNDF-9.20;60;20200818;170000;45290.0000000;45345.0000000;44800.0000000;45015.0000000;139
SPFB.YNDF-9.20;60;20200818;180000;45033.0000000;45172.0000000;44956.0000000;44956.0000000;29
SPFB.YNDF-9.20;60;20200818;190000;44900.0000000;45003.0000000;44800.0000000;44900.0000000;154
SPFB.YNDF-9.20;60;20200818;200000;45098.0000000;45100.0000000;44852.0000000;45056.0000000;25
SPFB.YNDF-9.20;60;20200818;210000;45120.0000000;45299.0000000;45073.0000000;45131.0000000;132
SPFB.YNDF-9.20;60;20200818;220000;45283.0000000;45300.0000000;45138.0000000;45300.0000000;16
SPFB.YNDF-9.20;60;20200818;230000;45242.0000000;45257.0000000;45100.0000000;45100.0000000;14
SPFB.YNDF-9.20;60;20200819;000000;45165.0000000;45190.0000000;45100.0000000;45101.0000000;21
SPFB.YNDF-9.20;60;20200819;110000;45200.0000000;45775.0000000;45200.0000000;45582.0000000;620
SPFB.YNDF-9.20;60;20200819;120000;45580.0000000;45955.0000000;45502.0000000;45865.0000000;454
SPFB.YNDF-9.20;60;20200819;130000;45881.0000000;46148.0000000;45736.0000000;46097.0000000;632
SPFB.YNDF-9.20;60;20200819;140000;46052.0000000;46100.0000000;45850.0000000;45867.0000000;258
SPFB.YNDF-9.20;60;20200819;150000;45850.0000000;46026.0000000;45850.0000000;46025.0000000;154
SPFB.YNDF-9.20;60;20200819;160000;46025.0000000;46076.0000000;45850.0000000;46044.0000000;227
SPFB.YNDF-9.20;60;20200819;170000;46049.0000000;46049.0000000;45500.0000000;45500.0000000;913
SPFB.YNDF-9.20;60;20200819;180000;45650.0000000;45988.0000000;45584.0000000;45988.0000000;279
SPFB.YNDF-9.20;60;20200819;190000;45816.0000000;46050.0000000;45816.0000000;46050.0000000;33
SPFB.YNDF-9.20;60;20200819;200000;46086.0000000;46276.0000000;45831.0000000;46062.0000000;96
SPFB.YNDF-9.20;60;20200819;210000;46061.0000000;46061.0000000;45920.0000000;46000.0000000;38
SPFB.YNDF-9.20;60;20200819;220000;45970.0000000;46076.0000000;45801.0000000;45900.0000000;81
SPFB.YNDF-9.20;60;20200819;230000;46000.0000000;46150.0000000;45936.0000000;46050.0000000;32
SPFB.YNDF-9.20;60;20200820;000000;46049.0000000;46359.0000000;45900.0000000;46359.0000000;296
SPFB.YNDF-9.20;60;20200820;110000;46359.0000000;47028.0000000;46074.0000000;46930.0000000;999
SPFB.YNDF-9.20;60;20200820;120000;46944.0000000;47028.0000000;46507.0000000;46751.0000000;538
SPFB.YNDF-9.20;60;20200820;130000;46788.0000000;46936.0000000;46714.0000000;46800.0000000;235
SPFB.YNDF-9.20;60;20200820;140000;46908.0000000;47156.0000000;46750.0000000;47030.0000000;712
SPFB.YNDF-9.20;60;20200820;150000;47030.0000000;47670.0000000;46919.0000000;47400.0000000;448
SPFB.YNDF-9.20;60;20200820;160000;47400.0000000;47670.0000000;47156.0000000;47275.0000000;361
SPFB.YNDF-9.20;60;20200820;170000;47320.0000000;47372.0000000;46638.0000000;47096.0000000;780
SPFB.YNDF-9.20;60;20200820;180000;47051.0000000;47098.0000000;46745.0000000;47086.0000000;144
SPFB.YNDF-9.20;60;20200820;190000;47085.0000000;47199.0000000;46818.0000000;46996.0000000;144
SPFB.YNDF-9.20;60;20200820;200000;47001.0000000;47001.0000000;46700.0000000;46840.0000000;291
SPFB.YNDF-9.20;60;20200820;210000;46840.0000000;47090.0000000;46375.0000000;46460.0000000;360
SPFB.YNDF-9.20;60;20200820;220000;46460.0000000;46599.0000000;46296.0000000;46590.0000000;353
SPFB.YNDF-9.20;60;20200820;230000;46645.0000000;47198.0000000;46645.0000000;47198.0000000;151
SPFB.YNDF-9.20;60;20200821;000000;47101.0000000;47250.0000000;47031.0000000;47099.0000000;66
SPFB.YNDF-9.20;60;20200821;110000;47284.0000000;48338.0000000;47284.0000000;48049.0000000;2483
SPFB.YNDF-9.20;60;20200821;120000;48012.0000000;48303.0000000;47890.0000000;48248.0000000;617
SPFB.YNDF-9.20;60;20200821;130000;48118.0000000;48308.0000000;48001.0000000;48148.0000000;348
SPFB.YNDF-9.20;60;20200821;140000;48150.0000000;48300.0000000;48050.0000000;48050.0000000;311
SPFB.YNDF-9.20;60;20200821;150000;48050.0000000;48156.0000000;47555.0000000;47601.0000000;470
SPFB.YNDF-9.20;60;20200821;160000;47590.0000000;47846.0000000;47443.0000000;47645.0000000;363
SPFB.YNDF-9.20;60;20200821;170000;47596.0000000;47969.0000000;47450.0000000;47702.0000000;239
SPFB.YNDF-9.20;60;20200821;180000;47721.0000000;48061.0000000;47677.0000000;48028.0000000;224
SPFB.YNDF-9.20;60;20200821;190000;48020.0000000;48020.0000000;47625.0000000;47888.0000000;261
SPFB.YNDF-9.20;60;20200821;200000;47680.0000000;47990.0000000;47350.0000000;47701.0000000;65
SPFB.YNDF-9.20;60;20200821;210000;47803.0000000;48032.0000000;47620.0000000;47620.0000000;202
SPFB.YNDF-9.20;60;20200821;220000;47696.0000000;47995.0000000;47620.0000000;47963.0000000;55
SPFB.YNDF-9.20;60;20200821;230000;47946.0000000;47960.0000000;47621.0000000;47678.0000000;89
SPFB.YNDF-9.20;60;20200822;000000;47843.0000000;47929.0000000;47610.0000000;47929.0000000;83
SPFB.YNDF-9.20;60;20200824;110000;47995.0000000;48748.0000000;47995.0000000;48450.0000000;627
SPFB.YNDF-9.20;60;20200824;120000;48500.0000000;48500.0000000;48045.0000000;48142.0000000;262
SPFB.YNDF-9.20;60;20200824;130000;48208.0000000;48210.0000000;47900.0000000;48064.0000000;255
SPFB.YNDF-9.20;60;20200824;140000;48011.0000000;48164.0000000;47850.0000000;48116.0000000;112
SPFB.YNDF-9.20;60;20200824;150000;48100.0000000;48375.0000000;47952.0000000;48310.0000000;144
SPFB.YNDF-9.20;60;20200824;160000;48201.0000000;48236.0000000;48057.0000000;48222.0000000;131
SPFB.YNDF-9.20;60;20200824;170000;48260.0000000;48650.0000000;48223.0000000;48590.0000000;456
SPFB.YNDF-9.20;60;20200824;180000;48590.0000000;48590.0000000;48260.0000000;48300.0000000;279
SPFB.YNDF-9.20;60;20200824;190000;48320.0000000;48430.0000000;48151.0000000;48151.0000000;160
SPFB.YNDF-9.20;60;20200824;200000;48422.0000000;48489.0000000;48350.0000000;48360.0000000;150
SPFB.YNDF-9.20;60;20200824;210000;48385.0000000;48500.0000000;48331.0000000;48500.0000000;110
SPFB.YNDF-9.20;60;20200824;220000;48500.0000000;48545.0000000;48480.0000000;48492.0000000;57
SPFB.YNDF-9.20;60;20200824;230000;48504.0000000;48840.0000000;48504.0000000;48683.0000000;127
SPFB.YNDF-9.20;60;20200825;000000;48744.0000000;49397.0000000;48744.0000000;49010.0000000;160
SPFB.YNDF-9.20;60;20200825;110000;49009.0000000;49509.0000000;48700.0000000;49470.0000000;1134
SPFB.YNDF-9.20;60;20200825;120000;49450.0000000;49666.0000000;49150.0000000;49610.0000000;836
SPFB.YNDF-9.20;60;20200825;130000;49572.0000000;49740.0000000;49460.0000000;49666.0000000;328
SPFB.YNDF-9.20;60;20200825;140000;49666.0000000;49890.0000000;49530.0000000;49890.0000000;314
SPFB.YNDF-9.20;60;20200825;150000;49890.0000000;49982.0000000;49750.0000000;49851.0000000;922
SPFB.YNDF-9.20;60;20200825;160000;49851.0000000;49899.0000000;49712.0000000;49760.0000000;406
SPFB.YNDF-9.20;60;20200825;170000;49787.0000000;49854.0000000;49400.0000000;49599.0000000;476
SPFB.YNDF-9.20;60;20200825;180000;49600.0000000;49970.0000000;49600.0000000;49824.0000000;1032
SPFB.YNDF-9.20;60;20200825;190000;49877.0000000;49963.0000000;49825.0000000;49963.0000000;475
SPFB.YNDF-9.20;60;20200825;200000;49965.0000000;49999.0000000;49873.0000000;49980.0000000;1427
SPFB.YNDF-9.20;60;20200825;210000;49980.0000000;50167.0000000;49980.0000000;50152.0000000;1048
SPFB.YNDF-9.20;60;20200825;220000;50150.0000000;50446.0000000;50090.0000000;50301.0000000;322
SPFB.YNDF-9.20;60;20200825;230000;50340.0000000;50512.0000000;50253.0000000;50328.0000000;537
SPFB.YNDF-9.20;60;20200826;000000;50466.0000000;50757.0000000;50408.0000000;50516.0000000;344
SPFB.YNDF-9.20;60;20200826;110000;50733.0000000;51111.0000000;50578.0000000;50941.0000000;2642
SPFB.YNDF-9.20;60;20200826;120000;50941.0000000;51100.0000000;50613.0000000;50989.0000000;1156
SPFB.YNDF-9.20;60;20200826;130000;51011.0000000;51196.0000000;50980.0000000;51122.0000000;577
SPFB.YNDF-9.20;60;20200826;140000;51119.0000000;51159.0000000;50081.0000000;50391.0000000;1575
SPFB.YNDF-9.20;60;20200826;150000;50389.0000000;50620.0000000;48300.0000000;49593.0000000;5003
SPFB.YNDF-9.20;60;20200826;160000;49676.0000000;49899.0000000;49200.0000000;49567.0000000;1159
SPFB.YNDF-9.20;60;20200826;170000;49571.0000000;50351.0000000;49454.0000000;50305.0000000;632
SPFB.YNDF-9.20;60;20200826;180000;50280.0000000;50433.0000000;49902.0000000;50200.0000000;571
SPFB.YNDF-9.20;60;20200826;190000;50200.0000000;50292.0000000;49765.0000000;50160.0000000;409
SPFB.YNDF-9.20;60;20200826;200000;49867.0000000;50111.0000000;49776.0000000;49776.0000000;176
SPFB.YNDF-9.20;60;20200826;210000;49753.0000000;49776.0000000;49600.0000000;49776.0000000;177
SPFB.YNDF-9.20;60;20200826;220000;49800.0000000;49800.0000000;49234.0000000;49280.0000000;242
SPFB.YNDF-9.20;60;20200826;230000;49256.0000000;49550.0000000;49255.0000000;49550.0000000;167
SPFB.YNDF-9.20;60;20200827;000000;49565.0000000;49803.0000000;49502.0000000;49800.0000000;271
SPFB.YNDF-9.20;60;20200827;110000;49823.0000000;50222.0000000;49330.0000000;49637.0000000;888
SPFB.YNDF-9.20;60;20200827;120000;49621.0000000;49621.0000000;49133.0000000;49420.0000000;718
SPFB.YNDF-9.20;60;20200827;130000;49480.0000000;49480.0000000;48850.0000000;49100.0000000;1455
SPFB.YNDF-9.20;60;20200827;140000;49145.0000000;49500.0000000;49121.0000000;49375.0000000;277
SPFB.YNDF-9.20;60;20200827;150000;49375.0000000;49434.0000000;49150.0000000;49200.0000000;148
SPFB.YNDF-9.20;60;20200827;160000;49188.0000000;49350.0000000;49120.0000000;49282.0000000;166
SPFB.YNDF-9.20;60;20200827;170000;49300.0000000;49450.0000000;48401.0000000;48624.0000000;1054
SPFB.YNDF-9.20;60;20200827;180000;48502.0000000;48898.0000000;48271.0000000;48845.0000000;588
SPFB.YNDF-9.20;60;20200827;190000;48845.0000000;48950.0000000;48501.0000000;48713.0000000;192
SPFB.YNDF-9.20;60;20200827;200000;48581.0000000;48581.0000000;48001.0000000;48145.0000000;458
SPFB.YNDF-9.20;60;20200827;210000;48169.0000000;48437.0000000;48008.0000000;48437.0000000;187
SPFB.YNDF-9.20;60;20200827;220000;48437.0000000;48799.0000000;48437.0000000;48535.0000000;204
SPFB.YNDF-9.20;60;20200827;230000;48491.0000000;48704.0000000;48437.0000000;48437.0000000;46
SPFB.YNDF-9.20;60;20200828;000000;48437.0000000;48533.0000000;48408.0000000;48451.0000000;31
SPFB.YNDF-9.20;60;20200828;110000;48471.0000000;48669.0000000;47697.0000000;47900.0000000;767
SPFB.YNDF-9.20;60;20200828;120000;47900.0000000;48064.0000000;47753.0000000;47930.0000000;289
SPFB.YNDF-9.20;60;20200828;130000;47802.0000000;48449.0000000;47700.0000000;48352.0000000;345
SPFB.YNDF-9.20;60;20200828;140000;48345.0000000;48500.0000000;48231.0000000;48281.0000000;267
SPFB.YNDF-9.20;60;20200828;150000;48375.0000000;48714.0000000;48301.0000000;48700.0000000;339
SPFB.YNDF-9.20;60;20200828;160000;48730.0000000;49284.0000000;48627.0000000;48928.0000000;810
SPFB.YNDF-9.20;60;20200828;170000;48941.0000000;49051.0000000;48546.0000000;48926.0000000;209
SPFB.YNDF-9.20;60;20200828;180000;48929.0000000;49385.0000000;48752.0000000;48905.0000000;544
SPFB.YNDF-9.20;60;20200828;190000;48898.0000000;48999.0000000;48701.0000000;48853.0000000;104
SPFB.YNDF-9.20;60;20200828;200000;48674.0000000;48705.0000000;48305.0000000;48491.0000000;278
SPFB.YNDF-9.20;60;20200828;210000;48608.0000000;48662.0000000;48213.0000000;48559.0000000;177
SPFB.YNDF-9.20;60;20200828;220000;48510.0000000;48583.0000000;48455.0000000;48455.0000000;119
SPFB.YNDF-9.20;60;20200828;230000;48401.0000000;48699.0000000;48310.0000000;48466.0000000;85
SPFB.YNDF-9.20;60;20200829;000000;48516.0000000;48652.0000000;48484.0000000;48580.0000000;173
SPFB.YNDF-9.20;60;20200831;110000;48600.0000000;49650.0000000;48600.0000000;49455.0000000;1434
SPFB.YNDF-9.20;60;20200831;120000;49498.0000000;50310.0000000;49433.0000000;50300.0000000;1615
SPFB.YNDF-9.20;60;20200831;130000;50300.0000000;50588.0000000;49977.0000000;50262.0000000;1675
SPFB.YNDF-9.20;60;20200831;140000;50262.0000000;50829.0000000;50200.0000000;50829.0000000;1149
SPFB.YNDF-9.20;60;20200831;150000;50841.0000000;50980.0000000;50440.0000000;50646.0000000;2397
SPFB.YNDF-9.20;60;20200831;160000;50645.0000000;50946.0000000;50510.0000000;50868.0000000;514
SPFB.YNDF-9.20;60;20200831;170000;50860.0000000;50920.0000000;49500.0000000;50133.0000000;2374
SPFB.YNDF-9.20;60;20200831;180000;50133.0000000;50475.0000000;49626.0000000;49900.0000000;876
SPFB.YNDF-9.20;60;20200831;190000;49900.0000000;50540.0000000;49700.0000000;50535.0000000;1175
SPFB.YNDF-9.20;60;20200831;200000;50534.0000000;51499.0000000;50350.0000000;51100.0000000;2338
SPFB.YNDF-9.20;60;20200831;210000;51174.0000000;51300.0000000;50845.0000000;50845.0000000;444
SPFB.YNDF-9.20;60;20200831;220000;50845.0000000;50989.0000000;50650.0000000;50840.0000000;772
SPFB.YNDF-9.20;60;20200831;230000;50810.0000000;50900.0000000;50651.0000000;50699.0000000;279
SPFB.YNDF-9.20;60;20200901;000000;50670.0000000;50910.0000000;50670.0000000;50810.0000000;184
SPFB.YNDF-9.20;60;20200901;110000;50810.0000000;51482.0000000;50000.0000000;50962.0000000;2180
SPFB.YNDF-9.20;60;20200901;120000;50953.0000000;51490.0000000;50953.0000000;51403.0000000;1981
SPFB.YNDF-9.20;60;20200901;130000;51449.0000000;51797.0000000;51300.0000000;51500.0000000;902
SPFB.YNDF-9.20;60;20200901;140000;51499.0000000;51604.0000000;51237.0000000;51322.0000000;491
SPFB.YNDF-9.20;60;20200901;150000;51321.0000000;51674.0000000;51200.0000000;51548.0000000;358
SPFB.YNDF-9.20;60;20200901;160000;51546.0000000;51653.0000000;50981.0000000;51100.0000000;466
SPFB.YNDF-9.20;60;20200901;170000;51146.0000000;51380.0000000;50400.0000000;50724.0000000;1511
SPFB.YNDF-9.20;60;20200901;180000;50800.0000000;51050.0000000;50250.0000000;50278.0000000;895
SPFB.YNDF-9.20;60;20200901;190000;50300.0000000;50350.0000000;50001.0000000;50130.0000000;770
SPFB.YNDF-9.20;60;20200901;200000;50130.0000000;50250.0000000;49887.0000000;50171.0000000;599
SPFB.YNDF-9.20;60;20200901;210000;50145.0000000;50286.0000000;49902.0000000;50060.0000000;414
SPFB.YNDF-9.20;60;20200901;220000;50012.0000000;50150.0000000;49959.0000000;50120.0000000;307
SPFB.YNDF-9.20;60;20200901;230000;50149.0000000;50200.0000000;50149.0000000;50178.0000000;148
SPFB.YNDF-9.20;60;20200902;000000;50180.0000000;50437.0000000;49802.0000000;50386.0000000;268
SPFB.YNDF-9.20;60;20200902;110000;50499.0000000;51188.0000000;50472.0000000;51100.0000000;1978
SPFB.YNDF-9.20;60;20200902;120000;51000.0000000;51074.0000000;50805.0000000;50964.0000000;230
SPFB.YNDF-9.20;60;20200902;130000;50963.0000000;51139.0000000;50777.0000000;50865.0000000;408
SPFB.YNDF-9.20;60;20200902;140000;50863.0000000;51000.0000000;50605.0000000;50898.0000000;437
SPFB.YNDF-9.20;60;20200902;150000;50835.0000000;50900.0000000;50575.0000000;50575.0000000;609
SPFB.YNDF-9.20;60;20200902;160000;50610.0000000;50699.0000000;50383.0000000;50675.0000000;420
SPFB.YNDF-9.20;60;20200902;170000;50626.0000000;50959.0000000;50350.0000000;50366.0000000;546
SPFB.YNDF-9.20;60;20200902;180000;50374.0000000;50535.0000000;49902.0000000;50111.0000000;1674
SPFB.YNDF-9.20;60;20200902;190000;50121.0000000;50253.0000000;49300.0000000;49516.0000000;1456
SPFB.YNDF-9.20;60;20200902;200000;49516.0000000;50018.0000000;49290.0000000;49908.0000000;875
SPFB.YNDF-9.20;60;20200902;210000;49999.0000000;50249.0000000;49908.0000000;50189.0000000;594
SPFB.YNDF-9.20;60;20200902;220000;50180.0000000;50486.0000000;50022.0000000;50400.0000000;817
SPFB.YNDF-9.20;60;20200902;230000;50396.0000000;50884.0000000;50396.0000000;50851.0000000;782
SPFB.YNDF-9.20;60;20200903;000000;50845.0000000;50851.0000000;50552.0000000;50812.0000000;274
SPFB.YNDF-9.20;60;20200903;110000;50750.0000000;51078.0000000;50495.0000000;50850.0000000;1407
SPFB.YNDF-9.20;60;20200903;120000;50854.0000000;50920.0000000;50752.0000000;50800.0000000;270
SPFB.YNDF-9.20;60;20200903;130000;50772.0000000;50797.0000000;50250.0000000;50460.0000000;666
SPFB.YNDF-9.20;60;20200903;140000;50427.0000000;50592.0000000;50132.0000000;50545.0000000;584
SPFB.YNDF-9.20;60;20200903;150000;50545.0000000;50546.0000000;50270.0000000;50370.0000000;341
SPFB.YNDF-9.20;60;20200903;160000;50354.0000000;50407.0000000;50087.0000000;50150.0000000;358
SPFB.YNDF-9.20;60;20200903;170000;50099.0000000;50207.0000000;49302.0000000;49957.0000000;2055
SPFB.YNDF-9.20;60;20200903;180000;49963.0000000;50162.0000000;49053.0000000;49629.0000000;2183
SPFB.YNDF-9.20;60;20200903;190000;49774.0000000;49929.0000000;49417.0000000;49870.0000000;761
SPFB.YNDF-9.20;60;20200903;200000;49607.0000000;49680.0000000;49200.0000000;49250.0000000;534
SPFB.YNDF-9.20;60;20200903;210000;49249.0000000;49500.0000000;49121.0000000;49250.0000000;411
SPFB.YNDF-9.20;60;20200903;220000;49260.0000000;49839.0000000;49076.0000000;49095.0000000;572
SPFB.YNDF-9.20;60;20200903;230000;49104.0000000;49105.0000000;48750.0000000;49096.0000000;1355
SPFB.YNDF-9.20;60;20200904;000000;49136.0000000;49232.0000000;49110.0000000;49226.0000000;181
SPFB.YNDF-9.20;60;20200904;110000;49130.0000000;49851.0000000;48803.0000000;49747.0000000;2634
SPFB.YNDF-9.20;60;20200904;120000;49758.0000000;49938.0000000;49586.0000000;49712.0000000;1046
SPFB.YNDF-9.20;60;20200904;130000;49712.0000000;49831.0000000;49375.0000000;49664.0000000;775
SPFB.YNDF-9.20;60;20200904;140000;49749.0000000;49800.0000000;49558.0000000;49793.0000000;233
SPFB.YNDF-9.20;60;20200904;150000;49750.0000000;49793.0000000;49305.0000000;49409.0000000;478
SPFB.YNDF-9.20;60;20200904;160000;49443.0000000;49699.0000000;49358.0000000;49690.0000000;342
SPFB.YNDF-9.20;60;20200904;170000;49667.0000000;49775.0000000;48708.0000000;48840.0000000;1219
SPFB.YNDF-9.20;60;20200904;180000;48780.0000000;48922.0000000;47738.0000000;48399.0000000;3321
SPFB.YNDF-9.20;60;20200904;190000;48399.0000000;48535.0000000;48042.0000000;48413.0000000;854
SPFB.YNDF-9.20;60;20200904;200000;48499.0000000;48700.0000000;48193.0000000;48450.0000000;906
SPFB.YNDF-9.20;60;20200904;210000;48422.0000000;48422.0000000;48110.0000000;48314.0000000;446
SPFB.YNDF-9.20;60;20200904;220000;48220.0000000;48509.0000000;48151.0000000;48509.0000000;355
SPFB.YNDF-9.20;60;20200904;230000;48496.0000000;48930.0000000;48480.0000000;48700.0000000;464
SPFB.YNDF-9.20;60;20200905;000000;48784.0000000;48950.0000000;48608.0000000;48919.0000000;178
SPFB.YNDF-9.20;60;20200907;110000;48600.0000000;48959.0000000;48170.0000000;48460.0000000;944
SPFB.YNDF-9.20;60;20200907;120000;48518.0000000;48864.0000000;48494.0000000;48749.0000000;559
SPFB.YNDF-9.20;60;20200907;130000;48749.0000000;48797.0000000;48585.0000000;48672.0000000;127
SPFB.YNDF-9.20;60;20200907;140000;48672.0000000;49190.0000000;48664.0000000;49056.0000000;422
SPFB.YNDF-9.20;60;20200907;150000;49015.0000000;49214.0000000;48969.0000000;49110.0000000;552
SPFB.YNDF-9.20;60;20200907;160000;49082.0000000;49362.0000000;48950.0000000;49235.0000000;383
SPFB.YNDF-9.20;60;20200907;170000;49200.0000000;49400.0000000;48970.0000000;49400.0000000;496
SPFB.YNDF-9.20;60;20200907;180000;49380.0000000;49803.0000000;49360.0000000;49752.0000000;576
SPFB.YNDF-9.20;60;20200907;190000;49781.0000000;50000.0000000;49781.0000000;49792.0000000;608
SPFB.YNDF-9.20;60;20200907;200000;49800.0000000;49987.0000000;49674.0000000;49764.0000000;255
SPFB.YNDF-9.20;60;20200907;210000;49720.0000000;49782.0000000;49650.0000000;49690.0000000;67
SPFB.YNDF-9.20;60;20200907;220000;49700.0000000;49736.0000000;49666.0000000;49710.0000000;128
SPFB.YNDF-9.20;60;20200907;230000;49708.0000000;49720.0000000;49652.0000000;49694.0000000;49
SPFB.YNDF-9.20;60;20200908;000000;49699.0000000;49800.0000000;49652.0000000;49800.0000000;88
SPFB.YNDF-9.20;60;20200908;110000;49839.0000000;50369.0000000;49780.0000000;49900.0000000;2276
SPFB.YNDF-9.20;60;20200908;120000;49847.0000000;49870.0000000;49018.0000000;49100.0000000;2019
SPFB.YNDF-9.20;60;20200908;130000;49134.0000000;49134.0000000;48701.0000000;48800.0000000;540
SPFB.YNDF-9.20;60;20200908;140000;48800.0000000;49110.0000000;48420.0000000;48774.0000000;1240
SPFB.YNDF-9.20;60;20200908;150000;48741.0000000;48829.0000000;48083.0000000;48196.0000000;781
SPFB.YNDF-9.20;60;20200908;160000;48250.0000000;48350.0000000;47711.0000000;48000.0000000;1202
SPFB.YNDF-9.20;60;20200908;170000;47928.0000000;48047.0000000;47070.0000000;47712.0000000;2113
SPFB.YNDF-9.20;60;20200908;180000;47600.0000000;47964.0000000;47388.0000000;47700.0000000;1558
SPFB.YNDF-9.20;60;20200908;190000;47650.0000000;47780.0000000;47400.0000000;47400.0000000;851
SPFB.YNDF-9.20;60;20200908;200000;47351.0000000;47500.0000000;47125.0000000;47264.0000000;580
SPFB.YNDF-9.20;60;20200908;210000;47241.0000000;47438.0000000;47045.0000000;47350.0000000;167
SPFB.YNDF-9.20;60;20200908;220000;47356.0000000;47356.0000000;46664.0000000;46814.0000000;1014
SPFB.YNDF-9.20;60;20200908;230000;46814.0000000;47077.0000000;46705.0000000;46746.0000000;780
SPFB.YNDF-9.20;60;20200909;000000;46802.0000000;46987.0000000;46695.0000000;46766.0000000;466
SPFB.YNDF-9.20;60;20200909;110000;46760.0000000;47650.0000000;46549.0000000;47529.0000000;2724
SPFB.YNDF-9.20;60;20200909;120000;47502.0000000;47530.0000000;47010.0000000;47220.0000000;727
SPFB.YNDF-9.20;60;20200909;130000;47220.0000000;47297.0000000;46770.0000000;47105.0000000;577
SPFB.YNDF-9.20;60;20200909;140000;47071.0000000;47215.0000000;46874.0000000;47008.0000000;183
SPFB.YNDF-9.20;60;20200909;150000;46957.0000000;47300.0000000;46850.0000000;47126.0000000;444
SPFB.YNDF-9.20;60;20200909;160000;47150.0000000;47253.0000000;46973.0000000;47047.0000000;390
SPFB.YNDF-9.20;60;20200909;170000;47050.0000000;47350.0000000;46801.0000000;47041.0000000;643
SPFB.YNDF-9.20;60;20200909;180000;47083.0000000;47310.0000000;46930.0000000;47087.0000000;458
SPFB.YNDF-9.20;60;20200909;190000;47071.0000000;47227.0000000;47000.0000000;47151.0000000;497
SPFB.YNDF-9.20;60;20200909;200000;47050.0000000;47200.0000000;47031.0000000;47191.0000000;201
SPFB.YNDF-9.20;60;20200909;210000;47169.0000000;47190.0000000;47031.0000000;47074.0000000;161
SPFB.YNDF-9.20;60;20200909;220000;47074.0000000;47245.0000000;47021.0000000;47195.0000000;85
SPFB.YNDF-9.20;60;20200909;230000;47189.0000000;47323.0000000;47125.0000000;47245.0000000;434
SPFB.YNDF-9.20;60;20200910;000000;47262.0000000;47477.0000000;47219.0000000;47476.0000000;163
SPFB.YNDF-9.20;60;20200910;110000;47395.0000000;47808.0000000;46901.0000000;46966.0000000;2352
SPFB.YNDF-9.20;60;20200910;120000;46988.0000000;47000.0000000;45917.0000000;46106.0000000;2022
SPFB.YNDF-9.20;60;20200910;130000;46139.0000000;46640.0000000;46080.0000000;46640.0000000;796
SPFB.YNDF-9.20;60;20200910;140000;46648.0000000;46754.0000000;46430.0000000;46532.0000000;559
SPFB.YNDF-9.20;60;20200910;150000;46531.0000000;46852.0000000;46451.0000000;46822.0000000;257
SPFB.YNDF-9.20;60;20200910;160000;46825.0000000;47268.0000000;46659.0000000;47150.0000000;804
SPFB.YNDF-9.20;60;20200910;170000;47248.0000000;47380.0000000;46928.0000000;47076.0000000;1653
SPFB.YNDF-9.20;60;20200910;180000;47100.0000000;47268.0000000;46831.0000000;46881.0000000;771
SPFB.YNDF-9.20;60;20200910;190000;46827.0000000;47080.0000000;46701.0000000;46999.0000000;186
SPFB.YNDF-9.20;60;20200910;200000;46800.0000000;46800.0000000;46358.0000000;46622.0000000;572
SPFB.YNDF-9.20;60;20200910;210000;46596.0000000;46657.0000000;46444.0000000;46450.0000000;457
SPFB.YNDF-9.20;60;20200910;220000;46427.0000000;46472.0000000;46121.0000000;46331.0000000;594
SPFB.YNDF-9.20;60;20200910;230000;46303.0000000;46303.0000000;45951.0000000;45982.0000000;564
SPFB.YNDF-9.20;60;20200911;000000;45990.0000000;46088.0000000;45912.0000000;46028.0000000;258
SPFB.YNDF-9.20;60;20200911;110000;46076.0000000;46449.0000000;45740.0000000;46285.0000000;2011
SPFB.YNDF-9.20;60;20200911;120000;46319.0000000;46699.0000000;46319.0000000;46537.0000000;755
SPFB.YNDF-9.20;60;20200911;130000;46536.0000000;46968.0000000;46519.0000000;46640.0000000;1069
SPFB.YNDF-9.20;60;20200911;140000;46663.0000000;46663.0000000;46280.0000000;46280.0000000;705
SPFB.YNDF-9.20;60;20200911;150000;46328.0000000;46725.0000000;46328.0000000;46600.0000000;371
SPFB.YNDF-9.20;60;20200911;160000;46617.0000000;46651.0000000;46320.0000000;46320.0000000;360
SPFB.YNDF-9.20;60;20200911;170000;46314.0000000;46700.0000000;46235.0000000;46376.0000000;730
SPFB.YNDF-9.20;60;20200911;180000;46377.0000000;46880.0000000;46300.0000000;46653.0000000;550
SPFB.YNDF-9.20;60;20200911;190000;46727.0000000;46983.0000000;46639.0000000;46755.0000000;135
SPFB.YNDF-9.20;60;20200914;110000;46904.0000000;47799.0000000;46900.0000000;47340.0000000;1324
SPFB.YNDF-9.20;60;20200914;120000;47340.0000000;47539.0000000;46908.0000000;47054.0000000;356
SPFB.YNDF-9.20;60;20200914;130000;47030.0000000;47126.0000000;46798.0000000;46858.0000000;299
SPFB.YNDF-9.20;60;20200914;140000;46864.0000000;47050.0000000;46663.0000000;46749.0000000;222
SPFB.YNDF-9.20;60;20200914;150000;46783.0000000;46884.0000000;46723.0000000;46730.0000000;71
SPFB.YNDF-9.20;60;20200914;160000;46730.0000000;47025.0000000;46705.0000000;46950.0000000;138
SPFB.YNDF-9.20;60;20200914;170000;46950.0000000;47299.0000000;46818.0000000;47071.0000000;311
SPFB.YNDF-9.20;60;20200914;180000;46956.0000000;47259.0000000;46950.0000000;47259.0000000;297
SPFB.YNDF-9.20;60;20200914;190000;47259.0000000;47378.0000000;47144.0000000;47226.0000000;206
SPFB.YNDF-9.20;60;20200914;200000;47250.0000000;47250.0000000;46949.0000000;47004.0000000;252
SPFB.YNDF-9.20;60;20200914;210000;47000.0000000;47077.0000000;46888.0000000;46946.0000000;192
SPFB.YNDF-9.20;60;20200914;220000;47058.0000000;47185.0000000;47026.0000000;47026.0000000;81
SPFB.YNDF-9.20;60;20200914;230000;47070.0000000;47252.0000000;47066.0000000;47177.0000000;74
SPFB.YNDF-9.20;60;20200915;000000;47230.0000000;47339.0000000;47163.0000000;47339.0000000;61
SPFB.YNDF-9.20;60;20200915;110000;47382.0000000;47395.0000000;47130.0000000;47268.0000000;223
SPFB.YNDF-9.20;60;20200915;120000;47304.0000000;47582.0000000;47258.0000000;47582.0000000;631
SPFB.YNDF-9.20;60;20200915;130000;47602.0000000;47904.0000000;47539.0000000;47699.0000000;563
SPFB.YNDF-9.20;60;20200915;140000;47649.0000000;47790.0000000;47622.0000000;47724.0000000;206
SPFB.YNDF-9.20;60;20200915;150000;47717.0000000;48084.0000000;47716.0000000;48084.0000000;983
SPFB.YNDF-9.20;60;20200915;160000;48083.0000000;48375.0000000;47950.0000000;48072.0000000;312
SPFB.YNDF-9.20;60;20200915;170000;48000.0000000;48149.0000000;47447.0000000;47520.0000000;2289
SPFB.YNDF-9.20;60;20200915;180000;47465.0000000;47537.0000000;46919.0000000;47072.0000000;1648
SPFB.YNDF-9.20;60;20200915;190000;47061.0000000;47299.0000000;47000.0000000;47000.0000000;384
SPFB.YNDF-9.20;60;20200915;200000;46987.0000000;47098.0000000;46119.0000000;46762.0000000;1691
SPFB.YNDF-9.20;60;20200915;210000;46810.0000000;46841.0000000;46511.0000000;46803.0000000;595
SPFB.YNDF-9.20;60;20200915;220000;46740.0000000;46885.0000000;46700.0000000;46876.0000000;755
SPFB.YNDF-9.20;60;20200915;230000;46790.0000000;46790.0000000;46612.0000000;46733.0000000;114
SPFB.YNDF-9.20;60;20200916;000000;46730.0000000;46877.0000000;46608.0000000;46877.0000000;63
SPFB.YNDF-9.20;60;20200916;110000;46889.0000000;47199.0000000;46433.0000000;46670.0000000;838
SPFB.YNDF-9.20;60;20200916;120000;46700.0000000;47060.0000000;46700.0000000;46867.0000000;195
SPFB.YNDF-9.20;60;20200916;130000;46880.0000000;47036.0000000;46727.0000000;46739.0000000;283
SPFB.YNDF-9.20;60;20200916;140000;46765.0000000;46765.0000000;46335.0000000;46460.0000000;820
SPFB.YNDF-9.20;60;20200916;150000;46460.0000000;46474.0000000;46353.0000000;46400.0000000;540
SPFB.YNDF-9.20;60;20200916;160000;46400.0000000;46626.0000000;46400.0000000;46626.0000000;397
SPFB.YNDF-9.20;60;20200916;170000;46521.0000000;46603.0000000;46210.0000000;46540.0000000;228
SPFB.YNDF-9.20;60;20200916;180000;46541.0000000;46579.0000000;46248.0000000;46424.0000000;110
SPFB.YNDF-9.20;60;20200916;190000;46481.0000000;46728.0000000;46481.0000000;46570.0000000;186
SPFB.YNDF-9.20;60;20200916;200000;46534.0000000;46629.0000000;46482.0000000;46622.0000000;140
SPFB.YNDF-9.20;60;20200916;210000;46622.0000000;46622.0000000;46550.0000000;46562.0000000;21
SPFB.YNDF-9.20;60;20200916;220000;46617.0000000;46729.0000000;46555.0000000;46574.0000000;119
SPFB.YNDF-9.20;60;20200916;230000;46555.0000000;46555.0000000;46125.0000000;46200.0000000;250
SPFB.YNDF-9.20;60;20200917;000000;46268.0000000;46441.0000000;46235.0000000;46441.0000000;144
SPFB.YNDF-9.20;60;20200917;110000;46165.0000000;46165.0000000;45425.0000000;45785.0000000;1212
SPFB.YNDF-9.20;60;20200917;120000;45785.0000000;45865.0000000;45570.0000000;45600.0000000;1323
SPFB.YNDF-9.20;60;20200917;130000;45555.0000000;45717.0000000;45550.0000000;45703.0000000;115
SPFB.YNDF-9.20;60;20200917;140000;45702.0000000;45908.0000000;45649.0000000;45726.0000000;508
SPFB.YNDF-9.20;60;20200917;150000;45700.0000000;45700.0000000;45444.0000000;45444.0000000;401
SPFB.YNDF-9.20;60;20200917;160000;45502.0000000;45727.0000000;45292.0000000;45551.0000000;444
SPFB.YNDF-9.20;60;20200917;170000;45550.0000000;45550.0000000;44848.0000000;45200.0000000;397
SPFB.YNDF-9.20;60;20200917;180000;45430.0000000;45607.0000000;45111.0000000;45499.0000000;70
SPFB.YNDF-9.20;60;20200917;190000;45535.0000000;45777.0000000;45530.0000000;45530.0000000;236
