<TICKER>;<PER>;<DATE>;<TIME>;<OPEN>;<HIGH>;<LOW>;<CLOSE>;<VOL>
SPFB.ROSN-6.21;60;20200721;230000;40793.0000000;40793.0000000;40793.0000000;40793.0000000;1
SPFB.ROSN-6.21;60;20200727;130000;39715.0000000;40807.0000000;36000.0000000;40807.0000000;6
SPFB.ROSN-6.21;60;20200729;130000;37996.0000000;37996.0000000;37996.0000000;37996.0000000;2
SPFB.ROSN-6.21;60;20200729;220000;35495.0000000;35495.0000000;35085.0000000;35085.0000000;2
SPFB.ROSN-6.21;60;20200807;110000;36200.0000000;36200.0000000;36200.0000000;36200.0000000;1
SPFB.ROSN-6.21;60;20200814;230000;38900.0000000;38900.0000000;38900.0000000;38900.0000000;1
SPFB.ROSN-6.21;60;20200902;180000;36080.0000000;38700.0000000;36080.0000000;38700.0000000;6
SPFB.ROSN-6.21;60;20201118;160000;45659.0000000;45659.0000000;45659.0000000;45659.0000000;1
SPFB.ROSN-6.21;60;20201119;120000;44203.0000000;44203.0000000;44203.0000000;44203.0000000;1
SPFB.ROSN-6.21;60;20201119;130000;44203.0000000;44203.0000000;44203.0000000;44203.0000000;1
SPFB.ROSN-6.21;60;20201124;110000;46700.0000000;46700.0000000;46700.0000000;46700.0000000;1
SPFB.ROSN-6.21;60;20201210;000000;43644.0000000;43701.0000000;43644.0000000;43701.0000000;2
SPFB.ROSN-6.21;60;20201214;170000;45886.0000000;45886.0000000;45886.0000000;45886.0000000;1
SPFB.ROSN-6.21;60;20201215;190000;45669.0000000;45669.0000000;45669.0000000;45669.0000000;1
SPFB.ROSN-6.21;60;20201221;180000;42780.0000000;42780.0000000;42780.0000000;42780.0000000;1
SPFB.ROSN-6.21;60;20201228;190000;44180.0000000;44180.0000000;44180.0000000;44180.0000000;1
SPFB.ROSN-6.21;60;20210104;220000;43636.0000000;43636.0000000;43636.0000000;43636.0000000;1
SPFB.ROSN-6.21;60;20210104;230000;43870.0000000;43870.0000000;43870.0000000;43870.0000000;1
SPFB.ROSN-6.21;60;20210105;170000;44314.0000000;44314.0000000;44314.0000000;44314.0000000;1
SPFB.ROSN-6.21;60;20210105;190000;45068.0000000;45068.0000000;45068.0000000;45068.0000000;1
SPFB.ROSN-6.21;60;20210106;150000;45392.0000000;45392.0000000;45392.0000000;45392.0000000;1
SPFB.ROSN-6.21;60;20210108;170000;47920.0000000;47920.0000000;47920.0000000;47920.0000000;1
SPFB.ROSN-6.21;60;20210111;180000;47281.0000000;47281.0000000;47200.0000000;47200.0000000;2
SPFB.ROSN-6.21;60;20210113;140000;49204.0000000;49204.0000000;49204.0000000;49204.0000000;1
SPFB.ROSN-6.21;60;20210113;170000;48950.0000000;48950.0000000;48950.0000000;48950.0000000;1
SPFB.ROSN-6.21;60;20210113;190000;48911.0000000;48950.0000000;48911.0000000;48950.0000000;2
SPFB.ROSN-6.21;60;20210114;110000;48800.0000000;48800.0000000;48800.0000000;48800.0000000;1
SPFB.ROSN-6.21;60;20210114;160000;49942.0000000;50167.0000000;49942.0000000;50164.0000000;6
SPFB.ROSN-6.21;60;20210114;170000;50235.0000000;50235.0000000;50100.0000000;50100.0000000;2
SPFB.ROSN-6.21;60;20210114;180000;50239.0000000;50239.0000000;50239.0000000;50239.0000000;1
SPFB.ROSN-6.21;60;20210114;210000;50348.0000000;50348.0000000;50346.0000000;50346.0000000;5
SPFB.ROSN-6.21;60;20210115;170000;50600.0000000;50600.0000000;50600.0000000;50600.0000000;6
SPFB.ROSN-6.21;60;20210115;180000;50804.0000000;51226.0000000;50801.0000000;51226.0000000;18
SPFB.ROSN-6.21;60;20210115;190000;51200.0000000;51352.0000000;51133.0000000;51133.0000000;4
SPFB.ROSN-6.21;60;20210115;200000;50505.0000000;50505.0000000;50505.0000000;50505.0000000;17
SPFB.ROSN-6.21;60;20210118;120000;50500.0000000;50500.0000000;50500.0000000;50500.0000000;3
SPFB.ROSN-6.21;60;20210118;190000;51478.0000000;51478.0000000;51478.0000000;51478.0000000;1
SPFB.ROSN-6.21;60;20210119;110000;51763.0000000;52000.0000000;51763.0000000;52000.0000000;4
SPFB.ROSN-6.21;60;20210119;130000;50995.0000000;51003.0000000;50995.0000000;51003.0000000;2
SPFB.ROSN-6.21;60;20210119;170000;50815.0000000;50817.0000000;50815.0000000;50817.0000000;2
SPFB.ROSN-6.21;60;20210119;180000;50991.0000000;50991.0000000;50991.0000000;50991.0000000;14
SPFB.ROSN-6.21;60;20210120;170000;50949.0000000;50949.0000000;50949.0000000;50949.0000000;1
SPFB.ROSN-6.21;60;20210120;210000;50916.0000000;50922.0000000;50916.0000000;50922.0000000;2
SPFB.ROSN-6.21;60;20210121;180000;50000.0000000;50000.0000000;50000.0000000;50000.0000000;1
SPFB.ROSN-6.21;60;20210122;120000;48988.0000000;48988.0000000;48698.0000000;48698.0000000;3
SPFB.ROSN-6.21;60;20210122;140000;48759.0000000;48759.0000000;48728.0000000;48728.0000000;3
SPFB.ROSN-6.21;60;20210122;180000;48976.0000000;48977.0000000;48976.0000000;48977.0000000;4
SPFB.ROSN-6.21;60;20210125;110000;49700.0000000;49700.0000000;49700.0000000;49700.0000000;1
SPFB.ROSN-6.21;60;20210125;180000;49096.0000000;49096.0000000;49096.0000000;49096.0000000;1
SPFB.ROSN-6.21;60;20210126;000000;49325.0000000;49325.0000000;49325.0000000;49325.0000000;1
SPFB.ROSN-6.21;60;20210126;110000;49156.0000000;49156.0000000;49137.0000000;49137.0000000;3
SPFB.ROSN-6.21;60;20210126;130000;49350.0000000;49523.0000000;49350.0000000;49523.0000000;4
SPFB.ROSN-6.21;60;20210126;180000;49100.0000000;49100.0000000;49100.0000000;49100.0000000;2
SPFB.ROSN-6.21;60;20210127;150000;48950.0000000;48950.0000000;48950.0000000;48950.0000000;4
SPFB.ROSN-6.21;60;20210127;180000;48327.0000000;48327.0000000;48314.0000000;48314.0000000;3
SPFB.ROSN-6.21;60;20210128;170000;48300.0000000;48300.0000000;48300.0000000;48300.0000000;1
SPFB.ROSN-6.21;60;20210128;210000;48000.0000000;48220.0000000;48000.0000000;48220.0000000;6
SPFB.ROSN-6.21;60;20210129;120000;47837.0000000;47837.0000000;47837.0000000;47837.0000000;1
SPFB.ROSN-6.21;60;20210129;140000;47721.0000000;47721.0000000;47456.0000000;47456.0000000;3
SPFB.ROSN-6.21;60;20210129;210000;47002.0000000;47002.0000000;47002.0000000;47002.0000000;1
SPFB.ROSN-6.21;60;20210201;140000;46990.0000000;46990.0000000;46990.0000000;46990.0000000;2
SPFB.ROSN-6.21;60;20210202;120000;48259.0000000;48270.0000000;48259.0000000;48270.0000000;20
SPFB.ROSN-6.21;60;20210203;120000;48900.0000000;48900.0000000;48900.0000000;48900.0000000;1
SPFB.ROSN-6.21;60;20210203;130000;48450.0000000;48450.0000000;48450.0000000;48450.0000000;1
SPFB.ROSN-6.21;60;20210204;180000;49177.0000000;49190.0000000;49177.0000000;49190.0000000;3
SPFB.ROSN-6.21;60;20210205;110000;49639.0000000;49639.0000000;49639.0000000;49639.0000000;3
SPFB.ROSN-6.21;60;20210205;120000;49600.0000000;49600.0000000;49600.0000000;49600.0000000;1
SPFB.ROSN-6.21;60;20210205;130000;49906.0000000;49906.0000000;49648.0000000;49666.0000000;6
SPFB.ROSN-6.21;60;20210205;140000;49666.0000000;49690.0000000;49666.0000000;49690.0000000;3
SPFB.ROSN-6.21;60;20210205;170000;49531.0000000;49531.0000000;49531.0000000;49531.0000000;1
SPFB.ROSN-6.21;60;20210205;180000;49632.0000000;49703.0000000;49632.0000000;49703.0000000;3
SPFB.ROSN-6.21;60;20210208;110000;50568.0000000;50568.0000000;50568.0000000;50568.0000000;1
SPFB.ROSN-6.21;60;20210208;130000;50389.0000000;50389.0000000;50389.0000000;50389.0000000;1
SPFB.ROSN-6.21;60;20210208;200000;50377.0000000;50377.0000000;50377.0000000;50377.0000000;1
SPFB.ROSN-6.21;60;20210209;110000;50568.0000000;50582.0000000;50500.0000000;50582.0000000;5
SPFB.ROSN-6.21;60;20210209;130000;49834.0000000;49834.0000000;49772.0000000;49772.0000000;2
SPFB.ROSN-6.21;60;20210209;160000;50100.0000000;50100.0000000;50100.0000000;50100.0000000;1
SPFB.ROSN-6.21;60;20210210;120000;49522.0000000;49522.0000000;49185.0000000;49185.0000000;6
SPFB.ROSN-6.21;60;20210211;180000;50100.0000000;50100.0000000;50100.0000000;50100.0000000;1
SPFB.ROSN-6.21;60;20210211;190000;50360.0000000;50360.0000000;50360.0000000;50360.0000000;5
SPFB.ROSN-6.21;60;20210212;120000;49156.0000000;49156.0000000;49156.0000000;49156.0000000;1
SPFB.ROSN-6.21;60;20210212;160000;49991.0000000;49991.0000000;49991.0000000;49991.0000000;1
SPFB.ROSN-6.21;60;20210212;170000;50000.0000000;50316.0000000;50000.0000000;50316.0000000;4
SPFB.ROSN-6.21;60;20210212;180000;50316.0000000;50316.0000000;50316.0000000;50316.0000000;1
SPFB.ROSN-6.21;60;20210212;190000;50317.0000000;50527.0000000;50317.0000000;50527.0000000;3
SPFB.ROSN-6.21;60;20210212;200000;50214.0000000;50382.0000000;50190.0000000;50382.0000000;3
SPFB.ROSN-6.21;60;20210213;000000;50833.0000000;50833.0000000;50833.0000000;50833.0000000;1
SPFB.ROSN-6.21;60;20210215;110000;51200.0000000;51200.0000000;50935.0000000;50935.0000000;2
SPFB.ROSN-6.21;60;20210215;130000;50935.0000000;50935.0000000;50935.0000000;50935.0000000;1
SPFB.ROSN-6.21;60;20210215;140000;50899.0000000;50966.0000000;50899.0000000;50966.0000000;2
SPFB.ROSN-6.21;60;20210215;150000;50967.0000000;51208.0000000;50967.0000000;51208.0000000;5
SPFB.ROSN-6.21;60;20210215;160000;51506.0000000;51506.0000000;51506.0000000;51506.0000000;1
SPFB.ROSN-6.21;60;20210215;190000;51501.0000000;51501.0000000;51501.0000000;51501.0000000;1
SPFB.ROSN-6.21;60;20210215;220000;52000.0000000;52000.0000000;52000.0000000;52000.0000000;1
SPFB.ROSN-6.21;60;20210216;120000;52500.0000000;52500.0000000;52500.0000000;52500.0000000;11
SPFB.ROSN-6.21;60;20210216;130000;52300.0000000;52350.0000000;52300.0000000;52350.0000000;6
SPFB.ROSN-6.21;60;20210216;150000;52389.0000000;52389.0000000;52389.0000000;52389.0000000;5
SPFB.ROSN-6.21;60;20210216;160000;52389.0000000;52660.0000000;52389.0000000;52660.0000000;9
SPFB.ROSN-6.21;60;20210217;180000;51068.0000000;51068.0000000;51000.0000000;51000.0000000;3
SPFB.ROSN-6.21;60;20210217;190000;50836.0000000;50836.0000000;50800.0000000;50800.0000000;5
SPFB.ROSN-6.21;60;20210217;210000;50754.0000000;50754.0000000;50754.0000000;50754.0000000;2
SPFB.ROSN-6.21;60;20210217;220000;51093.0000000;51093.0000000;51086.0000000;51086.0000000;9
SPFB.ROSN-6.21;60;20210218;110000;50813.0000000;50813.0000000;50813.0000000;50813.0000000;1
SPFB.ROSN-6.21;60;20210218;130000;51088.0000000;51088.0000000;51080.0000000;51080.0000000;2
SPFB.ROSN-6.21;60;20210218;190000;50605.0000000;50605.0000000;50602.0000000;50602.0000000;3
SPFB.ROSN-6.21;60;20210219;000000;50538.0000000;50538.0000000;49629.0000000;50422.0000000;5
SPFB.ROSN-6.21;60;20210219;120000;50733.0000000;50740.0000000;50607.0000000;50700.0000000;15
SPFB.ROSN-6.21;60;20210219;140000;51119.0000000;51120.0000000;51119.0000000;51120.0000000;5
SPFB.ROSN-6.21;60;20210219;160000;50951.0000000;51120.0000000;50951.0000000;51120.0000000;7
SPFB.ROSN-6.21;60;20210219;210000;51025.0000000;51025.0000000;51025.0000000;51025.0000000;1
SPFB.ROSN-6.21;60;20210219;220000;51021.0000000;51054.0000000;51021.0000000;51054.0000000;2
SPFB.ROSN-6.21;60;20210220;110000;51054.0000000;51054.0000000;51054.0000000;51054.0000000;1
SPFB.ROSN-6.21;60;20210222;130000;51054.0000000;51054.0000000;51054.0000000;51054.0000000;15
SPFB.ROSN-6.21;60;20210222;140000;51225.0000000;51225.0000000;51164.0000000;51164.0000000;2
SPFB.ROSN-6.21;60;20210222;190000;51298.0000000;51298.0000000;51298.0000000;51298.0000000;1
SPFB.ROSN-6.21;60;20210222;200000;51300.0000000;51320.0000000;51300.0000000;51320.0000000;2
SPFB.ROSN-6.21;60;20210222;210000;51301.0000000;51301.0000000;51301.0000000;51301.0000000;1
SPFB.ROSN-6.21;60;20210224;110000;51262.0000000;51376.0000000;51262.0000000;51376.0000000;2
SPFB.ROSN-6.21;60;20210224;130000;51500.0000000;51600.0000000;51500.0000000;51600.0000000;2
SPFB.ROSN-6.21;60;20210224;160000;51555.0000000;51555.0000000;51490.0000000;51490.0000000;3
SPFB.ROSN-6.21;60;20210224;170000;51310.0000000;51310.0000000;51131.0000000;51131.0000000;2
SPFB.ROSN-6.21;60;20210224;180000;51315.0000000;51359.0000000;51315.0000000;51359.0000000;3
SPFB.ROSN-6.21;60;20210224;190000;51552.0000000;51552.0000000;51552.0000000;51552.0000000;1
SPFB.ROSN-6.21;60;20210225;110000;52100.0000000;52140.0000000;52100.0000000;52140.0000000;5
SPFB.ROSN-6.21;60;20210225;120000;51900.0000000;51900.0000000;51850.0000000;51850.0000000;4
SPFB.ROSN-6.21;60;20210225;150000;51889.0000000;51889.0000000;51889.0000000;51889.0000000;1
SPFB.ROSN-6.21;60;20210225;160000;52399.0000000;52941.0000000;52399.0000000;52544.0000000;8
SPFB.ROSN-6.21;60;20210225;170000;52599.0000000;52948.0000000;52599.0000000;52948.0000000;14
SPFB.ROSN-6.21;60;20210225;180000;52950.0000000;53098.0000000;52910.0000000;53098.0000000;20
SPFB.ROSN-6.21;60;20210225;190000;53084.0000000;53125.0000000;53049.0000000;53118.0000000;8
SPFB.ROSN-6.21;60;20210225;200000;52945.0000000;52945.0000000;52550.0000000;52795.0000000;32
SPFB.ROSN-6.21;60;20210225;210000;52628.0000000;52628.0000000;52579.0000000;52620.0000000;33
SPFB.ROSN-6.21;60;20210225;230000;52650.0000000;52650.0000000;52650.0000000;52650.0000000;1
SPFB.ROSN-6.21;60;20210226;110000;51986.0000000;52000.0000000;51850.0000000;52000.0000000;4
SPFB.ROSN-6.21;60;20210226;120000;52448.0000000;52735.0000000;52448.0000000;52735.0000000;7
SPFB.ROSN-6.21;60;20210226;130000;52600.0000000;52600.0000000;52600.0000000;52600.0000000;2
SPFB.ROSN-6.21;60;20210226;140000;52500.0000000;52500.0000000;52500.0000000;52500.0000000;2
SPFB.ROSN-6.21;60;20210226;160000;52390.0000000;52500.0000000;52300.0000000;52500.0000000;4
SPFB.ROSN-6.21;60;20210226;170000;52407.0000000;52407.0000000;52407.0000000;52407.0000000;2
SPFB.ROSN-6.21;60;20210226;190000;52150.0000000;52150.0000000;52150.0000000;52150.0000000;1
SPFB.ROSN-6.21;60;20210226;200000;52055.0000000;52055.0000000;52055.0000000;52055.0000000;2
SPFB.ROSN-6.21;60;20210226;210000;52100.0000000;52100.0000000;52100.0000000;52100.0000000;3
SPFB.ROSN-6.21;60;20210226;220000;52100.0000000;52100.0000000;52100.0000000;52100.0000000;1
SPFB.ROSN-6.21;60;20210301;080000;52534.0000000;52534.0000000;52534.0000000;52534.0000000;3
SPFB.ROSN-6.21;60;20210301;090000;52550.0000000;52611.0000000;52550.0000000;52611.0000000;2
SPFB.ROSN-6.21;60;20210301;150000;52340.0000000;52340.0000000;52139.0000000;52139.0000000;4
SPFB.ROSN-6.21;60;20210301;170000;52036.0000000;52050.0000000;52036.0000000;52040.0000000;6
SPFB.ROSN-6.21;60;20210301;180000;51871.0000000;51871.0000000;51871.0000000;51871.0000000;2
SPFB.ROSN-6.21;60;20210301;210000;52125.0000000;52125.0000000;52125.0000000;52125.0000000;1
SPFB.ROSN-6.21;60;20210301;230000;52150.0000000;52213.0000000;52150.0000000;52213.0000000;12
SPFB.ROSN-6.21;60;20210302;000000;51905.0000000;51905.0000000;51901.0000000;51901.0000000;3
SPFB.ROSN-6.21;60;20210302;080000;51452.0000000;52059.0000000;51452.0000000;52059.0000000;5
SPFB.ROSN-6.21;60;20210302;110000;51615.0000000;51689.0000000;51000.0000000;51664.0000000;18
SPFB.ROSN-6.21;60;20210302;120000;51804.0000000;52000.0000000;51804.0000000;51953.0000000;18
SPFB.ROSN-6.21;60;20210302;140000;52118.0000000;52240.0000000;52118.0000000;52240.0000000;2
SPFB.ROSN-6.21;60;20210302;150000;52250.0000000;52348.0000000;52250.0000000;52348.0000000;2
SPFB.ROSN-6.21;60;20210302;170000;52143.0000000;52143.0000000;52143.0000000;52143.0000000;1
SPFB.ROSN-6.21;60;20210302;190000;52500.0000000;52500.0000000;52500.0000000;52500.0000000;3
SPFB.ROSN-6.21;60;20210302;200000;52499.0000000;52500.0000000;52240.0000000;52240.0000000;6
SPFB.ROSN-6.21;60;20210302;210000;52594.0000000;52594.0000000;52594.0000000;52594.0000000;1
SPFB.ROSN-6.21;60;20210302;220000;52529.0000000;52529.0000000;52529.0000000;52529.0000000;1
SPFB.ROSN-6.21;60;20210302;230000;52259.0000000;52259.0000000;52240.0000000;52240.0000000;2
SPFB.ROSN-6.21;60;20210303;100000;52400.0000000;52629.0000000;52400.0000000;52629.0000000;3
SPFB.ROSN-6.21;60;20210303;120000;52629.0000000;53000.0000000;52629.0000000;53000.0000000;23
SPFB.ROSN-6.21;60;20210303;130000;53000.0000000;53000.0000000;53000.0000000;53000.0000000;1
SPFB.ROSN-6.21;60;20210303;140000;52954.0000000;52954.0000000;52954.0000000;52954.0000000;1
SPFB.ROSN-6.21;60;20210303;150000;53060.0000000;53187.0000000;53060.0000000;53100.0000000;25
SPFB.ROSN-6.21;60;20210303;160000;53080.0000000;53080.0000000;52800.0000000;52800.0000000;6
SPFB.ROSN-6.21;60;20210303;170000;52750.0000000;52750.0000000;52636.0000000;52636.0000000;7
SPFB.ROSN-6.21;60;20210303;190000;53012.0000000;53100.0000000;53012.0000000;53100.0000000;7
SPFB.ROSN-6.21;60;20210303;200000;53014.0000000;53228.0000000;52637.0000000;53228.0000000;49
SPFB.ROSN-6.21;60;20210303;210000;53118.0000000;53118.0000000;53118.0000000;53118.0000000;1
SPFB.ROSN-6.21;60;20210304;080000;52805.0000000;53155.0000000;52803.0000000;53155.0000000;3
SPFB.ROSN-6.21;60;20210304;100000;52965.0000000;52965.0000000;52965.0000000;52965.0000000;1
SPFB.ROSN-6.21;60;20210304;110000;53100.0000000;53300.0000000;53100.0000000;53275.0000000;39
SPFB.ROSN-6.21;60;20210304;120000;53336.0000000;53600.0000000;53211.0000000;53539.0000000;34
SPFB.ROSN-6.21;60;20210304;130000;53705.0000000;53850.0000000;53300.0000000;53329.0000000;195
SPFB.ROSN-6.21;60;20210304;140000;53410.0000000;53622.0000000;53410.0000000;53595.0000000;15
SPFB.ROSN-6.21;60;20210304;150000;53622.0000000;53737.0000000;53560.0000000;53669.0000000;50
SPFB.ROSN-6.21;60;20210304;160000;53718.0000000;53892.0000000;53700.0000000;53857.0000000;68
SPFB.ROSN-6.21;60;20210304;170000;53790.0000000;53927.0000000;53682.0000000;53843.0000000;79
SPFB.ROSN-6.21;60;20210304;180000;53850.0000000;53905.0000000;53685.0000000;53685.0000000;35
SPFB.ROSN-6.21;60;20210304;190000;53814.0000000;53900.0000000;53814.0000000;53900.0000000;9
SPFB.ROSN-6.21;60;20210304;200000;53919.0000000;54797.0000000;53919.0000000;54613.0000000;62
SPFB.ROSN-6.21;60;20210304;210000;54570.0000000;54668.0000000;54500.0000000;54668.0000000;16
SPFB.ROSN-6.21;60;20210304;220000;54351.0000000;54351.0000000;54250.0000000;54250.0000000;9
SPFB.ROSN-6.21;60;20210304;230000;54191.0000000;54290.0000000;53990.0000000;54000.0000000;31
SPFB.ROSN-6.21;60;20210305;000000;54010.0000000;54010.0000000;53920.0000000;53920.0000000;19
SPFB.ROSN-6.21;60;20210305;080000;54050.0000000;54200.0000000;54050.0000000;54200.0000000;21
SPFB.ROSN-6.21;60;20210305;090000;54170.0000000;54340.0000000;53827.0000000;54264.0000000;15
SPFB.ROSN-6.21;60;20210305;100000;54316.0000000;54365.0000000;54316.0000000;54365.0000000;14
SPFB.ROSN-6.21;60;20210305;110000;54500.0000000;54800.0000000;54228.0000000;54750.0000000;96
SPFB.ROSN-6.21;60;20210305;120000;54657.0000000;54951.0000000;54431.0000000;54431.0000000;17
SPFB.ROSN-6.21;60;20210305;130000;54357.0000000;54586.0000000;54244.0000000;54449.0000000;25
SPFB.ROSN-6.21;60;20210305;140000;54631.0000000;54800.0000000;54620.0000000;54800.0000000;9
SPFB.ROSN-6.21;60;20210305;150000;54950.0000000;55557.0000000;54950.0000000;55400.0000000;68
SPFB.ROSN-6.21;60;20210305;160000;55071.0000000;55340.0000000;55000.0000000;55100.0000000;26
SPFB.ROSN-6.21;60;20210305;170000;55000.0000000;55441.0000000;54699.0000000;55215.0000000;56
SPFB.ROSN-6.21;60;20210305;180000;55066.0000000;55636.0000000;55066.0000000;55636.0000000;52
SPFB.ROSN-6.21;60;20210305;190000;55555.0000000;55664.0000000;55535.0000000;55664.0000000;23
SPFB.ROSN-6.21;60;20210305;200000;55556.0000000;55556.0000000;55556.0000000;55556.0000000;1
SPFB.ROSN-6.21;60;20210305;210000;55573.0000000;55997.0000000;55573.0000000;55582.0000000;29
SPFB.ROSN-6.21;60;20210305;220000;55569.0000000;55692.0000000;55569.0000000;55688.0000000;12
SPFB.ROSN-6.21;60;20210305;230000;55671.0000000;55810.0000000;55300.0000000;55810.0000000;119
SPFB.ROSN-6.21;60;20210306;000000;55868.0000000;56100.0000000;55868.0000000;56100.0000000;38
SPFB.ROSN-6.21;60;20210309;080000;55962.0000000;55962.0000000;55962.0000000;55962.0000000;1
SPFB.ROSN-6.21;60;20210309;090000;55920.0000000;55925.0000000;55870.0000000;55925.0000000;6
SPFB.ROSN-6.21;60;20210309;100000;55814.0000000;55935.0000000;55801.0000000;55801.0000000;14
SPFB.ROSN-6.21;60;20210309;110000;55931.0000000;56699.0000000;55750.0000000;56699.0000000;232
SPFB.ROSN-6.21;60;20210309;120000;56670.0000000;57650.0000000;56637.0000000;57616.0000000;202
SPFB.ROSN-6.21;60;20210309;130000;57565.0000000;57899.0000000;57400.0000000;57400.0000000;149
SPFB.ROSN-6.21;60;20210309;140000;57650.0000000;57800.0000000;57645.0000000;57705.0000000;16
SPFB.ROSN-6.21;60;20210309;150000;57512.0000000;57625.0000000;57400.0000000;57400.0000000;23
SPFB.ROSN-6.21;60;20210309;160000;57281.0000000;57466.0000000;56900.0000000;57005.0000000;273
SPFB.ROSN-6.21;60;20210309;170000;56911.0000000;57250.0000000;56692.0000000;57250.0000000;28
SPFB.ROSN-6.21;60;20210309;180000;57290.0000000;57320.0000000;56780.0000000;56906.0000000;38
SPFB.ROSN-6.21;60;20210309;190000;56750.0000000;56750.0000000;56750.0000000;56750.0000000;8
SPFB.ROSN-6.21;60;20210309;200000;56811.0000000;56858.0000000;56811.0000000;56858.0000000;13
SPFB.ROSN-6.21;60;20210309;210000;56760.0000000;56760.0000000;56703.0000000;56703.0000000;3
SPFB.ROSN-6.21;60;20210309;220000;56952.0000000;57000.0000000;56900.0000000;56980.0000000;24
SPFB.ROSN-6.21;60;20210309;230000;57030.0000000;57189.0000000;56990.0000000;56990.0000000;5
SPFB.ROSN-6.21;60;20210310;000000;57010.0000000;57050.0000000;56985.0000000;56985.0000000;6
SPFB.ROSN-6.21;60;20210310;080000;56985.0000000;56985.0000000;56840.0000000;56841.0000000;4
SPFB.ROSN-6.21;60;20210310;090000;56840.0000000;56840.0000000;56840.0000000;56840.0000000;9
SPFB.ROSN-6.21;60;20210310;100000;56750.0000000;56750.0000000;56620.0000000;56656.0000000;25
SPFB.ROSN-6.21;60;20210310;110000;56567.0000000;56895.0000000;56050.0000000;56798.0000000;96
SPFB.ROSN-6.21;60;20210310;120000;56428.0000000;56900.0000000;56428.0000000;56900.0000000;25
SPFB.ROSN-6.21;60;20210310;130000;56985.0000000;57263.0000000;56960.0000000;56960.0000000;38
SPFB.ROSN-6.21;60;20210310;140000;56750.0000000;56750.0000000;56363.0000000;56363.0000000;34
SPFB.ROSN-6.21;60;20210310;150000;56420.0000000;56748.0000000;56420.0000000;56420.0000000;24
SPFB.ROSN-6.21;60;20210310;160000;56250.0000000;56437.0000000;56250.0000000;56300.0000000;171
SPFB.ROSN-6.21;60;20210310;170000;56500.0000000;56718.0000000;56156.0000000;56246.0000000;89
SPFB.ROSN-6.21;60;20210310;180000;56150.0000000;56470.0000000;56137.0000000;56351.0000000;49
SPFB.ROSN-6.21;60;20210310;190000;56320.0000000;56320.0000000;56065.0000000;56065.0000000;12
SPFB.ROSN-6.21;60;20210310;200000;55896.0000000;55950.0000000;55744.0000000;55786.0000000;47
SPFB.ROSN-6.21;60;20210310;210000;55757.0000000;56041.0000000;55655.0000000;55730.0000000;104
SPFB.ROSN-6.21;60;20210310;220000;55822.0000000;55870.0000000;55500.0000000;55870.0000000;106
SPFB.ROSN-6.21;60;20210310;230000;56000.0000000;56000.0000000;56000.0000000;56000.0000000;5
SPFB.ROSN-6.21;60;20210311;080000;56149.0000000;56300.0000000;56149.0000000;56300.0000000;28
SPFB.ROSN-6.21;60;20210311;090000;56400.0000000;56400.0000000;56400.0000000;56400.0000000;1
SPFB.ROSN-6.21;60;20210311;100000;56500.0000000;56500.0000000;56500.0000000;56500.0000000;2
SPFB.ROSN-6.21;60;20210311;110000;56415.0000000;56635.0000000;56381.0000000;56500.0000000;23
SPFB.ROSN-6.21;60;20210311;120000;56500.0000000;56715.0000000;56500.0000000;56565.0000000;15
SPFB.ROSN-6.21;60;20210311;130000;56449.0000000;56762.0000000;56449.0000000;56575.0000000;34
SPFB.ROSN-6.21;60;20210311;140000;56514.0000000;56572.0000000;56514.0000000;56527.0000000;17
SPFB.ROSN-6.21;60;20210311;150000;56500.0000000;56743.0000000;56500.0000000;56743.0000000;58
SPFB.ROSN-6.21;60;20210311;160000;56730.0000000;56809.0000000;56691.0000000;56691.0000000;45
SPFB.ROSN-6.21;60;20210311;170000;56676.0000000;56687.0000000;56656.0000000;56677.0000000;25
SPFB.ROSN-6.21;60;20210311;180000;56700.0000000;56995.0000000;56700.0000000;56747.0000000;25
SPFB.ROSN-6.21;60;20210311;190000;56857.0000000;57087.0000000;56857.0000000;56889.0000000;36
SPFB.ROSN-6.21;60;20210311;200000;56917.0000000;57018.0000000;56821.0000000;56821.0000000;63
SPFB.ROSN-6.21;60;20210311;210000;56878.0000000;56878.0000000;56878.0000000;56878.0000000;1
SPFB.ROSN-6.21;60;20210311;220000;56870.0000000;56870.0000000;56870.0000000;56870.0000000;1
SPFB.ROSN-6.21;60;20210311;230000;56965.0000000;56965.0000000;56965.0000000;56965.0000000;3
SPFB.ROSN-6.21;60;20210312;000000;56996.0000000;57000.0000000;56996.0000000;57000.0000000;11
SPFB.ROSN-6.21;60;20210312;080000;57030.0000000;57299.0000000;57030.0000000;57299.0000000;16
SPFB.ROSN-6.21;60;20210312;090000;57279.0000000;57279.0000000;57200.0000000;57200.0000000;3
SPFB.ROSN-6.21;60;20210312;110000;57200.0000000;57200.0000000;56657.0000000;56890.0000000;66
SPFB.ROSN-6.21;60;20210312;120000;56980.0000000;57412.0000000;56980.0000000;57191.0000000;94
SPFB.ROSN-6.21;60;20210312;130000;57296.0000000;57300.0000000;57170.0000000;57245.0000000;25
SPFB.ROSN-6.21;60;20210312;140000;57266.0000000;57301.0000000;57189.0000000;57201.0000000;29
SPFB.ROSN-6.21;60;20210312;150000;57201.0000000;57201.0000000;56935.0000000;57000.0000000;74
SPFB.ROSN-6.21;60;20210312;160000;57090.0000000;57100.0000000;56900.0000000;56920.0000000;86
SPFB.ROSN-6.21;60;20210312;170000;56912.0000000;56916.0000000;56750.0000000;56883.0000000;19
SPFB.ROSN-6.21;60;20210312;180000;56940.0000000;57272.0000000;56940.0000000;57272.0000000;40
SPFB.ROSN-6.21;60;20210312;190000;57338.0000000;57338.0000000;56934.0000000;56934.0000000;30
SPFB.ROSN-6.21;60;20210312;200000;57197.0000000;57260.0000000;57180.0000000;57180.0000000;6
SPFB.ROSN-6.21;60;20210312;210000;57235.0000000;57235.0000000;57135.0000000;57135.0000000;3
SPFB.ROSN-6.21;60;20210312;220000;57114.0000000;57130.0000000;57114.0000000;57114.0000000;6
SPFB.ROSN-6.21;60;20210312;230000;57115.0000000;57210.0000000;56988.0000000;57210.0000000;33
SPFB.ROSN-6.21;60;20210313;000000;57210.0000000;57235.0000000;57171.0000000;57171.0000000;41
SPFB.ROSN-6.21;60;20210315;080000;57250.0000000;57475.0000000;57250.0000000;57440.0000000;36
SPFB.ROSN-6.21;60;20210315;090000;57415.0000000;57550.0000000;57415.0000000;57415.0000000;29
SPFB.ROSN-6.21;60;20210315;100000;57548.0000000;57600.0000000;57450.0000000;57450.0000000;34
SPFB.ROSN-6.21;60;20210315;110000;57461.0000000;57800.0000000;57357.0000000;57773.0000000;318
SPFB.ROSN-6.21;60;20210315;120000;57671.0000000;58010.0000000;57554.0000000;57890.0000000;228
SPFB.ROSN-6.21;60;20210315;130000;57804.0000000;57804.0000000;57471.0000000;57574.0000000;61
SPFB.ROSN-6.21;60;20210315;140000;57689.0000000;57837.0000000;57616.0000000;57652.0000000;62
SPFB.ROSN-6.21;60;20210315;150000;57602.0000000;57602.0000000;57375.0000000;57450.0000000;122
SPFB.ROSN-6.21;60;20210315;160000;57442.0000000;57500.0000000;57250.0000000;57440.0000000;114
SPFB.ROSN-6.21;60;20210315;170000;57450.0000000;57685.0000000;57450.0000000;57670.0000000;96
SPFB.ROSN-6.21;60;20210315;180000;57705.0000000;57850.0000000;57599.0000000;57781.0000000;157
SPFB.ROSN-6.21;60;20210315;190000;57785.0000000;57791.0000000;57504.0000000;57685.0000000;80
SPFB.ROSN-6.21;60;20210315;200000;57545.0000000;57545.0000000;57290.0000000;57400.0000000;78
SPFB.ROSN-6.21;60;20210315;210000;57400.0000000;57475.0000000;57400.0000000;57475.0000000;5
SPFB.ROSN-6.21;60;20210315;220000;57455.0000000;57495.0000000;57401.0000000;57483.0000000;28
SPFB.ROSN-6.21;60;20210315;230000;57441.0000000;57500.0000000;57441.0000000;57500.0000000;18
SPFB.ROSN-6.21;60;20210316;000000;57500.0000000;57632.0000000;57500.0000000;57615.0000000;26
SPFB.ROSN-6.21;60;20210316;080000;57571.0000000;57571.0000000;57495.0000000;57495.0000000;7
SPFB.ROSN-6.21;60;20210316;090000;57396.0000000;57400.0000000;57380.0000000;57380.0000000;4
SPFB.ROSN-6.21;60;20210316;100000;57357.0000000;57377.0000000;57325.0000000;57377.0000000;13
SPFB.ROSN-6.21;60;20210316;110000;57400.0000000;57700.0000000;57157.0000000;57506.0000000;525
SPFB.ROSN-6.21;60;20210316;120000;57399.0000000;57399.0000000;56577.0000000;56650.0000000;121
SPFB.ROSN-6.21;60;20210316;130000;56508.0000000;56589.0000000;56108.0000000;56284.0000000;513
SPFB.ROSN-6.21;60;20210316;140000;56348.0000000;56988.0000000;56305.0000000;56988.0000000;551
SPFB.ROSN-6.21;60;20210316;150000;56935.0000000;57125.0000000;56820.0000000;56823.0000000;300
SPFB.ROSN-6.21;60;20210316;160000;56872.0000000;56900.0000000;56403.0000000;56502.0000000;633
SPFB.ROSN-6.21;60;20210316;170000;56469.0000000;56929.0000000;56308.0000000;56824.0000000;412
SPFB.ROSN-6.21;60;20210316;180000;56900.0000000;57805.0000000;56900.0000000;57255.0000000;674
SPFB.ROSN-6.21;60;20210316;190000;57310.0000000;57601.0000000;57144.0000000;57350.0000000;375
SPFB.ROSN-6.21;60;20210316;200000;57326.0000000;57450.0000000;57090.0000000;57150.0000000;133
SPFB.ROSN-6.21;60;20210316;210000;57195.0000000;57195.0000000;57114.0000000;57160.0000000;217
SPFB.ROSN-6.21;60;20210316;220000;57142.0000000;57142.0000000;57061.0000000;57121.0000000;66
SPFB.ROSN-6.21;60;20210316;230000;57171.0000000;57284.0000000;57048.0000000;57247.0000000;179
SPFB.ROSN-6.21;60;20210317;000000;57230.0000000;57281.0000000;57051.0000000;57051.0000000;59
SPFB.ROSN-6.21;60;20210317;080000;57058.0000000;57080.0000000;57051.0000000;57051.0000000;20
SPFB.ROSN-6.21;60;20210317;090000;57051.0000000;57249.0000000;57051.0000000;57249.0000000;14
SPFB.ROSN-6.21;60;20210317;100000;57250.0000000;57432.0000000;57050.0000000;57050.0000000;48
SPFB.ROSN-6.21;60;20210317;110000;57194.0000000;57381.0000000;56659.0000000;56863.0000000;818
SPFB.ROSN-6.21;60;20210317;120000;56877.0000000;57465.0000000;56708.0000000;56950.0000000;1054
SPFB.ROSN-6.21;60;20210317;130000;56973.0000000;56986.0000000;56500.0000000;56522.0000000;692
SPFB.ROSN-6.21;60;20210317;140000;56522.0000000;56569.0000000;56080.0000000;56180.0000000;787
SPFB.ROSN-6.21;60;20210317;150000;56199.0000000;56381.0000000;55550.0000000;56100.0000000;953
SPFB.ROSN-6.21;60;20210317;160000;56024.0000000;56027.0000000;55633.0000000;55799.0000000;1067
SPFB.ROSN-6.21;60;20210317;170000;55760.0000000;56043.0000000;55625.0000000;55663.0000000;838
SPFB.ROSN-6.21;60;20210317;180000;55656.0000000;55700.0000000;55254.0000000;55350.0000000;778
SPFB.ROSN-6.21;60;20210317;190000;55342.0000000;55476.0000000;55299.0000000;55377.0000000;250
SPFB.ROSN-6.21;60;20210317;200000;55422.0000000;55555.0000000;55362.0000000;55481.0000000;197
SPFB.ROSN-6.21;60;20210317;210000;55500.0000000;55528.0000000;55380.0000000;55524.0000000;181
SPFB.ROSN-6.21;60;20210317;220000;55470.0000000;55932.0000000;55470.0000000;55839.0000000;352
SPFB.ROSN-6.21;60;20210317;230000;55885.0000000;55902.0000000;55596.0000000;55622.0000000;144
SPFB.ROSN-6.21;60;20210318;000000;55600.0000000;55655.0000000;55518.0000000;55549.0000000;55
SPFB.ROSN-6.21;60;20210318;080000;55549.0000000;55667.0000000;55531.0000000;55560.0000000;48
SPFB.ROSN-6.21;60;20210318;090000;55560.0000000;55699.0000000;55560.0000000;55619.0000000;34
SPFB.ROSN-6.21;60;20210318;100000;55620.0000000;55740.0000000;55562.0000000;55718.0000000;146
SPFB.ROSN-6.21;60;20210318;110000;55744.0000000;55955.0000000;55303.0000000;55530.0000000;625
SPFB.ROSN-6.21;60;20210318;120000;55545.0000000;55548.0000000;55185.0000000;55358.0000000;771
SPFB.ROSN-6.21;60;20210318;130000;55341.0000000;55405.0000000;55079.0000000;55382.0000000;541
SPFB.ROSN-6.21;60;20210318;140000;55319.0000000;55473.0000000;55279.0000000;55397.0000000;193
SPFB.ROSN-6.21;60;20210318;150000;55400.0000000;55572.0000000;55220.0000000;55397.0000000;333
SPFB.ROSN-6.21;60;20210318;160000;55397.0000000;55647.0000000;55245.0000000;55571.0000000;262
SPFB.ROSN-6.21;60;20210318;170000;55575.0000000;55676.0000000;55424.0000000;55485.0000000;1036
SPFB.ROSN-6.21;60;20210318;180000;55485.0000000;55579.0000000;55294.0000000;55510.0000000;683
SPFB.ROSN-6.21;60;20210318;190000;55480.0000000;55922.0000000;55404.0000000;55921.0000000;1076
SPFB.ROSN-6.21;60;20210318;200000;55920.0000000;55920.0000000;55530.0000000;55541.0000000;350
SPFB.ROSN-6.21;60;20210318;210000;55567.0000000;55600.0000000;55469.0000000;55576.0000000;182
SPFB.ROSN-6.21;60;20210318;220000;55576.0000000;55576.0000000;54721.0000000;54780.0000000;1348
SPFB.ROSN-6.21;60;20210318;230000;54812.0000000;54840.0000000;54171.0000000;54454.0000000;1078
SPFB.ROSN-6.21;60;20210319;000000;54450.0000000;54518.0000000;54422.0000000;54451.0000000;251
SPFB.ROSN-6.21;60;20210319;080000;54463.0000000;54810.0000000;54463.0000000;54760.0000000;193
SPFB.ROSN-6.21;60;20210319;090000;54762.0000000;54860.0000000;54463.0000000;54483.0000000;124
SPFB.ROSN-6.21;60;20210319;100000;54558.0000000;54570.0000000;54406.0000000;54451.0000000;172
SPFB.ROSN-6.21;60;20210319;110000;54407.0000000;55250.0000000;54219.0000000;54860.0000000;1289
SPFB.ROSN-6.21;60;20210319;120000;54824.0000000;55700.0000000;54824.0000000;55396.0000000;1190
SPFB.ROSN-6.21;60;20210319;130000;55400.0000000;55549.0000000;55304.0000000;55377.0000000;391
SPFB.ROSN-6.21;60;20210319;140000;55377.0000000;55618.0000000;55319.0000000;55401.0000000;379
SPFB.ROSN-6.21;60;20210319;150000;55402.0000000;55402.0000000;54988.0000000;54988.0000000;498
SPFB.ROSN-6.21;60;20210319;160000;54969.0000000;55185.0000000;54905.0000000;54988.0000000;486
SPFB.ROSN-6.21;60;20210319;170000;54905.0000000;55100.0000000;54666.0000000;55047.0000000;740
SPFB.ROSN-6.21;60;20210319;180000;55049.0000000;55648.0000000;54954.0000000;55496.0000000;587
SPFB.ROSN-6.21;60;20210319;190000;55461.0000000;55588.0000000;55308.0000000;55501.0000000;355
SPFB.ROSN-6.21;60;20210319;200000;55509.0000000;55880.0000000;55500.0000000;55806.0000000;492
SPFB.ROSN-6.21;60;20210319;210000;55880.0000000;55925.0000000;55644.0000000;55741.0000000;298
SPFB.ROSN-6.21;60;20210319;220000;55782.0000000;55842.0000000;55691.0000000;55840.0000000;70
SPFB.ROSN-6.21;60;20210319;230000;55840.0000000;55911.0000000;55816.0000000;55870.0000000;128
SPFB.ROSN-6.21;60;20210320;000000;55890.0000000;56131.0000000;55890.0000000;56090.0000000;299
SPFB.ROSN-6.21;60;20210322;080000;55955.0000000;56129.0000000;55951.0000000;56039.0000000;90
SPFB.ROSN-6.21;60;20210322;090000;56038.0000000;56039.0000000;55895.0000000;55947.0000000;61
SPFB.ROSN-6.21;60;20210322;100000;55974.0000000;55998.0000000;55895.0000000;55936.0000000;34
SPFB.ROSN-6.21;60;20210322;110000;55905.0000000;56000.0000000;55590.0000000;55930.0000000;806
SPFB.ROSN-6.21;60;20210322;120000;55922.0000000;56691.0000000;55893.0000000;56429.0000000;1436
SPFB.ROSN-6.21;60;20210322;130000;56421.0000000;56440.0000000;55932.0000000;55947.0000000;903
SPFB.ROSN-6.21;60;20210322;140000;56016.0000000;56203.0000000;56003.0000000;56045.0000000;508
SPFB.ROSN-6.21;60;20210322;150000;56116.0000000;56243.0000000;56046.0000000;56221.0000000;186
SPFB.ROSN-6.21;60;20210322;160000;56197.0000000;56404.0000000;56092.0000000;56240.0000000;525
SPFB.ROSN-6.21;60;20210322;170000;56193.0000000;56360.0000000;56129.0000000;56129.0000000;399
SPFB.ROSN-6.21;60;20210322;180000;56236.0000000;56426.0000000;56056.0000000;56091.0000000;505
SPFB.ROSN-6.21;60;20210322;190000;56134.0000000;56277.0000000;55956.0000000;56155.0000000;484
SPFB.ROSN-6.21;60;20210322;200000;56243.0000000;56536.0000000;56236.0000000;56466.0000000;597
SPFB.ROSN-6.21;60;20210322;210000;56499.0000000;56499.0000000;56309.0000000;56389.0000000;290
SPFB.ROSN-6.21;60;20210322;220000;56388.0000000;56424.0000000;56367.0000000;56410.0000000;21
SPFB.ROSN-6.21;60;20210322;230000;56410.0000000;56425.0000000;56270.0000000;56337.0000000;68
SPFB.ROSN-6.21;60;20210323;000000;56320.0000000;56326.0000000;56288.0000000;56314.0000000;24
SPFB.ROSN-6.21;60;20210323;080000;56231.0000000;56305.0000000;56108.0000000;56139.0000000;81
SPFB.ROSN-6.21;60;20210323;090000;56138.0000000;56198.0000000;56015.0000000;56070.0000000;78
SPFB.ROSN-6.21;60;20210323;100000;56015.0000000;56146.0000000;55982.0000000;55982.0000000;107
SPFB.ROSN-6.21;60;20210323;110000;56020.0000000;56197.0000000;55757.0000000;55930.0000000;735
SPFB.ROSN-6.21;60;20210323;120000;55895.0000000;56085.0000000;55755.0000000;56012.0000000;619
SPFB.ROSN-6.21;60;20210323;130000;56035.0000000;56300.0000000;55791.0000000;55850.0000000;1174
SPFB.ROSN-6.21;60;20210323;140000;55824.0000000;56028.0000000;55713.0000000;55989.0000000;1086
SPFB.ROSN-6.21;60;20210323;150000;55947.0000000;56300.0000000;55846.0000000;56179.0000000;772
SPFB.ROSN-6.21;60;20210323;160000;56195.0000000;56269.0000000;55996.0000000;56129.0000000;538
SPFB.ROSN-6.21;60;20210323;170000;56165.0000000;56261.0000000;55961.0000000;56180.0000000;847
SPFB.ROSN-6.21;60;20210323;180000;56196.0000000;56992.0000000;56180.0000000;56945.0000000;3137
SPFB.ROSN-6.21;60;20210323;190000;56897.0000000;57443.0000000;56897.0000000;57131.0000000;1910
SPFB.ROSN-6.21;60;20210323;200000;57170.0000000;57272.0000000;57058.0000000;57063.0000000;785
SPFB.ROSN-6.21;60;20210323;210000;57062.0000000;57135.0000000;56733.0000000;56847.0000000;1047
SPFB.ROSN-6.21;60;20210323;220000;56801.0000000;56847.0000000;56552.0000000;56562.0000000;446
SPFB.ROSN-6.21;60;20210323;230000;56565.0000000;56632.0000000;56400.0000000;56582.0000000;386
SPFB.ROSN-6.21;60;20210324;000000;56590.0000000;56665.0000000;56523.0000000;56595.0000000;237
SPFB.ROSN-6.21;60;20210324;080000;56452.0000000;56930.0000000;56430.0000000;56600.0000000;341
SPFB.ROSN-6.21;60;20210324;090000;56577.0000000;56809.0000000;56577.0000000;56658.0000000;179
SPFB.ROSN-6.21;60;20210324;100000;56658.0000000;56999.0000000;56658.0000000;56988.0000000;241
SPFB.ROSN-6.21;60;20210324;110000;56850.0000000;57196.0000000;56700.0000000;57102.0000000;1248
SPFB.ROSN-6.21;60;20210324;120000;57102.0000000;57102.0000000;56539.0000000;56650.0000000;912
SPFB.ROSN-6.21;60;20210324;130000;56612.0000000;56899.0000000;56550.0000000;56802.0000000;998
SPFB.ROSN-6.21;60;20210324;140000;56845.0000000;57001.0000000;56727.0000000;56842.0000000;773
SPFB.ROSN-6.21;60;20210324;150000;56856.0000000;57058.0000000;56855.0000000;56907.0000000;714
SPFB.ROSN-6.21;60;20210324;160000;56918.0000000;57080.0000000;56918.0000000;57048.0000000;240
SPFB.ROSN-6.21;60;20210324;170000;57002.0000000;57121.0000000;56929.0000000;57052.0000000;305
SPFB.ROSN-6.21;60;20210324;180000;57054.0000000;57350.0000000;56945.0000000;57178.0000000;883
SPFB.ROSN-6.21;60;20210324;190000;57227.0000000;57753.0000000;57102.0000000;57303.0000000;1777
SPFB.ROSN-6.21;60;20210324;200000;57266.0000000;57561.0000000;57000.0000000;57112.0000000;1114
SPFB.ROSN-6.21;60;20210324;210000;57112.0000000;57136.0000000;56900.0000000;57026.0000000;452
SPFB.ROSN-6.21;60;20210324;220000;57009.0000000;57105.0000000;56961.0000000;56974.0000000;199
SPFB.ROSN-6.21;60;20210324;230000;56962.0000000;57030.0000000;56727.0000000;56748.0000000;256
SPFB.ROSN-6.21;60;20210325;000000;56748.0000000;56995.0000000;56748.0000000;56949.0000000;184
SPFB.ROSN-6.21;60;20210325;080000;56850.0000000;56949.0000000;56754.0000000;56824.0000000;89
SPFB.ROSN-6.21;60;20210325;090000;56830.0000000;56919.0000000;56800.0000000;56800.0000000;21
SPFB.ROSN-6.21;60;20210325;100000;56790.0000000;56934.0000000;56750.0000000;56907.0000000;61
SPFB.ROSN-6.21;60;20210325;110000;56922.0000000;57065.0000000;56653.0000000;56923.0000000;786
SPFB.ROSN-6.21;60;20210325;120000;56942.0000000;57191.0000000;56810.0000000;56952.0000000;705
SPFB.ROSN-6.21;60;20210325;130000;56906.0000000;57197.0000000;56820.0000000;57179.0000000;701
SPFB.ROSN-6.21;60;20210325;140000;57197.0000000;57249.0000000;57055.0000000;57092.0000000;524
SPFB.ROSN-6.21;60;20210325;150000;57139.0000000;57185.0000000;56920.0000000;56935.0000000;1026
SPFB.ROSN-6.21;60;20210325;160000;56966.0000000;57326.0000000;56926.0000000;57315.0000000;1323
SPFB.ROSN-6.21;60;20210325;170000;57304.0000000;57352.0000000;57190.0000000;57220.0000000;908
SPFB.ROSN-6.21;60;20210325;180000;57234.0000000;57411.0000000;57110.0000000;57128.0000000;1570
SPFB.ROSN-6.21;60;20210325;190000;57154.0000000;57287.0000000;56981.0000000;57191.0000000;706
SPFB.ROSN-6.21;60;20210325;200000;57132.0000000;57412.0000000;57132.0000000;57250.0000000;353
SPFB.ROSN-6.21;60;20210325;210000;57216.0000000;57348.0000000;57216.0000000;57322.0000000;236
SPFB.ROSN-6.21;60;20210325;220000;57238.0000000;57459.0000000;57238.0000000;57400.0000000;282
SPFB.ROSN-6.21;60;20210325;230000;57389.0000000;57459.0000000;57356.0000000;57364.0000000;104
SPFB.ROSN-6.21;60;20210326;000000;57364.0000000;57459.0000000;57364.0000000;57454.0000000;68
SPFB.ROSN-6.21;60;20210326;080000;57455.0000000;57649.0000000;57455.0000000;57559.0000000;245
SPFB.ROSN-6.21;60;20210326;090000;57567.0000000;57666.0000000;57563.0000000;57645.0000000;57
SPFB.ROSN-6.21;60;20210326;100000;57640.0000000;57700.0000000;57636.0000000;57639.0000000;177
SPFB.ROSN-6.21;60;20210326;110000;57670.0000000;58446.0000000;57637.0000000;58381.0000000;3726
SPFB.ROSN-6.21;60;20210326;120000;58350.0000000;58537.0000000;57922.0000000;57955.0000000;2381
SPFB.ROSN-6.21;60;20210326;130000;57952.0000000;58123.0000000;57840.0000000;58100.0000000;673
SPFB.ROSN-6.21;60;20210326;140000;58127.0000000;58142.0000000;57728.0000000;57888.0000000;539
SPFB.ROSN-6.21;60;20210326;150000;57844.0000000;58234.0000000;57806.0000000;58162.0000000;571
SPFB.ROSN-6.21;60;20210326;160000;58160.0000000;58160.0000000;57908.0000000;58115.0000000;342
SPFB.ROSN-6.21;60;20210326;170000;58071.0000000;58241.0000000;58071.0000000;58128.0000000;321
SPFB.ROSN-6.21;60;20210326;180000;58186.0000000;58409.0000000;58184.0000000;58250.0000000;764
SPFB.ROSN-6.21;60;20210326;190000;58293.0000000;58360.0000000;58035.0000000;58112.0000000;773
SPFB.ROSN-6.21;60;20210326;200000;58194.0000000;58194.0000000;57900.0000000;58073.0000000;424
SPFB.ROSN-6.21;60;20210326;210000;58049.0000000;58111.0000000;58002.0000000;58002.0000000;76
SPFB.ROSN-6.21;60;20210326;220000;58082.0000000;58082.0000000;57930.0000000;57972.0000000;185
SPFB.ROSN-6.21;60;20210326;230000;58056.0000000;58332.0000000;58034.0000000;58328.0000000;548
SPFB.ROSN-6.21;60;20210327;000000;58328.0000000;58411.0000000;58250.0000000;58370.0000000;174
SPFB.ROSN-6.21;60;20210329;080000;58320.0000000;58336.0000000;58123.0000000;58140.0000000;520
SPFB.ROSN-6.21;60;20210329;090000;58145.0000000;58157.0000000;58080.0000000;58157.0000000;100
SPFB.ROSN-6.21;60;20210329;100000;58120.0000000;58389.0000000;58090.0000000;58211.0000000;118
SPFB.ROSN-6.21;60;20210329;110000;58211.0000000;58299.0000000;57920.0000000;58140.0000000;989
SPFB.ROSN-6.21;60;20210329;120000;58117.0000000;58143.0000000;57601.0000000;57710.0000000;1548
SPFB.ROSN-6.21;60;20210329;130000;57718.0000000;58011.0000000;57640.0000000;57979.0000000;528
SPFB.ROSN-6.21;60;20210329;140000;57979.0000000;58283.0000000;57933.0000000;58283.0000000;466
SPFB.ROSN-6.21;60;20210329;150000;58246.0000000;58591.0000000;58211.0000000;58567.0000000;1499
SPFB.ROSN-6.21;60;20210329;160000;58566.0000000;58590.0000000;58145.0000000;58315.0000000;786
SPFB.ROSN-6.21;60;20210329;170000;58273.0000000;58273.0000000;57761.0000000;57761.0000000;803
SPFB.ROSN-6.21;60;20210329;180000;57795.0000000;58070.0000000;57682.0000000;57795.0000000;738
SPFB.ROSN-6.21;60;20210329;190000;57795.0000000;57918.0000000;57501.0000000;57838.0000000;1331
SPFB.ROSN-6.21;60;20210329;200000;57837.0000000;57986.0000000;57804.0000000;57887.0000000;171
SPFB.ROSN-6.21;60;20210329;210000;57853.0000000;57906.0000000;57816.0000000;57906.0000000;97
SPFB.ROSN-6.21;60;20210329;220000;57847.0000000;57891.0000000;57747.0000000;57747.0000000;91
SPFB.ROSN-6.21;60;20210329;230000;57769.0000000;57834.0000000;57769.0000000;57834.0000000;26
SPFB.ROSN-6.21;60;20210330;000000;57806.0000000;57857.0000000;57682.0000000;57693.0000000;72
SPFB.ROSN-6.21;60;20210330;080000;57858.0000000;57858.0000000;57727.0000000;57847.0000000;68
SPFB.ROSN-6.21;60;20210330;090000;57819.0000000;57850.0000000;57751.0000000;57751.0000000;83
SPFB.ROSN-6.21;60;20210330;100000;57770.0000000;57884.0000000;57769.0000000;57850.0000000;45
SPFB.ROSN-6.21;60;20210330;110000;57845.0000000;58115.0000000;57697.0000000;57900.0000000;595
SPFB.ROSN-6.21;60;20210330;120000;57929.0000000;57988.0000000;57667.0000000;57667.0000000;338
SPFB.ROSN-6.21;60;20210330;130000;57678.0000000;57678.0000000;57451.0000000;57585.0000000;656
SPFB.ROSN-6.21;60;20210330;140000;57577.0000000;57729.0000000;57472.0000000;57515.0000000;513
SPFB.ROSN-6.21;60;20210330;150000;57470.0000000;57470.0000000;56804.0000000;57196.0000000;2156
SPFB.ROSN-6.21;60;20210330;160000;57228.0000000;57360.0000000;57178.0000000;57323.0000000;304
SPFB.ROSN-6.21;60;20210330;170000;57270.0000000;57384.0000000;57136.0000000;57373.0000000;503
SPFB.ROSN-6.21;60;20210330;180000;57338.0000000;57399.0000000;57210.0000000;57253.0000000;353
SPFB.ROSN-6.21;60;20210330;190000;57249.0000000;57420.0000000;57121.0000000;57236.0000000;447
SPFB.ROSN-6.21;60;20210330;200000;57236.0000000;57346.0000000;57095.0000000;57109.0000000;88
SPFB.ROSN-6.21;60;20210330;210000;57130.0000000;57239.0000000;57111.0000000;57229.0000000;90
SPFB.ROSN-6.21;60;20210330;220000;57184.0000000;57227.0000000;57117.0000000;57163.0000000;48
SPFB.ROSN-6.21;60;20210330;230000;57165.0000000;57202.0000000;57117.0000000;57119.0000000;63
SPFB.ROSN-6.21;60;20210331;000000;57120.0000000;57250.0000000;57119.0000000;57125.0000000;102
SPFB.ROSN-6.21;60;20210331;080000;57135.0000000;57282.0000000;57135.0000000;57282.0000000;22
SPFB.ROSN-6.21;60;20210331;090000;57289.0000000;57394.0000000;57278.0000000;57300.0000000;37
SPFB.ROSN-6.21;60;20210331;100000;57300.0000000;57421.0000000;57253.0000000;57304.0000000;37
SPFB.ROSN-6.21;60;20210331;110000;57304.0000000;57532.0000000;57065.0000000;57310.0000000;490
SPFB.ROSN-6.21;60;20210331;120000;57358.0000000;57364.0000000;56984.0000000;57234.0000000;503
SPFB.ROSN-6.21;60;20210331;130000;57243.0000000;57381.0000000;57040.0000000;57072.0000000;231
SPFB.ROSN-6.21;60;20210331;140000;57100.0000000;57149.0000000;56905.0000000;57127.0000000;307
SPFB.ROSN-6.21;60;20210331;150000;57148.0000000;57154.0000000;56915.0000000;57135.0000000;444
SPFB.ROSN-6.21;60;20210331;160000;57150.0000000;57299.0000000;57042.0000000;57104.0000000;568
SPFB.ROSN-6.21;60;20210331;170000;57118.0000000;57157.0000000;57022.0000000;57134.0000000;175
SPFB.ROSN-6.21;60;20210331;180000;57140.0000000;57561.0000000;57100.0000000;57480.0000000;690
SPFB.ROSN-6.21;60;20210331;190000;57463.0000000;57632.0000000;57424.0000000;57530.0000000;999
SPFB.ROSN-6.21;60;20210331;200000;57530.0000000;57571.0000000;57414.0000000;57571.0000000;144
SPFB.ROSN-6.21;60;20210331;210000;57576.0000000;57624.0000000;57365.0000000;57450.0000000;162
SPFB.ROSN-6.21;60;20210331;220000;57410.0000000;57481.0000000;57281.0000000;57383.0000000;170
SPFB.ROSN-6.21;60;20210331;230000;57375.0000000;57460.0000000;57370.0000000;57408.0000000;111
SPFB.ROSN-6.21;60;20210401;000000;57382.0000000;57382.0000000;57280.0000000;57372.0000000;66
SPFB.ROSN-6.21;60;20210401;080000;57392.0000000;57393.0000000;57330.0000000;57393.0000000;53
SPFB.ROSN-6.21;60;20210401;090000;57393.0000000;57454.0000000;57374.0000000;57424.0000000;39
SPFB.ROSN-6.21;60;20210401;100000;57430.0000000;57696.0000000;57423.0000000;57693.0000000;222
SPFB.ROSN-6.21;60;20210401;110000;57695.0000000;57799.0000000;57524.0000000;57690.0000000;626
SPFB.ROSN-6.21;60;20210401;120000;57741.0000000;57741.0000000;57337.0000000;57445.0000000;573
SPFB.ROSN-6.21;60;20210401;130000;57401.0000000;57401.0000000;57214.0000000;57286.0000000;294
SPFB.ROSN-6.21;60;20210401;140000;57313.0000000;57429.0000000;57200.0000000;57359.0000000;330
SPFB.ROSN-6.21;60;20210401;150000;57332.0000000;57332.0000000;56526.0000000;56810.0000000;2989
SPFB.ROSN-6.21;60;20210401;160000;56822.0000000;57260.0000000;56786.0000000;57206.0000000;813
SPFB.ROSN-6.21;60;20210401;170000;57151.0000000;57284.0000000;57005.0000000;57166.0000000;416
SPFB.ROSN-6.21;60;20210401;180000;57124.0000000;57232.0000000;56590.0000000;56885.0000000;1225
SPFB.ROSN-6.21;60;20210401;190000;56829.0000000;57004.0000000;56662.0000000;56871.0000000;971
SPFB.ROSN-6.21;60;20210401;200000;56726.0000000;56969.0000000;56725.0000000;56900.0000000;358
SPFB.ROSN-6.21;60;20210401;210000;56895.0000000;57205.0000000;56881.0000000;57205.0000000;285
SPFB.ROSN-6.21;60;20210401;220000;57210.0000000;57250.0000000;57026.0000000;57077.0000000;316
SPFB.ROSN-6.21;60;20210401;230000;57086.0000000;57103.0000000;56913.0000000;57021.0000000;377
SPFB.ROSN-6.21;60;20210402;000000;57020.0000000;57212.0000000;57020.0000000;57212.0000000;79
SPFB.ROSN-6.21;60;20210402;080000;57175.0000000;57299.0000000;57175.0000000;57268.0000000;27
SPFB.ROSN-6.21;60;20210402;090000;57298.0000000;57366.0000000;57271.0000000;57366.0000000;92
SPFB.ROSN-6.21;60;20210402;100000;57329.0000000;57350.0000000;57216.0000000;57297.0000000;139
SPFB.ROSN-6.21;60;20210402;110000;57270.0000000;57270.0000000;56988.0000000;57069.0000000;458
SPFB.ROSN-6.21;60;20210402;120000;57002.0000000;57068.0000000;56880.0000000;57048.0000000;136
SPFB.ROSN-6.21;60;20210402;130000;56979.0000000;57024.0000000;56943.0000000;57019.0000000;58
SPFB.ROSN-6.21;60;20210402;140000;56993.0000000;57078.0000000;56993.0000000;57047.0000000;109
SPFB.ROSN-6.21;60;20210402;150000;57059.0000000;57203.0000000;57059.0000000;57192.0000000;237
SPFB.ROSN-6.21;60;20210402;160000;57160.0000000;57160.0000000;57030.0000000;57030.0000000;141
SPFB.ROSN-6.21;60;20210402;170000;57000.0000000;57102.0000000;56955.0000000;57101.0000000;128
SPFB.ROSN-6.21;60;20210402;180000;57119.0000000;57140.0000000;57055.0000000;57104.0000000;123
SPFB.ROSN-6.21;60;20210402;190000;57110.0000000;57213.0000000;56967.0000000;57135.0000000;153
SPFB.ROSN-6.21;60;20210402;200000;57126.0000000;57126.0000000;57051.0000000;57085.0000000;86
SPFB.ROSN-6.21;60;20210402;210000;57101.0000000;57101.0000000;57079.0000000;57079.0000000;11
SPFB.ROSN-6.21;60;20210402;220000;57066.0000000;57120.0000000;57064.0000000;57115.0000000;69
SPFB.ROSN-6.21;60;20210402;230000;57088.0000000;57124.0000000;57040.0000000;57102.0000000;173
SPFB.ROSN-6.21;60;20210403;000000;57051.0000000;57051.0000000;56970.0000000;57027.0000000;20
SPFB.ROSN-6.21;60;20210405;080000;57047.0000000;57148.0000000;57006.0000000;57051.0000000;136
SPFB.ROSN-6.21;60;20210405;090000;56979.0000000;57029.0000000;56878.0000000;56901.0000000;95
SPFB.ROSN-6.21;60;20210405;100000;56880.0000000;56948.0000000;56721.0000000;56948.0000000;96
SPFB.ROSN-6.21;60;20210405;110000;56948.0000000;56951.0000000;56366.0000000;56437.0000000;1174
SPFB.ROSN-6.21;60;20210405;120000;56450.0000000;56642.0000000;56365.0000000;56515.0000000;377
SPFB.ROSN-6.21;60;20210405;130000;56526.0000000;56602.0000000;56482.0000000;56537.0000000;214
SPFB.ROSN-6.21;60;20210405;140000;56539.0000000;56659.0000000;56462.0000000;56570.0000000;241
SPFB.ROSN-6.21;60;20210405;150000;56560.0000000;56611.0000000;56287.0000000;56304.0000000;840
SPFB.ROSN-6.21;60;20210405;160000;56348.0000000;56466.0000000;56322.0000000;56466.0000000;448
SPFB.ROSN-6.21;60;20210405;170000;56494.0000000;56494.0000000;56280.0000000;56304.0000000;308
SPFB.ROSN-6.21;60;20210405;180000;56303.0000000;56320.0000000;56081.0000000;56081.0000000;686
SPFB.ROSN-6.21;60;20210405;190000;56090.0000000;56347.0000000;56077.0000000;56303.0000000;386
SPFB.ROSN-6.21;60;20210405;200000;56310.0000000;56400.0000000;56055.0000000;56055.0000000;235
SPFB.ROSN-6.21;60;20210405;210000;56092.0000000;56320.0000000;56055.0000000;56300.0000000;211
SPFB.ROSN-6.21;60;20210405;220000;56310.0000000;56393.0000000;56283.0000000;56371.0000000;52
SPFB.ROSN-6.21;60;20210405;230000;56387.0000000;56394.0000000;56252.0000000;56274.0000000;201
SPFB.ROSN-6.21;60;20210406;000000;56270.0000000;56360.0000000;56252.0000000;56252.0000000;52
SPFB.ROSN-6.21;60;20210406;080000;56358.0000000;56428.0000000;56358.0000000;56362.0000000;48
SPFB.ROSN-6.21;60;20210406;090000;56425.0000000;56425.0000000;56300.0000000;56347.0000000;30
SPFB.ROSN-6.21;60;20210406;100000;56333.0000000;56465.0000000;56333.0000000;56404.0000000;83
SPFB.ROSN-6.21;60;20210406;110000;56460.0000000;56623.0000000;55885.0000000;55915.0000000;1417
SPFB.ROSN-6.21;60;20210406;120000;55903.0000000;56123.0000000;55809.0000000;55859.0000000;731
SPFB.ROSN-6.21;60;20210406;130000;55845.0000000;55910.0000000;55555.0000000;55575.0000000;1120
SPFB.ROSN-6.21;60;20210406;140000;55556.0000000;55613.0000000;55356.0000000;55369.0000000;643
SPFB.ROSN-6.21;60;20210406;150000;55409.0000000;55643.0000000;55206.0000000;55285.0000000;1660
SPFB.ROSN-6.21;60;20210406;160000;55239.0000000;55257.0000000;54884.0000000;54955.0000000;595
SPFB.ROSN-6.21;60;20210406;170000;54961.0000000;55339.0000000;54961.0000000;55334.0000000;685
SPFB.ROSN-6.21;60;20210406;180000;55331.0000000;55445.0000000;55207.0000000;55312.0000000;307
SPFB.ROSN-6.21;60;20210406;190000;55266.0000000;55316.0000000;55150.0000000;55162.0000000;222
SPFB.ROSN-6.21;60;20210406;200000;55154.0000000;55270.0000000;55131.0000000;55270.0000000;124
SPFB.ROSN-6.21;60;20210406;210000;55275.0000000;55312.0000000;55139.0000000;55232.0000000;84
SPFB.ROSN-6.21;60;20210406;220000;55262.0000000;55262.0000000;55196.0000000;55251.0000000;20
SPFB.ROSN-6.21;60;20210406;230000;55240.0000000;55240.0000000;55102.0000000;55121.0000000;54
SPFB.ROSN-6.21;60;20210407;000000;55106.0000000;55145.0000000;55055.0000000;55055.0000000;80
SPFB.ROSN-6.21;60;20210407;080000;55110.0000000;55200.0000000;55110.0000000;55200.0000000;23
SPFB.ROSN-6.21;60;20210407;090000;55200.0000000;55278.0000000;55172.0000000;55172.0000000;22
SPFB.ROSN-6.21;60;20210407;100000;55191.0000000;55191.0000000;55006.0000000;55021.0000000;76
SPFB.ROSN-6.21;60;20210407;110000;55021.0000000;55491.0000000;54679.0000000;55351.0000000;999
SPFB.ROSN-6.21;60;20210407;120000;55370.0000000;55532.0000000;55020.0000000;55356.0000000;683
SPFB.ROSN-6.21;60;20210407;130000;55359.0000000;55814.0000000;55359.0000000;55452.0000000;1036
SPFB.ROSN-6.21;60;20210407;140000;55464.0000000;55866.0000000;55279.0000000;55465.0000000;834
SPFB.ROSN-6.21;60;20210407;150000;55465.0000000;55475.0000000;55155.0000000;55295.0000000;696
SPFB.ROSN-6.21;60;20210407;160000;55333.0000000;55541.0000000;55318.0000000;55318.0000000;246
SPFB.ROSN-6.21;60;20210407;170000;55313.0000000;55547.0000000;55310.0000000;55509.0000000;256
SPFB.ROSN-6.21;60;20210407;180000;55495.0000000;55722.0000000;55402.0000000;55447.0000000;489
SPFB.ROSN-6.21;60;20210407;190000;55459.0000000;55459.0000000;55280.0000000;55339.0000000;587
SPFB.ROSN-6.21;60;20210407;200000;55340.0000000;55366.0000000;55250.0000000;55366.0000000;133
SPFB.ROSN-6.21;60;20210407;210000;55395.0000000;55465.0000000;55354.0000000;55437.0000000;86
SPFB.ROSN-6.21;60;20210407;220000;55440.0000000;55475.0000000;55415.0000000;55452.0000000;61
SPFB.ROSN-6.21;60;20210407;230000;55421.0000000;55461.0000000;55356.0000000;55461.0000000;41
SPFB.ROSN-6.21;60;20210408;000000;55474.0000000;55495.0000000;55408.0000000;55473.0000000;46
SPFB.ROSN-6.21;60;20210408;080000;55494.0000000;55495.0000000;55447.0000000;55495.0000000;32
SPFB.ROSN-6.21;60;20210408;090000;55495.0000000;55518.0000000;55456.0000000;55518.0000000;15
SPFB.ROSN-6.21;60;20210408;100000;55508.0000000;55580.0000000;55493.0000000;55575.0000000;77
SPFB.ROSN-6.21;60;20210408;110000;55575.0000000;55806.0000000;55391.0000000;55486.0000000;559
SPFB.ROSN-6.21;60;20210408;120000;55533.0000000;55612.0000000;55458.0000000;55458.0000000;100
SPFB.ROSN-6.21;60;20210408;130000;55457.0000000;55511.0000000;55185.0000000;55288.0000000;328
SPFB.ROSN-6.21;60;20210408;140000;55344.0000000;55353.0000000;55055.0000000;55088.0000000;495
SPFB.ROSN-6.21;60;20210408;150000;55095.0000000;55165.0000000;55065.0000000;55132.0000000;257
SPFB.ROSN-6.21;60;20210408;160000;55143.0000000;55300.0000000;55012.0000000;55167.0000000;542
SPFB.ROSN-6.21;60;20210408;170000;55208.0000000;55209.0000000;54947.0000000;54980.0000000;442
SPFB.ROSN-6.21;60;20210408;180000;54953.0000000;54977.0000000;54808.0000000;54872.0000000;193
SPFB.ROSN-6.21;60;20210408;190000;54888.0000000;55070.0000000;54850.0000000;55070.0000000;264
SPFB.ROSN-6.21;60;20210408;200000;55046.0000000;55070.0000000;55000.0000000;55039.0000000;57
SPFB.ROSN-6.21;60;20210408;210000;55035.0000000;55114.0000000;55035.0000000;55114.0000000;34
SPFB.ROSN-6.21;60;20210408;220000;55107.0000000;55205.0000000;55101.0000000;55180.0000000;109
SPFB.ROSN-6.21;60;20210408;230000;55163.0000000;55203.0000000;55144.0000000;55151.0000000;12
SPFB.ROSN-6.21;60;20210409;000000;55191.0000000;55249.0000000;55191.0000000;55241.0000000;40
SPFB.ROSN-6.21;60;20210409;080000;55234.0000000;55238.0000000;55101.0000000;55153.0000000;31
SPFB.ROSN-6.21;60;20210409;090000;55150.0000000;55150.0000000;55000.0000000;55001.0000000;36
SPFB.ROSN-6.21;60;20210409;100000;55002.0000000;55110.0000000;55002.0000000;55093.0000000;161
SPFB.ROSN-6.21;60;20210409;110000;55093.0000000;55125.0000000;54640.0000000;54761.0000000;998
SPFB.ROSN-6.21;60;20210409;120000;54737.0000000;54826.0000000;54613.0000000;54654.0000000;578
SPFB.ROSN-6.21;60;20210409;130000;54654.0000000;54689.0000000;54465.0000000;54502.0000000;499
SPFB.ROSN-6.21;60;20210409;140000;54502.0000000;54505.0000000;54097.0000000;54275.0000000;947
SPFB.ROSN-6.21;60;20210409;150000;54256.0000000;54275.0000000;53829.0000000;54079.0000000;1134
SPFB.ROSN-6.21;60;20210409;160000;54075.0000000;54212.0000000;53958.0000000;54050.0000000;364
SPFB.ROSN-6.21;60;20210409;170000;54025.0000000;54166.0000000;54000.0000000;54096.0000000;192
SPFB.ROSN-6.21;60;20210409;180000;54132.0000000;54135.0000000;53936.0000000;53978.0000000;267
SPFB.ROSN-6.21;60;20210409;190000;53997.0000000;54140.0000000;53851.0000000;53881.0000000;432
SPFB.ROSN-6.21;60;20210409;200000;53879.0000000;54063.0000000;53823.0000000;54028.0000000;88
SPFB.ROSN-6.21;60;20210409;210000;54028.0000000;54085.0000000;54010.0000000;54056.0000000;48
SPFB.ROSN-6.21;60;20210409;220000;54078.0000000;54098.0000000;54070.0000000;54073.0000000;17
SPFB.ROSN-6.21;60;20210409;230000;54050.0000000;54050.0000000;53920.0000000;53956.0000000;403
SPFB.ROSN-6.21;60;20210410;000000;53977.0000000;53977.0000000;53915.0000000;53915.0000000;281
