<TICKER>;<PER>;<DATE>;<TIME>;<OPEN>;<HIGH>;<LOW>;<CLOSE>;<VOL>
SPFB.ROSN-9.21;60;20201118;160000;44786.0000000;44786.0000000;44786.0000000;44786.0000000;1
SPFB.ROSN-9.21;60;20201210;000000;44567.0000000;44567.0000000;44567.0000000;44567.0000000;1
SPFB.ROSN-9.21;60;20201229;130000;44434.0000000;44434.0000000;44434.0000000;44434.0000000;1
SPFB.ROSN-9.21;60;20210111;170000;47501.0000000;47501.0000000;47501.0000000;47501.0000000;1
SPFB.ROSN-9.21;60;20210113;130000;48500.0000000;48500.0000000;48500.0000000;48500.0000000;1
SPFB.ROSN-9.21;60;20210115;180000;50998.0000000;50998.0000000;50998.0000000;50998.0000000;1
SPFB.ROSN-9.21;60;20210121;190000;50468.0000000;50468.0000000;50468.0000000;50468.0000000;1
SPFB.ROSN-9.21;60;20210202;000000;48137.0000000;48137.0000000;48137.0000000;48137.0000000;1
SPFB.ROSN-9.21;60;20210205;220000;50055.0000000;50082.0000000;50055.0000000;50082.0000000;2
SPFB.ROSN-9.21;60;20210205;230000;50082.0000000;50082.0000000;50082.0000000;50082.0000000;1
SPFB.ROSN-9.21;60;20210212;110000;49427.0000000;49427.0000000;49427.0000000;49427.0000000;1
SPFB.ROSN-9.21;60;20210218;190000;49648.0000000;49648.0000000;49648.0000000;49648.0000000;1
SPFB.ROSN-9.21;60;20210226;160000;51915.0000000;51915.0000000;51915.0000000;51915.0000000;1
SPFB.ROSN-9.21;60;20210302;140000;51850.0000000;52923.0000000;51850.0000000;52923.0000000;2
SPFB.ROSN-9.21;60;20210304;120000;53300.0000000;53300.0000000;53300.0000000;53300.0000000;1
SPFB.ROSN-9.21;60;20210319;160000;54885.0000000;54885.0000000;54885.0000000;54885.0000000;1
SPFB.ROSN-9.21;60;20210319;170000;54885.0000000;54885.0000000;54885.0000000;54885.0000000;1
SPFB.ROSN-9.21;60;20210322;180000;55935.0000000;55935.0000000;55865.0000000;55865.0000000;21
SPFB.ROSN-9.21;60;20210322;190000;55915.0000000;55915.0000000;55915.0000000;55915.0000000;1
SPFB.ROSN-9.21;60;20210323;180000;56272.0000000;56272.0000000;56272.0000000;56272.0000000;2
SPFB.ROSN-9.21;60;20210324;120000;56410.0000000;56410.0000000;56410.0000000;56410.0000000;1
SPFB.ROSN-9.21;60;20210324;190000;57120.0000000;57120.0000000;57120.0000000;57120.0000000;1
SPFB.ROSN-9.21;60;20210325;000000;56940.0000000;56940.0000000;56940.0000000;56940.0000000;1
SPFB.ROSN-9.21;60;20210325;230000;57009.0000000;57009.0000000;57009.0000000;57009.0000000;1
SPFB.ROSN-9.21;60;20210326;130000;57786.0000000;58000.0000000;57786.0000000;58000.0000000;2
SPFB.ROSN-9.21;60;20210326;140000;57761.0000000;57761.0000000;57761.0000000;57761.0000000;1
SPFB.ROSN-9.21;60;20210326;190000;57981.0000000;57981.0000000;57775.0000000;57775.0000000;4
SPFB.ROSN-9.21;60;20210329;100000;57890.0000000;57890.0000000;57890.0000000;57890.0000000;1
SPFB.ROSN-9.21;60;20210329;120000;57720.0000000;57720.0000000;57564.0000000;57564.0000000;4
SPFB.ROSN-9.21;60;20210329;140000;57800.0000000;57857.0000000;57800.0000000;57857.0000000;5
SPFB.ROSN-9.21;60;20210329;150000;57900.0000000;58000.0000000;57900.0000000;58000.0000000;2
SPFB.ROSN-9.21;60;20210329;160000;58100.0000000;58100.0000000;58100.0000000;58100.0000000;1
SPFB.ROSN-9.21;60;20210329;200000;57879.0000000;57879.0000000;57879.0000000;57879.0000000;1
SPFB.ROSN-9.21;60;20210330;190000;56802.0000000;56802.0000000;56802.0000000;56802.0000000;3
SPFB.ROSN-9.21;60;20210331;000000;56669.0000000;57335.0000000;56633.0000000;57335.0000000;8
SPFB.ROSN-9.21;60;20210331;160000;56800.0000000;56800.0000000;56800.0000000;56800.0000000;2
SPFB.ROSN-9.21;60;20210401;190000;56769.0000000;56769.0000000;56268.0000000;56268.0000000;3
SPFB.ROSN-9.21;60;20210402;160000;57100.0000000;57100.0000000;57100.0000000;57100.0000000;2
SPFB.ROSN-9.21;60;20210403;000000;57080.0000000;57080.0000000;57080.0000000;57080.0000000;1
SPFB.ROSN-9.21;60;20210405;110000;56500.0000000;56500.0000000;56500.0000000;56500.0000000;3
SPFB.ROSN-9.21;60;20210405;180000;56300.0000000;56300.0000000;56243.0000000;56243.0000000;4
SPFB.ROSN-9.21;60;20210406;120000;56125.0000000;56125.0000000;56125.0000000;56125.0000000;2
SPFB.ROSN-9.21;60;20210406;130000;55897.0000000;55897.0000000;55700.0000000;55700.0000000;7
SPFB.ROSN-9.21;60;20210406;160000;55354.0000000;55354.0000000;55354.0000000;55354.0000000;1
SPFB.ROSN-9.21;60;20210407;110000;54990.0000000;55200.0000000;54990.0000000;55200.0000000;4
SPFB.ROSN-9.21;60;20210407;180000;55586.0000000;55586.0000000;55586.0000000;55586.0000000;1
SPFB.ROSN-9.21;60;20210407;190000;55377.0000000;55377.0000000;55377.0000000;55377.0000000;1
SPFB.ROSN-9.21;60;20210408;140000;55171.0000000;55171.0000000;55171.0000000;55171.0000000;1
SPFB.ROSN-9.21;60;20210408;150000;54864.0000000;54864.0000000;54864.0000000;54864.0000000;1
SPFB.ROSN-9.21;60;20210409;000000;54907.0000000;54907.0000000;54907.0000000;54907.0000000;1
SPFB.ROSN-9.21;60;20210409;140000;54425.0000000;54425.0000000;54358.0000000;54358.0000000;4
SPFB.ROSN-9.21;60;20210409;200000;54137.0000000;54137.0000000;54137.0000000;54137.0000000;2
