<TICKER>;<PER>;<DATE>;<TIME>;<OPEN>;<HIGH>;<LOW>;<CLOSE>;<VOL>
SPFB.ROSN-3.20;60;20190417;120000;42955.0000000;46111.0000000;42955.0000000;46111.0000000;2
SPFB.ROSN-3.20;60;20190417;130000;47321.0000000;47321.0000000;43121.0000000;43121.0000000;2
SPFB.ROSN-3.20;60;20190604;120000;41850.0000000;45800.0000000;41850.0000000;45500.0000000;5
SPFB.ROSN-3.20;60;20190604;130000;42450.0000000;44900.0000000;42450.0000000;44900.0000000;4
SPFB.ROSN-3.20;60;20190606;220000;41450.0000000;44950.0000000;41450.0000000;44000.0000000;13
SPFB.ROSN-3.20;60;20190607;150000;43000.0000000;43000.0000000;42000.0000000;42000.0000000;2
SPFB.ROSN-3.20;60;20190607;160000;41500.0000000;44300.0000000;41300.0000000;41800.0000000;24
SPFB.ROSN-3.20;60;20190611;230000;44300.0000000;44300.0000000;44300.0000000;44300.0000000;1
SPFB.ROSN-3.20;60;20190614;120000;41515.0000000;43500.0000000;41515.0000000;43500.0000000;34
SPFB.ROSN-3.20;60;20190617;170000;41300.0000000;43700.0000000;41000.0000000;41000.0000000;25
SPFB.ROSN-3.20;60;20190704;160000;41763.0000000;41763.0000000;41763.0000000;41763.0000000;1
SPFB.ROSN-3.20;60;20190705;170000;41500.0000000;43500.0000000;41500.0000000;42400.0000000;112
SPFB.ROSN-3.20;60;20190708;110000;41000.0000000;44300.0000000;41000.0000000;44300.0000000;6
SPFB.ROSN-3.20;60;20190709;120000;41991.0000000;41991.0000000;41991.0000000;41991.0000000;1
SPFB.ROSN-3.20;60;20190709;130000;44090.0000000;44090.0000000;41992.0000000;43897.0000000;21
SPFB.ROSN-3.20;60;20190709;150000;41997.0000000;43718.0000000;41997.0000000;43718.0000000;14
SPFB.ROSN-3.20;60;20190709;160000;41994.0000000;43498.0000000;41994.0000000;43498.0000000;14
SPFB.ROSN-3.20;60;20190710;110000;41967.0000000;43477.0000000;41967.0000000;42015.0000000;12
SPFB.ROSN-3.20;60;20190710;120000;42800.0000000;43000.0000000;41900.0000000;43000.0000000;44
SPFB.ROSN-3.20;60;20190711;000000;43878.0000000;43878.0000000;43878.0000000;43878.0000000;1
SPFB.ROSN-3.20;60;20190715;120000;41859.0000000;43100.0000000;41859.0000000;43100.0000000;8
SPFB.ROSN-3.20;60;20190718;120000;41653.0000000;43194.0000000;41501.0000000;43194.0000000;74
SPFB.ROSN-3.20;60;20190718;130000;41505.0000000;43155.0000000;41505.0000000;43155.0000000;60
SPFB.ROSN-3.20;60;20190718;150000;41512.0000000;43087.0000000;41512.0000000;43087.0000000;16
SPFB.ROSN-3.20;60;20190820;230000;42022.0000000;42022.0000000;42022.0000000;42022.0000000;1
SPFB.ROSN-3.20;60;20190821;120000;40873.0000000;40873.0000000;40873.0000000;40873.0000000;1
SPFB.ROSN-3.20;60;20190903;160000;40370.0000000;40370.0000000;40370.0000000;40370.0000000;1
SPFB.ROSN-3.20;60;20190903;190000;41689.0000000;41689.0000000;41689.0000000;41689.0000000;1
SPFB.ROSN-3.20;60;20190903;210000;41964.0000000;41999.0000000;41964.0000000;41999.0000000;2
SPFB.ROSN-3.20;60;20190916;210000;42722.0000000;42722.0000000;42722.0000000;42722.0000000;3
SPFB.ROSN-3.20;60;20190917;140000;44960.0000000;44960.0000000;44960.0000000;44960.0000000;10
SPFB.ROSN-3.20;60;20190917;150000;44566.0000000;44566.0000000;44566.0000000;44566.0000000;1
SPFB.ROSN-3.20;60;20190917;170000;42911.0000000;42911.0000000;42911.0000000;42911.0000000;1
SPFB.ROSN-3.20;60;20190924;140000;43509.0000000;43509.0000000;43509.0000000;43509.0000000;1
SPFB.ROSN-3.20;60;20190924;150000;42825.0000000;42825.0000000;42825.0000000;42825.0000000;1
SPFB.ROSN-3.20;60;20190924;160000;42714.0000000;42714.0000000;42714.0000000;42714.0000000;1
SPFB.ROSN-3.20;60;20190926;120000;42177.0000000;42177.0000000;42177.0000000;42177.0000000;1
SPFB.ROSN-3.20;60;20190926;130000;42730.0000000;42730.0000000;42730.0000000;42730.0000000;1
SPFB.ROSN-3.20;60;20191003;180000;41194.0000000;41194.0000000;41194.0000000;41194.0000000;2
SPFB.ROSN-3.20;60;20191008;110000;41929.0000000;41929.0000000;41929.0000000;41929.0000000;1
SPFB.ROSN-3.20;60;20191009;130000;42022.0000000;42022.0000000;42022.0000000;42022.0000000;1
SPFB.ROSN-3.20;60;20191010;110000;41975.0000000;41975.0000000;41975.0000000;41975.0000000;10
SPFB.ROSN-3.20;60;20191011;130000;42118.0000000;42118.0000000;42118.0000000;42118.0000000;1
SPFB.ROSN-3.20;60;20191025;210000;43300.0000000;43300.0000000;43300.0000000;43300.0000000;1
SPFB.ROSN-3.20;60;20191028;140000;43179.0000000;43179.0000000;43179.0000000;43179.0000000;2
SPFB.ROSN-3.20;60;20191028;160000;43169.0000000;43169.0000000;43169.0000000;43169.0000000;1
SPFB.ROSN-3.20;60;20191028;180000;43160.0000000;43160.0000000;43160.0000000;43160.0000000;1
SPFB.ROSN-3.20;60;20191031;200000;43370.0000000;43370.0000000;43370.0000000;43370.0000000;1
SPFB.ROSN-3.20;60;20191105;130000;45899.0000000;45900.0000000;45823.0000000;45823.0000000;3
SPFB.ROSN-3.20;60;20191105;190000;45879.0000000;45879.0000000;45879.0000000;45879.0000000;1
SPFB.ROSN-3.20;60;20191106;120000;45770.0000000;45770.0000000;45770.0000000;45770.0000000;1
SPFB.ROSN-3.20;60;20191106;230000;46169.0000000;46169.0000000;46169.0000000;46169.0000000;1
SPFB.ROSN-3.20;60;20191107;190000;47484.0000000;47484.0000000;47484.0000000;47484.0000000;1
SPFB.ROSN-3.20;60;20191108;110000;46865.0000000;46875.0000000;46865.0000000;46875.0000000;3
SPFB.ROSN-3.20;60;20191114;180000;46400.0000000;46400.0000000;46400.0000000;46400.0000000;1
SPFB.ROSN-3.20;60;20191115;110000;46599.0000000;46600.0000000;46599.0000000;46600.0000000;2
SPFB.ROSN-3.20;60;20191115;120000;46269.0000000;46269.0000000;46269.0000000;46269.0000000;3
SPFB.ROSN-3.20;60;20191115;150000;46350.0000000;46350.0000000;46350.0000000;46350.0000000;5
SPFB.ROSN-3.20;60;20191115;160000;46250.0000000;46467.0000000;46250.0000000;46467.0000000;4
SPFB.ROSN-3.20;60;20191115;180000;46500.0000000;46500.0000000;46500.0000000;46500.0000000;2
SPFB.ROSN-3.20;60;20191115;190000;46493.0000000;46500.0000000;46493.0000000;46500.0000000;3
SPFB.ROSN-3.20;60;20191118;120000;46801.0000000;46801.0000000;46476.0000000;46476.0000000;7
SPFB.ROSN-3.20;60;20191118;170000;46570.0000000;46590.0000000;46500.0000000;46500.0000000;3
SPFB.ROSN-3.20;60;20191118;180000;46350.0000000;46350.0000000;46350.0000000;46350.0000000;5
SPFB.ROSN-3.20;60;20191119;110000;46150.0000000;46150.0000000;46150.0000000;46150.0000000;1
SPFB.ROSN-3.20;60;20191119;180000;46000.0000000;46000.0000000;46000.0000000;46000.0000000;10
SPFB.ROSN-3.20;60;20191119;200000;46127.0000000;46300.0000000;46005.0000000;46285.0000000;19
SPFB.ROSN-3.20;60;20191119;230000;46065.0000000;46065.0000000;46065.0000000;46065.0000000;1
SPFB.ROSN-3.20;60;20191120;110000;45700.0000000;45700.0000000;45700.0000000;45700.0000000;1
SPFB.ROSN-3.20;60;20191120;120000;45350.0000000;45350.0000000;45303.0000000;45303.0000000;9
SPFB.ROSN-3.20;60;20191120;130000;45336.0000000;45570.0000000;45336.0000000;45570.0000000;45
SPFB.ROSN-3.20;60;20191120;140000;46028.0000000;46028.0000000;46028.0000000;46028.0000000;1
SPFB.ROSN-3.20;60;20191120;170000;45675.0000000;45675.0000000;45675.0000000;45675.0000000;2
SPFB.ROSN-3.20;60;20191126;150000;45781.0000000;45948.0000000;44507.0000000;45870.0000000;28
SPFB.ROSN-3.20;60;20191126;160000;45945.0000000;45945.0000000;45945.0000000;45945.0000000;1
SPFB.ROSN-3.20;60;20191126;210000;45897.0000000;45897.0000000;45897.0000000;45897.0000000;2
SPFB.ROSN-3.20;60;20191127;220000;45360.0000000;45360.0000000;45360.0000000;45360.0000000;2
SPFB.ROSN-3.20;60;20191128;120000;45149.0000000;45150.0000000;45149.0000000;45150.0000000;3
SPFB.ROSN-3.20;60;20191129;190000;44930.0000000;44930.0000000;44930.0000000;44930.0000000;5
SPFB.ROSN-3.20;60;20191129;210000;44900.0000000;44900.0000000;44900.0000000;44900.0000000;5
SPFB.ROSN-3.20;60;20191202;110000;44933.0000000;45043.0000000;44933.0000000;45043.0000000;6
SPFB.ROSN-3.20;60;20191202;140000;45223.0000000;45223.0000000;45223.0000000;45223.0000000;1
SPFB.ROSN-3.20;60;20191202;180000;44989.0000000;44989.0000000;44600.0000000;44600.0000000;14
SPFB.ROSN-3.20;60;20191202;200000;44300.0000000;44300.0000000;44300.0000000;44300.0000000;20
SPFB.ROSN-3.20;60;20191203;110000;44685.0000000;44685.0000000;44500.0000000;44500.0000000;6
SPFB.ROSN-3.20;60;20191203;120000;44535.0000000;44535.0000000;44535.0000000;44535.0000000;1
SPFB.ROSN-3.20;60;20191203;130000;44535.0000000;44535.0000000;44535.0000000;44535.0000000;1
SPFB.ROSN-3.20;60;20191203;140000;44670.0000000;44670.0000000;44535.0000000;44535.0000000;8
SPFB.ROSN-3.20;60;20191203;170000;44350.0000000;44350.0000000;44350.0000000;44350.0000000;2
SPFB.ROSN-3.20;60;20191203;180000;44350.0000000;44350.0000000;44091.0000000;44091.0000000;24
SPFB.ROSN-3.20;60;20191203;190000;44217.0000000;44217.0000000;44217.0000000;44217.0000000;2
SPFB.ROSN-3.20;60;20191203;200000;44222.0000000;44222.0000000;44222.0000000;44222.0000000;5
SPFB.ROSN-3.20;60;20191203;210000;44412.0000000;44412.0000000;44400.0000000;44400.0000000;65
SPFB.ROSN-3.20;60;20191203;220000;44482.0000000;44482.0000000;44346.0000000;44346.0000000;4
SPFB.ROSN-3.20;60;20191204;110000;44197.0000000;44373.0000000;43500.0000000;44245.0000000;198
SPFB.ROSN-3.20;60;20191204;130000;44439.0000000;44640.0000000;44439.0000000;44627.0000000;206
SPFB.ROSN-3.20;60;20191204;140000;44625.0000000;44635.0000000;44566.0000000;44589.0000000;289
SPFB.ROSN-3.20;60;20191204;150000;44884.0000000;44884.0000000;44833.0000000;44833.0000000;4
SPFB.ROSN-3.20;60;20191204;180000;44833.0000000;45000.0000000;44833.0000000;45000.0000000;24
SPFB.ROSN-3.20;60;20191204;190000;44987.0000000;45224.0000000;44975.0000000;45224.0000000;7
SPFB.ROSN-3.20;60;20191204;200000;45099.0000000;45165.0000000;44700.0000000;45067.0000000;61
SPFB.ROSN-3.20;60;20191204;210000;45071.0000000;45075.0000000;45068.0000000;45075.0000000;7
SPFB.ROSN-3.20;60;20191204;230000;45080.0000000;45080.0000000;45080.0000000;45080.0000000;1
SPFB.ROSN-3.20;60;20191205;110000;45027.0000000;45030.0000000;45027.0000000;45030.0000000;7
SPFB.ROSN-3.20;60;20191205;130000;44566.0000000;44910.0000000;44501.0000000;44910.0000000;14
SPFB.ROSN-3.20;60;20191205;140000;44706.0000000;44814.0000000;44706.0000000;44814.0000000;2
SPFB.ROSN-3.20;60;20191205;150000;44691.0000000;44804.0000000;44690.0000000;44804.0000000;7
SPFB.ROSN-3.20;60;20191205;160000;44690.0000000;44690.0000000;44690.0000000;44690.0000000;3
SPFB.ROSN-3.20;60;20191205;170000;44521.0000000;44521.0000000;44501.0000000;44501.0000000;27
SPFB.ROSN-3.20;60;20191205;200000;44505.0000000;44680.0000000;44505.0000000;44680.0000000;60
SPFB.ROSN-3.20;60;20191205;230000;44824.0000000;44824.0000000;44824.0000000;44824.0000000;3
SPFB.ROSN-3.20;60;20191206;110000;44725.0000000;44943.0000000;44725.0000000;44906.0000000;24
SPFB.ROSN-3.20;60;20191206;120000;44816.0000000;44850.0000000;44671.0000000;44809.0000000;26
SPFB.ROSN-3.20;60;20191206;130000;44787.0000000;44814.0000000;44710.0000000;44717.0000000;56
SPFB.ROSN-3.20;60;20191206;140000;44689.0000000;44689.0000000;44689.0000000;44689.0000000;2
SPFB.ROSN-3.20;60;20191206;150000;44638.0000000;44638.0000000;44638.0000000;44638.0000000;1
SPFB.ROSN-3.20;60;20191206;160000;44638.0000000;44718.0000000;44636.0000000;44718.0000000;11
SPFB.ROSN-3.20;60;20191206;170000;44793.0000000;44881.0000000;44793.0000000;44881.0000000;9
SPFB.ROSN-3.20;60;20191206;180000;45042.0000000;45409.0000000;45042.0000000;45409.0000000;4
SPFB.ROSN-3.20;60;20191206;190000;45400.0000000;45500.0000000;45400.0000000;45495.0000000;30
SPFB.ROSN-3.20;60;20191206;200000;45655.0000000;45655.0000000;45655.0000000;45655.0000000;1
SPFB.ROSN-3.20;60;20191206;230000;45666.0000000;45782.0000000;45666.0000000;45782.0000000;2
SPFB.ROSN-3.20;60;20191207;000000;45620.0000000;45620.0000000;45620.0000000;45620.0000000;64
SPFB.ROSN-3.20;60;20191209;110000;45785.0000000;45868.0000000;45577.0000000;45868.0000000;21
SPFB.ROSN-3.20;60;20191209;120000;45747.0000000;45747.0000000;45435.0000000;45435.0000000;4
SPFB.ROSN-3.20;60;20191209;130000;45485.0000000;45538.0000000;45485.0000000;45538.0000000;3
SPFB.ROSN-3.20;60;20191209;140000;45495.0000000;45495.0000000;45495.0000000;45495.0000000;1
SPFB.ROSN-3.20;60;20191209;150000;45445.0000000;45497.0000000;45400.0000000;45400.0000000;10
SPFB.ROSN-3.20;60;20191209;170000;45531.0000000;45531.0000000;45531.0000000;45531.0000000;1
SPFB.ROSN-3.20;60;20191209;220000;45638.0000000;45638.0000000;45638.0000000;45638.0000000;1
SPFB.ROSN-3.20;60;20191210;110000;45708.0000000;45708.0000000;45562.0000000;45639.0000000;15
SPFB.ROSN-3.20;60;20191210;120000;45731.0000000;45951.0000000;45731.0000000;45796.0000000;17
SPFB.ROSN-3.20;60;20191210;130000;45655.0000000;45724.0000000;45462.0000000;45723.0000000;21
SPFB.ROSN-3.20;60;20191210;140000;45744.0000000;45949.0000000;45744.0000000;45949.0000000;8
SPFB.ROSN-3.20;60;20191211;110000;45844.0000000;46034.0000000;45844.0000000;46034.0000000;7
SPFB.ROSN-3.20;60;20191211;120000;46030.0000000;46350.0000000;46030.0000000;46230.0000000;58
SPFB.ROSN-3.20;60;20191211;130000;46285.0000000;46301.0000000;46154.0000000;46154.0000000;8
SPFB.ROSN-3.20;60;20191211;140000;46246.0000000;46263.0000000;46094.0000000;46167.0000000;16
SPFB.ROSN-3.20;60;20191211;150000;46180.0000000;46180.0000000;46180.0000000;46180.0000000;1
SPFB.ROSN-3.20;60;20191211;160000;46179.0000000;46264.0000000;46140.0000000;46140.0000000;33
SPFB.ROSN-3.20;60;20191211;170000;46000.0000000;46083.0000000;46000.0000000;46083.0000000;2
SPFB.ROSN-3.20;60;20191211;180000;46184.0000000;46228.0000000;46099.0000000;46226.0000000;6
SPFB.ROSN-3.20;60;20191211;190000;46194.0000000;46194.0000000;46165.0000000;46165.0000000;2
SPFB.ROSN-3.20;60;20191211;200000;46174.0000000;46174.0000000;45864.0000000;45864.0000000;26
SPFB.ROSN-3.20;60;20191211;230000;46031.0000000;46031.0000000;45846.0000000;45846.0000000;4
SPFB.ROSN-3.20;60;20191212;110000;46197.0000000;46430.0000000;46197.0000000;46430.0000000;42
SPFB.ROSN-3.20;60;20191212;120000;46490.0000000;46630.0000000;46200.0000000;46362.0000000;46
SPFB.ROSN-3.20;60;20191212;130000;46290.0000000;46488.0000000;46257.0000000;46442.0000000;22
SPFB.ROSN-3.20;60;20191212;140000;46503.0000000;46507.0000000;46393.0000000;46400.0000000;39
SPFB.ROSN-3.20;60;20191212;150000;46310.0000000;46310.0000000;46253.0000000;46294.0000000;7
SPFB.ROSN-3.20;60;20191212;160000;46318.0000000;46373.0000000;46290.0000000;46373.0000000;5
SPFB.ROSN-3.20;60;20191212;170000;46407.0000000;46407.0000000;46125.0000000;46125.0000000;12
SPFB.ROSN-3.20;60;20191212;180000;46194.0000000;46194.0000000;46194.0000000;46194.0000000;1
SPFB.ROSN-3.20;60;20191212;190000;46250.0000000;46250.0000000;46136.0000000;46136.0000000;2
SPFB.ROSN-3.20;60;20191212;220000;46158.0000000;46158.0000000;46157.0000000;46157.0000000;8
SPFB.ROSN-3.20;60;20191213;110000;46197.0000000;46403.0000000;46197.0000000;46400.0000000;30
SPFB.ROSN-3.20;60;20191213;120000;46400.0000000;46430.0000000;46289.0000000;46289.0000000;28
SPFB.ROSN-3.20;60;20191213;130000;46281.0000000;46281.0000000;46018.0000000;46019.0000000;31
SPFB.ROSN-3.20;60;20191213;140000;46014.0000000;46148.0000000;45966.0000000;45966.0000000;24
SPFB.ROSN-3.20;60;20191213;150000;45926.0000000;46105.0000000;45926.0000000;46006.0000000;8
SPFB.ROSN-3.20;60;20191213;160000;45955.0000000;45955.0000000;45922.0000000;45922.0000000;35
SPFB.ROSN-3.20;60;20191213;180000;45993.0000000;45993.0000000;45993.0000000;45993.0000000;1
SPFB.ROSN-3.20;60;20191213;190000;45930.0000000;45994.0000000;45855.0000000;45972.0000000;59
SPFB.ROSN-3.20;60;20191216;110000;46024.0000000;46776.0000000;45683.0000000;45691.0000000;62
SPFB.ROSN-3.20;60;20191216;120000;45662.0000000;45780.0000000;45639.0000000;45679.0000000;98
SPFB.ROSN-3.20;60;20191216;130000;45659.0000000;45800.0000000;45659.0000000;45783.0000000;78
SPFB.ROSN-3.20;60;20191216;140000;45712.0000000;45812.0000000;45579.0000000;45740.0000000;122
SPFB.ROSN-3.20;60;20191216;150000;45693.0000000;45822.0000000;45693.0000000;45822.0000000;10
SPFB.ROSN-3.20;60;20191216;160000;45853.0000000;45853.0000000;45763.0000000;45790.0000000;30
SPFB.ROSN-3.20;60;20191216;170000;45784.0000000;45821.0000000;45666.0000000;45771.0000000;67
SPFB.ROSN-3.20;60;20191216;180000;45797.0000000;45797.0000000;45746.0000000;45792.0000000;18
SPFB.ROSN-3.20;60;20191216;190000;45752.0000000;45752.0000000;45695.0000000;45709.0000000;9
SPFB.ROSN-3.20;60;20191216;200000;45618.0000000;45702.0000000;45607.0000000;45702.0000000;28
SPFB.ROSN-3.20;60;20191216;210000;45727.0000000;45777.0000000;45717.0000000;45717.0000000;19
SPFB.ROSN-3.20;60;20191216;220000;45717.0000000;45775.0000000;45717.0000000;45775.0000000;20
SPFB.ROSN-3.20;60;20191216;230000;45755.0000000;45755.0000000;45755.0000000;45755.0000000;1
SPFB.ROSN-3.20;60;20191217;110000;45735.0000000;46008.0000000;45735.0000000;45888.0000000;77
SPFB.ROSN-3.20;60;20191217;120000;45887.0000000;45959.0000000;45837.0000000;45924.0000000;115
SPFB.ROSN-3.20;60;20191217;130000;45961.0000000;46078.0000000;45961.0000000;45984.0000000;95
SPFB.ROSN-3.20;60;20191217;140000;46074.0000000;46274.0000000;46074.0000000;46250.0000000;175
SPFB.ROSN-3.20;60;20191217;150000;46234.0000000;46234.0000000;46132.0000000;46132.0000000;856
SPFB.ROSN-3.20;60;20191217;160000;46117.0000000;46200.0000000;46000.0000000;46105.0000000;242
SPFB.ROSN-3.20;60;20191217;170000;46093.0000000;46130.0000000;46051.0000000;46074.0000000;19
SPFB.ROSN-3.20;60;20191217;180000;46051.0000000;46116.0000000;46015.0000000;46020.0000000;51
SPFB.ROSN-3.20;60;20191217;190000;46051.0000000;46051.0000000;45952.0000000;45959.0000000;72
SPFB.ROSN-3.20;60;20191217;200000;46027.0000000;46134.0000000;45988.0000000;46050.0000000;47
SPFB.ROSN-3.20;60;20191217;210000;46012.0000000;46075.0000000;46006.0000000;46006.0000000;33
SPFB.ROSN-3.20;60;20191217;220000;46048.0000000;46048.0000000;46048.0000000;46048.0000000;1
SPFB.ROSN-3.20;60;20191217;230000;46099.0000000;46125.0000000;46099.0000000;46125.0000000;5
SPFB.ROSN-3.20;60;20191218;000000;46056.0000000;46090.0000000;46031.0000000;46031.0000000;13
SPFB.ROSN-3.20;60;20191218;110000;46063.0000000;46200.0000000;45938.0000000;45938.0000000;179
SPFB.ROSN-3.20;60;20191218;120000;45968.0000000;46144.0000000;45968.0000000;46139.0000000;72
SPFB.ROSN-3.20;60;20191218;130000;46138.0000000;46194.0000000;46138.0000000;46166.0000000;77
SPFB.ROSN-3.20;60;20191218;140000;46196.0000000;46211.0000000;46101.0000000;46101.0000000;140
SPFB.ROSN-3.20;60;20191218;150000;46101.0000000;46201.0000000;46101.0000000;46118.0000000;47
SPFB.ROSN-3.20;60;20191218;160000;46161.0000000;46179.0000000;46116.0000000;46117.0000000;47
SPFB.ROSN-3.20;60;20191218;170000;46180.0000000;46189.0000000;46117.0000000;46188.0000000;169
SPFB.ROSN-3.20;60;20191218;180000;46185.0000000;46420.0000000;46172.0000000;46222.0000000;475
SPFB.ROSN-3.20;60;20191218;190000;46221.0000000;46280.0000000;46218.0000000;46280.0000000;53
SPFB.ROSN-3.20;60;20191218;200000;46284.0000000;46370.0000000;46257.0000000;46350.0000000;52
SPFB.ROSN-3.20;60;20191218;210000;46351.0000000;46377.0000000;46322.0000000;46341.0000000;27
SPFB.ROSN-3.20;60;20191218;220000;46307.0000000;46385.0000000;46274.0000000;46375.0000000;31
SPFB.ROSN-3.20;60;20191218;230000;46382.0000000;46390.0000000;46362.0000000;46390.0000000;13
SPFB.ROSN-3.20;60;20191219;000000;46368.0000000;46368.0000000;46310.0000000;46310.0000000;51
SPFB.ROSN-3.20;60;20191219;110000;46310.0000000;46393.0000000;46177.0000000;46340.0000000;491
SPFB.ROSN-3.20;60;20191219;120000;46348.0000000;46399.0000000;46242.0000000;46246.0000000;469
SPFB.ROSN-3.20;60;20191219;130000;46258.0000000;46258.0000000;46026.0000000;46080.0000000;817
SPFB.ROSN-3.20;60;20191219;140000;46069.0000000;46218.0000000;46050.0000000;46115.0000000;368
SPFB.ROSN-3.20;60;20191219;150000;46121.0000000;46197.0000000;46062.0000000;46097.0000000;553
SPFB.ROSN-3.20;60;20191219;160000;46109.0000000;46218.0000000;46102.0000000;46165.0000000;202
SPFB.ROSN-3.20;60;20191219;170000;46157.0000000;46157.0000000;45671.0000000;45830.0000000;1312
SPFB.ROSN-3.20;60;20191219;180000;45835.0000000;45835.0000000;45652.0000000;45768.0000000;569
SPFB.ROSN-3.20;60;20191219;190000;45731.0000000;45801.0000000;45681.0000000;45801.0000000;131
SPFB.ROSN-3.20;60;20191219;200000;45801.0000000;45978.0000000;45801.0000000;45924.0000000;67
SPFB.ROSN-3.20;60;20191219;210000;45924.0000000;45930.0000000;45910.0000000;45927.0000000;14
SPFB.ROSN-3.20;60;20191219;220000;45908.0000000;45939.0000000;45906.0000000;45939.0000000;25
SPFB.ROSN-3.20;60;20191219;230000;45934.0000000;45994.0000000;45934.0000000;45993.0000000;39
SPFB.ROSN-3.20;60;20191220;000000;45990.0000000;46016.0000000;45956.0000000;45981.0000000;45
SPFB.ROSN-3.20;60;20191220;110000;45980.0000000;46142.0000000;45640.0000000;45686.0000000;476
SPFB.ROSN-3.20;60;20191220;120000;45661.0000000;45810.0000000;45496.0000000;45727.0000000;988
SPFB.ROSN-3.20;60;20191220;130000;45740.0000000;45740.0000000;45588.0000000;45590.0000000;213
SPFB.ROSN-3.20;60;20191220;140000;45603.0000000;45603.0000000;45419.0000000;45460.0000000;247
SPFB.ROSN-3.20;60;20191220;150000;45442.0000000;45487.0000000;45401.0000000;45405.0000000;142
SPFB.ROSN-3.20;60;20191220;160000;45400.0000000;45520.0000000;45290.0000000;45488.0000000;371
SPFB.ROSN-3.20;60;20191220;170000;45497.0000000;45874.0000000;45497.0000000;45740.0000000;995
SPFB.ROSN-3.20;60;20191220;180000;45754.0000000;45933.0000000;45684.0000000;45688.0000000;594
SPFB.ROSN-3.20;60;20191220;190000;45724.0000000;45833.0000000;45714.0000000;45770.0000000;213
SPFB.ROSN-3.20;60;20191220;200000;45696.0000000;45859.0000000;45662.0000000;45820.0000000;76
SPFB.ROSN-3.20;60;20191220;210000;45835.0000000;45835.0000000;45790.0000000;45790.0000000;10
SPFB.ROSN-3.20;60;20191220;220000;45783.0000000;45814.0000000;45783.0000000;45814.0000000;12
SPFB.ROSN-3.20;60;20191220;230000;45824.0000000;46092.0000000;45824.0000000;46034.0000000;93
SPFB.ROSN-3.20;60;20191221;000000;46063.0000000;46070.0000000;45970.0000000;45975.0000000;96
SPFB.ROSN-3.20;60;20191223;110000;45963.0000000;46109.0000000;45901.0000000;45945.0000000;432
SPFB.ROSN-3.20;60;20191223;120000;45941.0000000;45941.0000000;45768.0000000;45806.0000000;408
SPFB.ROSN-3.20;60;20191223;130000;45786.0000000;45902.0000000;45744.0000000;45781.0000000;154
SPFB.ROSN-3.20;60;20191223;140000;45806.0000000;45920.0000000;45806.0000000;45864.0000000;180
SPFB.ROSN-3.20;60;20191223;150000;45894.0000000;45949.0000000;45861.0000000;45901.0000000;106
SPFB.ROSN-3.20;60;20191223;160000;45911.0000000;45926.0000000;45838.0000000;45838.0000000;160
SPFB.ROSN-3.20;60;20191223;170000;45860.0000000;45870.0000000;45839.0000000;45856.0000000;95
SPFB.ROSN-3.20;60;20191223;180000;45855.0000000;45858.0000000;45703.0000000;45724.0000000;820
SPFB.ROSN-3.20;60;20191223;190000;45753.0000000;45765.0000000;45631.0000000;45701.0000000;213
SPFB.ROSN-3.20;60;20191223;200000;45676.0000000;45705.0000000;45556.0000000;45633.0000000;164
SPFB.ROSN-3.20;60;20191223;210000;45668.0000000;45711.0000000;45668.0000000;45700.0000000;7
SPFB.ROSN-3.20;60;20191223;220000;45725.0000000;45750.0000000;45720.0000000;45724.0000000;34
SPFB.ROSN-3.20;60;20191223;230000;45750.0000000;45750.0000000;45724.0000000;45731.0000000;10
SPFB.ROSN-3.20;60;20191224;000000;45747.0000000;45828.0000000;45747.0000000;45755.0000000;37
SPFB.ROSN-3.20;60;20191224;110000;45821.0000000;45932.0000000;45763.0000000;45877.0000000;237
SPFB.ROSN-3.20;60;20191224;120000;45877.0000000;45888.0000000;45789.0000000;45863.0000000;557
SPFB.ROSN-3.20;60;20191224;130000;45865.0000000;45956.0000000;45823.0000000;45880.0000000;370
SPFB.ROSN-3.20;60;20191224;140000;45882.0000000;45921.0000000;45795.0000000;45826.0000000;239
SPFB.ROSN-3.20;60;20191224;150000;45849.0000000;45890.0000000;45829.0000000;45868.0000000;72
SPFB.ROSN-3.20;60;20191224;160000;45866.0000000;45910.0000000;45812.0000000;45885.0000000;282
SPFB.ROSN-3.20;60;20191224;170000;45867.0000000;45867.0000000;45819.0000000;45845.0000000;98
SPFB.ROSN-3.20;60;20191224;180000;45867.0000000;45949.0000000;45863.0000000;45898.0000000;168
SPFB.ROSN-3.20;60;20191224;190000;45892.0000000;45932.0000000;45857.0000000;45886.0000000;85
SPFB.ROSN-3.20;60;20191224;200000;45895.0000000;45931.0000000;45895.0000000;45907.0000000;13
SPFB.ROSN-3.20;60;20191224;210000;45900.0000000;45904.0000000;45899.0000000;45904.0000000;6
SPFB.ROSN-3.20;60;20191224;220000;45905.0000000;45949.0000000;45905.0000000;45949.0000000;10
SPFB.ROSN-3.20;60;20191224;230000;45975.0000000;45975.0000000;45974.0000000;45975.0000000;5
SPFB.ROSN-3.20;60;20191225;000000;45943.0000000;45943.0000000;45917.0000000;45917.0000000;11
SPFB.ROSN-3.20;60;20191225;110000;45901.0000000;46228.0000000;45870.0000000;46198.0000000;492
SPFB.ROSN-3.20;60;20191225;120000;46199.0000000;46208.0000000;46051.0000000;46093.0000000;234
SPFB.ROSN-3.20;60;20191225;130000;46103.0000000;46278.0000000;46050.0000000;46159.0000000;352
SPFB.ROSN-3.20;60;20191225;140000;46167.0000000;46242.0000000;46167.0000000;46198.0000000;49
SPFB.ROSN-3.20;60;20191225;150000;46176.0000000;46240.0000000;46142.0000000;46208.0000000;204
SPFB.ROSN-3.20;60;20191225;160000;46219.0000000;46249.0000000;46173.0000000;46194.0000000;114
SPFB.ROSN-3.20;60;20191225;170000;46196.0000000;46211.0000000;46171.0000000;46171.0000000;56
SPFB.ROSN-3.20;60;20191225;180000;46171.0000000;46171.0000000;46101.0000000;46139.0000000;233
SPFB.ROSN-3.20;60;20191225;190000;46147.0000000;46223.0000000;46142.0000000;46161.0000000;105
SPFB.ROSN-3.20;60;20191225;200000;46160.0000000;46239.0000000;46160.0000000;46160.0000000;26
SPFB.ROSN-3.20;60;20191225;210000;46199.0000000;46200.0000000;46160.0000000;46160.0000000;13
SPFB.ROSN-3.20;60;20191225;220000;46160.0000000;46160.0000000;46160.0000000;46160.0000000;1
SPFB.ROSN-3.20;60;20191225;230000;46162.0000000;46162.0000000;46160.0000000;46160.0000000;15
SPFB.ROSN-3.20;60;20191226;000000;46161.0000000;46161.0000000;46161.0000000;46161.0000000;2
SPFB.ROSN-3.20;60;20191226;110000;46202.0000000;46266.0000000;46200.0000000;46231.0000000;264
SPFB.ROSN-3.20;60;20191226;120000;46233.0000000;46240.0000000;46115.0000000;46196.0000000;714
SPFB.ROSN-3.20;60;20191226;130000;46208.0000000;46224.0000000;46168.0000000;46171.0000000;128
SPFB.ROSN-3.20;60;20191226;140000;46190.0000000;46199.0000000;46150.0000000;46150.0000000;136
SPFB.ROSN-3.20;60;20191226;150000;46161.0000000;46188.0000000;46133.0000000;46133.0000000;73
SPFB.ROSN-3.20;60;20191226;160000;46147.0000000;46184.0000000;46105.0000000;46184.0000000;73
SPFB.ROSN-3.20;60;20191226;170000;46165.0000000;46192.0000000;46122.0000000;46169.0000000;158
SPFB.ROSN-3.20;60;20191226;180000;46152.0000000;46228.0000000;46150.0000000;46194.0000000;94
SPFB.ROSN-3.20;60;20191226;190000;46166.0000000;46217.0000000;46026.0000000;46026.0000000;278
SPFB.ROSN-3.20;60;20191226;200000;46079.0000000;46140.0000000;45903.0000000;45903.0000000;144
SPFB.ROSN-3.20;60;20191226;210000;45905.0000000;45966.0000000;45905.0000000;45908.0000000;14
SPFB.ROSN-3.20;60;20191226;220000;45960.0000000;45967.0000000;45960.0000000;45967.0000000;22
SPFB.ROSN-3.20;60;20191226;230000;45967.0000000;46000.0000000;45967.0000000;46000.0000000;22
SPFB.ROSN-3.20;60;20191227;000000;46000.0000000;46000.0000000;46000.0000000;46000.0000000;1
SPFB.ROSN-3.20;60;20191227;110000;46018.0000000;46227.0000000;46018.0000000;46162.0000000;728
SPFB.ROSN-3.20;60;20191227;120000;46170.0000000;46183.0000000;45985.0000000;46123.0000000;788
SPFB.ROSN-3.20;60;20191227;130000;46101.0000000;46192.0000000;46077.0000000;46132.0000000;221
SPFB.ROSN-3.20;60;20191227;140000;46108.0000000;46178.0000000;46070.0000000;46157.0000000;170
SPFB.ROSN-3.20;60;20191227;150000;46160.0000000;46190.0000000;46107.0000000;46176.0000000;103
SPFB.ROSN-3.20;60;20191227;160000;46158.0000000;46190.0000000;46113.0000000;46149.0000000;180
SPFB.ROSN-3.20;60;20191227;170000;46159.0000000;46200.0000000;46141.0000000;46155.0000000;145
SPFB.ROSN-3.20;60;20191227;180000;46160.0000000;46160.0000000;46061.0000000;46062.0000000;360
SPFB.ROSN-3.20;60;20191227;190000;46061.0000000;46096.0000000;46000.0000000;46070.0000000;262
SPFB.ROSN-3.20;60;20191227;200000;46099.0000000;46123.0000000;46060.0000000;46067.0000000;24
SPFB.ROSN-3.20;60;20191227;210000;46067.0000000;46067.0000000;46005.0000000;46047.0000000;25
SPFB.ROSN-3.20;60;20191227;220000;46012.0000000;46020.0000000;46001.0000000;46020.0000000;26
SPFB.ROSN-3.20;60;20191228;000000;46035.0000000;46035.0000000;45946.0000000;45946.0000000;47
SPFB.ROSN-3.20;60;20191230;110000;45950.0000000;46004.0000000;45727.0000000;45809.0000000;670
SPFB.ROSN-3.20;60;20191230;120000;45831.0000000;45879.0000000;45675.0000000;45752.0000000;536
SPFB.ROSN-3.20;60;20191230;130000;45730.0000000;45758.0000000;45622.0000000;45692.0000000;184
SPFB.ROSN-3.20;60;20191230;140000;45668.0000000;45677.0000000;45593.0000000;45630.0000000;295
SPFB.ROSN-3.20;60;20191230;150000;45626.0000000;45682.0000000;45615.0000000;45682.0000000;108
SPFB.ROSN-3.20;60;20191230;160000;45695.0000000;45702.0000000;45535.0000000;45646.0000000;422
SPFB.ROSN-3.20;60;20191230;170000;45634.0000000;45726.0000000;45631.0000000;45716.0000000;266
SPFB.ROSN-3.20;60;20191230;180000;45701.0000000;45701.0000000;45588.0000000;45620.0000000;181
SPFB.ROSN-3.20;60;20191230;190000;45616.0000000;45708.0000000;45500.0000000;45588.0000000;362
SPFB.ROSN-3.20;60;20191230;200000;45599.0000000;45650.0000000;45551.0000000;45551.0000000;30
SPFB.ROSN-3.20;60;20191230;210000;45561.0000000;45576.0000000;45561.0000000;45576.0000000;78
SPFB.ROSN-3.20;60;20191230;220000;45574.0000000;45576.0000000;45561.0000000;45561.0000000;24
SPFB.ROSN-3.20;60;20191230;230000;45566.0000000;45566.0000000;45538.0000000;45538.0000000;16
SPFB.ROSN-3.20;60;20191231;000000;45544.0000000;45560.0000000;45537.0000000;45560.0000000;34
SPFB.ROSN-3.20;60;20200103;110000;45670.0000000;46185.0000000;45670.0000000;46042.0000000;799
SPFB.ROSN-3.20;60;20200103;120000;46065.0000000;46321.0000000;46052.0000000;46293.0000000;1229
SPFB.ROSN-3.20;60;20200103;130000;46285.0000000;46433.0000000;46235.0000000;46330.0000000;444
SPFB.ROSN-3.20;60;20200103;140000;46364.0000000;46450.0000000;46313.0000000;46381.0000000;235
SPFB.ROSN-3.20;60;20200103;150000;46397.0000000;46471.0000000;46327.0000000;46395.0000000;383
SPFB.ROSN-3.20;60;20200103;160000;46420.0000000;46421.0000000;46169.0000000;46179.0000000;742
SPFB.ROSN-3.20;60;20200103;170000;46167.0000000;46344.0000000;46166.0000000;46191.0000000;398
SPFB.ROSN-3.20;60;20200103;180000;46233.0000000;46291.0000000;46156.0000000;46270.0000000;241
SPFB.ROSN-3.20;60;20200103;190000;46246.0000000;46278.0000000;46145.0000000;46150.0000000;194
SPFB.ROSN-3.20;60;20200103;200000;46111.0000000;46220.0000000;46110.0000000;46160.0000000;25
SPFB.ROSN-3.20;60;20200103;210000;46199.0000000;46200.0000000;46162.0000000;46198.0000000;20
SPFB.ROSN-3.20;60;20200103;220000;46171.0000000;46197.0000000;46114.0000000;46197.0000000;24
SPFB.ROSN-3.20;60;20200103;230000;46175.0000000;46193.0000000;46088.0000000;46143.0000000;18
SPFB.ROSN-3.20;60;20200104;000000;46147.0000000;46155.0000000;45978.0000000;46125.0000000;62
SPFB.ROSN-3.20;60;20200106;110000;46155.0000000;46622.0000000;46128.0000000;46255.0000000;1278
SPFB.ROSN-3.20;60;20200106;120000;46280.0000000;46614.0000000;46268.0000000;46431.0000000;751
SPFB.ROSN-3.20;60;20200106;130000;46424.0000000;46452.0000000;46030.0000000;46050.0000000;465
SPFB.ROSN-3.20;60;20200106;140000;46016.0000000;46104.0000000;45912.0000000;46010.0000000;603
SPFB.ROSN-3.20;60;20200106;150000;46015.0000000;46288.0000000;46002.0000000;46288.0000000;533
SPFB.ROSN-3.20;60;20200106;160000;46260.0000000;46283.0000000;46029.0000000;46141.0000000;893
SPFB.ROSN-3.20;60;20200106;170000;46100.0000000;46155.0000000;46011.0000000;46011.0000000;731
SPFB.ROSN-3.20;60;20200106;180000;46027.0000000;46181.0000000;46027.0000000;46143.0000000;588
SPFB.ROSN-3.20;60;20200106;190000;46135.0000000;46156.0000000;46040.0000000;46051.0000000;172
SPFB.ROSN-3.20;60;20200106;200000;46094.0000000;46160.0000000;46011.0000000;46157.0000000;108
SPFB.ROSN-3.20;60;20200106;210000;46109.0000000;46160.0000000;46109.0000000;46115.0000000;7
SPFB.ROSN-3.20;60;20200106;220000;46160.0000000;46189.0000000;46160.0000000;46189.0000000;62
SPFB.ROSN-3.20;60;20200106;230000;46189.0000000;46189.0000000;46133.0000000;46168.0000000;18
SPFB.ROSN-3.20;60;20200107;000000;46168.0000000;46209.0000000;46168.0000000;46183.0000000;47
SPFB.ROSN-3.20;60;20200108;110000;46213.0000000;46814.0000000;46148.0000000;46676.0000000;883
SPFB.ROSN-3.20;60;20200108;120000;46677.0000000;46730.0000000;46287.0000000;46321.0000000;865
SPFB.ROSN-3.20;60;20200108;130000;46310.0000000;46379.0000000;45701.0000000;46246.0000000;1103
SPFB.ROSN-3.20;60;20200108;140000;46230.0000000;46266.0000000;46144.0000000;46221.0000000;194
SPFB.ROSN-3.20;60;20200108;150000;46220.0000000;46220.0000000;46021.0000000;46085.0000000;475
SPFB.ROSN-3.20;60;20200108;160000;46080.0000000;46140.0000000;46009.0000000;46059.0000000;158
SPFB.ROSN-3.20;60;20200108;170000;46060.0000000;46200.0000000;46026.0000000;46092.0000000;944
SPFB.ROSN-3.20;60;20200108;180000;46062.0000000;46089.0000000;45880.0000000;45904.0000000;563
SPFB.ROSN-3.20;60;20200108;190000;45912.0000000;45923.0000000;45773.0000000;45788.0000000;811
SPFB.ROSN-3.20;60;20200108;200000;45760.0000000;45888.0000000;45571.0000000;45603.0000000;153
SPFB.ROSN-3.20;60;20200108;210000;45603.0000000;45839.0000000;45603.0000000;45648.0000000;95
SPFB.ROSN-3.20;60;20200108;220000;45648.0000000;45648.0000000;45519.0000000;45595.0000000;37
SPFB.ROSN-3.20;60;20200108;230000;45550.0000000;45550.0000000;45505.0000000;45550.0000000;46
SPFB.ROSN-3.20;60;20200109;000000;45516.0000000;45572.0000000;45500.0000000;45572.0000000;50
SPFB.ROSN-3.20;60;20200109;110000;45667.0000000;46076.0000000;45602.0000000;45943.0000000;977
SPFB.ROSN-3.20;60;20200109;120000;45912.0000000;46028.0000000;45671.0000000;45895.0000000;621
SPFB.ROSN-3.20;60;20200109;130000;45906.0000000;46040.0000000;45906.0000000;46025.0000000;450
SPFB.ROSN-3.20;60;20200109;140000;46029.0000000;46147.0000000;45960.0000000;45960.0000000;544
SPFB.ROSN-3.20;60;20200109;150000;45980.0000000;46178.0000000;45964.0000000;46140.0000000;456
SPFB.ROSN-3.20;60;20200109;160000;46147.0000000;46350.0000000;46112.0000000;46334.0000000;804
SPFB.ROSN-3.20;60;20200109;170000;46315.0000000;46617.0000000;46269.0000000;46558.0000000;791
SPFB.ROSN-3.20;60;20200109;180000;46550.0000000;46582.0000000;46366.0000000;46378.0000000;620
SPFB.ROSN-3.20;60;20200109;190000;46364.0000000;46600.0000000;46361.0000000;46527.0000000;330
SPFB.ROSN-3.20;60;20200109;200000;46411.0000000;46481.0000000;46406.0000000;46442.0000000;40
SPFB.ROSN-3.20;60;20200109;210000;46430.0000000;46445.0000000;46362.0000000;46380.0000000;45
SPFB.ROSN-3.20;60;20200109;220000;46418.0000000;46469.0000000;46400.0000000;46450.0000000;50
SPFB.ROSN-3.20;60;20200109;230000;46450.0000000;46528.0000000;46450.0000000;46518.0000000;40
SPFB.ROSN-3.20;60;20200110;000000;46517.0000000;46605.0000000;46517.0000000;46528.0000000;23
SPFB.ROSN-3.20;60;20200110;110000;46594.0000000;46594.0000000;46221.0000000;46342.0000000;808
SPFB.ROSN-3.20;60;20200110;120000;46313.0000000;47177.0000000;46277.0000000;47084.0000000;1725
SPFB.ROSN-3.20;60;20200110;130000;47085.0000000;47509.0000000;47085.0000000;47310.0000000;1722
SPFB.ROSN-3.20;60;20200110;140000;47322.0000000;47750.0000000;47259.0000000;47617.0000000;1243
SPFB.ROSN-3.20;60;20200110;150000;47657.0000000;47979.0000000;47644.0000000;47814.0000000;1310
SPFB.ROSN-3.20;60;20200110;160000;47821.0000000;47966.0000000;47720.0000000;47903.0000000;741
SPFB.ROSN-3.20;60;20200110;170000;47893.0000000;47893.0000000;47531.0000000;47586.0000000;1109
SPFB.ROSN-3.20;60;20200110;180000;47585.0000000;47925.0000000;47511.0000000;47925.0000000;784
SPFB.ROSN-3.20;60;20200110;190000;47931.0000000;48109.0000000;47698.0000000;47764.0000000;821
SPFB.ROSN-3.20;60;20200110;200000;47764.0000000;47880.0000000;47725.0000000;47725.0000000;56
SPFB.ROSN-3.20;60;20200110;210000;47726.0000000;47762.0000000;47700.0000000;47749.0000000;53
SPFB.ROSN-3.20;60;20200110;220000;47784.0000000;47814.0000000;47750.0000000;47814.0000000;15
SPFB.ROSN-3.20;60;20200110;230000;47761.0000000;47825.0000000;47761.0000000;47820.0000000;31
SPFB.ROSN-3.20;60;20200111;000000;47820.0000000;47894.0000000;47820.0000000;47877.0000000;35
SPFB.ROSN-3.20;60;20200113;110000;47890.0000000;48407.0000000;47760.0000000;48362.0000000;1343
SPFB.ROSN-3.20;60;20200113;120000;48323.0000000;48398.0000000;47999.0000000;48355.0000000;1323
SPFB.ROSN-3.20;60;20200113;130000;48362.0000000;48458.0000000;48283.0000000;48380.0000000;856
SPFB.ROSN-3.20;60;20200113;140000;48388.0000000;48598.0000000;48388.0000000;48460.0000000;645
SPFB.ROSN-3.20;60;20200113;150000;48452.0000000;48465.0000000;48300.0000000;48365.0000000;717
SPFB.ROSN-3.20;60;20200113;160000;48390.0000000;48497.0000000;48356.0000000;48439.0000000;314
SPFB.ROSN-3.20;60;20200113;170000;48437.0000000;48738.0000000;48399.0000000;48677.0000000;853
SPFB.ROSN-3.20;60;20200113;180000;48654.0000000;48724.0000000;48431.0000000;48569.0000000;898
SPFB.ROSN-3.20;60;20200113;190000;48528.0000000;48680.0000000;48500.0000000;48639.0000000;248
SPFB.ROSN-3.20;60;20200113;200000;48680.0000000;48800.0000000;48678.0000000;48800.0000000;55
SPFB.ROSN-3.20;60;20200113;210000;48762.0000000;48800.0000000;48668.0000000;48676.0000000;55
SPFB.ROSN-3.20;60;20200113;220000;48677.0000000;48699.0000000;48677.0000000;48699.0000000;33
SPFB.ROSN-3.20;60;20200113;230000;48751.0000000;48836.0000000;48699.0000000;48836.0000000;136
SPFB.ROSN-3.20;60;20200114;000000;48790.0000000;48828.0000000;48733.0000000;48733.0000000;19
SPFB.ROSN-3.20;60;20200114;110000;48718.0000000;49199.0000000;48570.0000000;48846.0000000;1161
SPFB.ROSN-3.20;60;20200114;120000;48812.0000000;49019.0000000;48711.0000000;48916.0000000;991
SPFB.ROSN-3.20;60;20200114;130000;48911.0000000;48917.0000000;48751.0000000;48761.0000000;587
SPFB.ROSN-3.20;60;20200114;140000;48765.0000000;48944.0000000;48580.0000000;48693.0000000;1183
SPFB.ROSN-3.20;60;20200114;150000;48679.0000000;48679.0000000;48351.0000000;48384.0000000;834
SPFB.ROSN-3.20;60;20200114;160000;48392.0000000;48392.0000000;48096.0000000;48237.0000000;439
SPFB.ROSN-3.20;60;20200114;170000;48250.0000000;48256.0000000;47811.0000000;48172.0000000;654
SPFB.ROSN-3.20;60;20200114;180000;48179.0000000;48235.0000000;47996.0000000;48019.0000000;225
SPFB.ROSN-3.20;60;20200114;190000;48017.0000000;48191.0000000;48017.0000000;48038.0000000;430
SPFB.ROSN-3.20;60;20200114;200000;48008.0000000;48114.0000000;47960.0000000;48030.0000000;69
SPFB.ROSN-3.20;60;20200114;210000;47987.0000000;48030.0000000;47987.0000000;48030.0000000;4
SPFB.ROSN-3.20;60;20200114;220000;48032.0000000;48033.0000000;47962.0000000;47962.0000000;29
SPFB.ROSN-3.20;60;20200114;230000;47942.0000000;47942.0000000;47838.0000000;47940.0000000;19
SPFB.ROSN-3.20;60;20200115;000000;47940.0000000;47948.0000000;47907.0000000;47948.0000000;7
SPFB.ROSN-3.20;60;20200115;110000;47900.0000000;47957.0000000;47560.0000000;47748.0000000;681
SPFB.ROSN-3.20;60;20200115;120000;47736.0000000;48043.0000000;47733.0000000;47950.0000000;481
SPFB.ROSN-3.20;60;20200115;130000;47963.0000000;48130.0000000;47919.0000000;47920.0000000;150
SPFB.ROSN-3.20;60;20200115;140000;47920.0000000;47936.0000000;47781.0000000;47894.0000000;306
SPFB.ROSN-3.20;60;20200115;150000;47913.0000000;47926.0000000;47781.0000000;47884.0000000;132
SPFB.ROSN-3.20;60;20200115;160000;47878.0000000;47887.0000000;47785.0000000;47879.0000000;148
SPFB.ROSN-3.20;60;20200115;170000;47904.0000000;47912.0000000;47566.0000000;47747.0000000;493
SPFB.ROSN-3.20;60;20200115;180000;47732.0000000;48719.0000000;47731.0000000;48206.0000000;1759
SPFB.ROSN-3.20;60;20200115;190000;48142.0000000;48187.0000000;47844.0000000;48006.0000000;405
SPFB.ROSN-3.20;60;20200115;200000;48069.0000000;48352.0000000;48069.0000000;48251.0000000;206
SPFB.ROSN-3.20;60;20200115;210000;48270.0000000;48271.0000000;48130.0000000;48151.0000000;38
SPFB.ROSN-3.20;60;20200115;220000;48109.0000000;48230.0000000;48108.0000000;48145.0000000;24
SPFB.ROSN-3.20;60;20200115;230000;48152.0000000;48152.0000000;48125.0000000;48125.0000000;3
SPFB.ROSN-3.20;60;20200116;000000;48159.0000000;48209.0000000;48134.0000000;48134.0000000;12
SPFB.ROSN-3.20;60;20200116;110000;48175.0000000;48627.0000000;48175.0000000;48480.0000000;331
SPFB.ROSN-3.20;60;20200116;120000;48506.0000000;48660.0000000;48240.0000000;48594.0000000;734
SPFB.ROSN-3.20;60;20200116;130000;48602.0000000;48719.0000000;48402.0000000;48441.0000000;681
SPFB.ROSN-3.20;60;20200116;140000;48457.0000000;48539.0000000;48273.0000000;48360.0000000;445
SPFB.ROSN-3.20;60;20200116;150000;48355.0000000;48361.0000000;48178.0000000;48240.0000000;243
SPFB.ROSN-3.20;60;20200116;160000;48208.0000000;48431.0000000;48208.0000000;48415.0000000;449
SPFB.ROSN-3.20;60;20200116;170000;48400.0000000;48517.0000000;48372.0000000;48404.0000000;325
SPFB.ROSN-3.20;60;20200116;180000;48410.0000000;48627.0000000;48410.0000000;48487.0000000;402
SPFB.ROSN-3.20;60;20200116;190000;48514.0000000;48554.0000000;48420.0000000;48554.0000000;266
SPFB.ROSN-3.20;60;20200116;200000;48495.0000000;48591.0000000;48470.0000000;48568.0000000;12
SPFB.ROSN-3.20;60;20200116;210000;48559.0000000;48609.0000000;48559.0000000;48575.0000000;6
SPFB.ROSN-3.20;60;20200116;220000;48590.0000000;48600.0000000;48590.0000000;48600.0000000;6
SPFB.ROSN-3.20;60;20200116;230000;48603.0000000;48603.0000000;48600.0000000;48600.0000000;28
SPFB.ROSN-3.20;60;20200117;000000;48575.0000000;48601.0000000;48560.0000000;48601.0000000;15
SPFB.ROSN-3.20;60;20200117;110000;48601.0000000;49093.0000000;48542.0000000;49083.0000000;671
SPFB.ROSN-3.20;60;20200117;120000;49085.0000000;49115.0000000;48890.0000000;48990.0000000;504
SPFB.ROSN-3.20;60;20200117;130000;48976.0000000;49100.0000000;48877.0000000;48937.0000000;517
SPFB.ROSN-3.20;60;20200117;140000;48935.0000000;49048.0000000;48902.0000000;48915.0000000;115
SPFB.ROSN-3.20;60;20200117;150000;48987.0000000;49189.0000000;48962.0000000;49100.0000000;705
SPFB.ROSN-3.20;60;20200117;160000;49129.0000000;49240.0000000;49051.0000000;49150.0000000;252
SPFB.ROSN-3.20;60;20200117;170000;49140.0000000;49140.0000000;48954.0000000;49012.0000000;371
SPFB.ROSN-3.20;60;20200117;180000;49041.0000000;49106.0000000;48822.0000000;48939.0000000;581
SPFB.ROSN-3.20;60;20200117;190000;48952.0000000;49084.0000000;48946.0000000;49084.0000000;344
SPFB.ROSN-3.20;60;20200117;200000;49012.0000000;49025.0000000;48917.0000000;49020.0000000;15
SPFB.ROSN-3.20;60;20200117;210000;49020.0000000;49094.0000000;49020.0000000;49094.0000000;18
SPFB.ROSN-3.20;60;20200117;220000;49094.0000000;49163.0000000;49094.0000000;49163.0000000;7
SPFB.ROSN-3.20;60;20200117;230000;49140.0000000;49214.0000000;49100.0000000;49175.0000000;10
SPFB.ROSN-3.20;60;20200118;000000;49212.0000000;49304.0000000;49141.0000000;49200.0000000;36
SPFB.ROSN-3.20;60;20200120;110000;49350.0000000;49454.0000000;49040.0000000;49081.0000000;488
SPFB.ROSN-3.20;60;20200120;120000;49114.0000000;49211.0000000;49051.0000000;49140.0000000;497
SPFB.ROSN-3.20;60;20200120;130000;49122.0000000;49160.0000000;49070.0000000;49096.0000000;214
SPFB.ROSN-3.20;60;20200120;140000;49096.0000000;49158.0000000;48968.0000000;49117.0000000;408
SPFB.ROSN-3.20;60;20200120;150000;49105.0000000;49153.0000000;49087.0000000;49119.0000000;149
SPFB.ROSN-3.20;60;20200120;160000;49120.0000000;49134.0000000;49095.0000000;49112.0000000;51
SPFB.ROSN-3.20;60;20200120;170000;49124.0000000;49224.0000000;49081.0000000;49100.0000000;366
SPFB.ROSN-3.20;60;20200120;180000;49143.0000000;49204.0000000;49016.0000000;49116.0000000;660
SPFB.ROSN-3.20;60;20200120;190000;49129.0000000;49129.0000000;48947.0000000;48947.0000000;604
SPFB.ROSN-3.20;60;20200120;200000;48947.0000000;49034.0000000;48879.0000000;48978.0000000;103
SPFB.ROSN-3.20;60;20200120;210000;48950.0000000;49035.0000000;48910.0000000;49012.0000000;15
SPFB.ROSN-3.20;60;20200120;220000;49015.0000000;49035.0000000;48986.0000000;49000.0000000;13
SPFB.ROSN-3.20;60;20200120;230000;48946.0000000;48998.0000000;48946.0000000;48998.0000000;6
SPFB.ROSN-3.20;60;20200121;000000;49000.0000000;49002.0000000;49000.0000000;49002.0000000;19
SPFB.ROSN-3.20;60;20200121;110000;48998.0000000;48998.0000000;48400.0000000;48595.0000000;687
SPFB.ROSN-3.20;60;20200121;120000;48585.0000000;48830.0000000;48536.0000000;48830.0000000;408
SPFB.ROSN-3.20;60;20200121;130000;48832.0000000;48963.0000000;48713.0000000;48722.0000000;365
SPFB.ROSN-3.20;60;20200121;140000;48753.0000000;48809.0000000;48720.0000000;48770.0000000;242
SPFB.ROSN-3.20;60;20200121;150000;48777.0000000;48823.0000000;48735.0000000;48762.0000000;329
SPFB.ROSN-3.20;60;20200121;160000;48775.0000000;48827.0000000;48752.0000000;48793.0000000;126
SPFB.ROSN-3.20;60;20200121;170000;48763.0000000;48940.0000000;48747.0000000;48888.0000000;213
SPFB.ROSN-3.20;60;20200121;180000;48913.0000000;49098.0000000;48911.0000000;49076.0000000;500
SPFB.ROSN-3.20;60;20200121;190000;49088.0000000;49178.0000000;49045.0000000;49077.0000000;432
SPFB.ROSN-3.20;60;20200121;200000;49051.0000000;49102.0000000;49045.0000000;49102.0000000;33
SPFB.ROSN-3.20;60;20200121;210000;49136.0000000;49190.0000000;49136.0000000;49146.0000000;21
SPFB.ROSN-3.20;60;20200121;220000;49200.0000000;49224.0000000;49110.0000000;49110.0000000;25
SPFB.ROSN-3.20;60;20200121;230000;49110.0000000;49110.0000000;49100.0000000;49105.0000000;29
SPFB.ROSN-3.20;60;20200122;000000;49095.0000000;49095.0000000;49056.0000000;49090.0000000;14
SPFB.ROSN-3.20;60;20200122;110000;49095.0000000;49325.0000000;48481.0000000;48490.0000000;1799
SPFB.ROSN-3.20;60;20200122;120000;48546.0000000;48672.0000000;48494.0000000;48575.0000000;698
SPFB.ROSN-3.20;60;20200122;130000;48574.0000000;48593.0000000;48475.0000000;48517.0000000;716
SPFB.ROSN-3.20;60;20200122;140000;48517.0000000;48575.0000000;48375.0000000;48400.0000000;580
SPFB.ROSN-3.20;60;20200122;150000;48401.0000000;48401.0000000;48052.0000000;48106.0000000;1551
SPFB.ROSN-3.20;60;20200122;160000;48106.0000000;48321.0000000;48106.0000000;48256.0000000;375
SPFB.ROSN-3.20;60;20200122;170000;48221.0000000;48334.0000000;48120.0000000;48227.0000000;419
SPFB.ROSN-3.20;60;20200122;180000;48226.0000000;48415.0000000;48226.0000000;48291.0000000;438
SPFB.ROSN-3.20;60;20200122;190000;48318.0000000;48335.0000000;48130.0000000;48130.0000000;356
SPFB.ROSN-3.20;60;20200122;200000;48180.0000000;48476.0000000;48150.0000000;48344.0000000;552
SPFB.ROSN-3.20;60;20200122;210000;48273.0000000;48322.0000000;48273.0000000;48322.0000000;18
SPFB.ROSN-3.20;60;20200122;220000;48322.0000000;48400.0000000;48322.0000000;48360.0000000;65
SPFB.ROSN-3.20;60;20200122;230000;48379.0000000;48379.0000000;48368.0000000;48369.0000000;9
SPFB.ROSN-3.20;60;20200123;000000;48357.0000000;48357.0000000;48300.0000000;48300.0000000;25
SPFB.ROSN-3.20;60;20200123;110000;48240.0000000;48240.0000000;46300.0000000;47878.0000000;1454
SPFB.ROSN-3.20;60;20200123;120000;47899.0000000;48174.0000000;47874.0000000;48016.0000000;417
SPFB.ROSN-3.20;60;20200123;130000;48025.0000000;48230.0000000;48006.0000000;48120.0000000;191
SPFB.ROSN-3.20;60;20200123;140000;48125.0000000;48317.0000000;48112.0000000;48175.0000000;225
SPFB.ROSN-3.20;60;20200123;150000;48160.0000000;48305.0000000;48123.0000000;48301.0000000;363
SPFB.ROSN-3.20;60;20200123;160000;48301.0000000;48402.0000000;48251.0000000;48254.0000000;469
SPFB.ROSN-3.20;60;20200123;170000;48255.0000000;48327.0000000;48072.0000000;48072.0000000;404
SPFB.ROSN-3.20;60;20200123;180000;48072.0000000;48086.0000000;47474.0000000;47729.0000000;1945
SPFB.ROSN-3.20;60;20200123;190000;47731.0000000;47804.0000000;47565.0000000;47591.0000000;421
SPFB.ROSN-3.20;60;20200123;200000;47630.0000000;47777.0000000;47529.0000000;47770.0000000;331
SPFB.ROSN-3.20;60;20200123;210000;47772.0000000;47885.0000000;47745.0000000;47760.0000000;119
SPFB.ROSN-3.20;60;20200123;220000;47731.0000000;47823.0000000;47725.0000000;47801.0000000;77
SPFB.ROSN-3.20;60;20200123;230000;47828.0000000;48032.0000000;47801.0000000;47998.0000000;113
SPFB.ROSN-3.20;60;20200124;000000;47999.0000000;48055.0000000;47965.0000000;48034.0000000;26
SPFB.ROSN-3.20;60;20200124;110000;48042.0000000;48180.0000000;47941.0000000;48030.0000000;459
SPFB.ROSN-3.20;60;20200124;120000;48039.0000000;48081.0000000;47854.0000000;48000.0000000;228
SPFB.ROSN-3.20;60;20200124;130000;48010.0000000;48073.0000000;48009.0000000;48038.0000000;193
SPFB.ROSN-3.20;60;20200124;140000;48039.0000000;48078.0000000;47781.0000000;47882.0000000;382
SPFB.ROSN-3.20;60;20200124;150000;47878.0000000;48294.0000000;47853.0000000;48141.0000000;648
SPFB.ROSN-3.20;60;20200124;160000;48144.0000000;48236.0000000;48143.0000000;48190.0000000;180
SPFB.ROSN-3.20;60;20200124;170000;48172.0000000;48212.0000000;48127.0000000;48152.0000000;170
SPFB.ROSN-3.20;60;20200124;180000;48115.0000000;48184.0000000;47809.0000000;47924.0000000;376
SPFB.ROSN-3.20;60;20200124;190000;47923.0000000;47977.0000000;47721.0000000;47772.0000000;470
SPFB.ROSN-3.20;60;20200124;200000;47846.0000000;48040.0000000;47832.0000000;48020.0000000;247
SPFB.ROSN-3.20;60;20200124;210000;48023.0000000;48039.0000000;47820.0000000;47846.0000000;143
SPFB.ROSN-3.20;60;20200124;220000;47850.0000000;48000.0000000;47848.0000000;47848.0000000;41
SPFB.ROSN-3.20;60;20200124;230000;47844.0000000;47875.0000000;47816.0000000;47875.0000000;29
SPFB.ROSN-3.20;60;20200125;000000;47821.0000000;47878.0000000;47821.0000000;47878.0000000;18
SPFB.ROSN-3.20;60;20200127;110000;47760.0000000;47760.0000000;47004.0000000;47230.0000000;1300
SPFB.ROSN-3.20;60;20200127;120000;47230.0000000;47783.0000000;47220.0000000;47750.0000000;1102
SPFB.ROSN-3.20;60;20200127;130000;47756.0000000;47756.0000000;47354.0000000;47378.0000000;558
SPFB.ROSN-3.20;60;20200127;140000;47356.0000000;47402.0000000;47221.0000000;47304.0000000;616
SPFB.ROSN-3.20;60;20200127;150000;47262.0000000;47333.0000000;47061.0000000;47174.0000000;806
SPFB.ROSN-3.20;60;20200127;160000;47192.0000000;47278.0000000;47166.0000000;47260.0000000;178
SPFB.ROSN-3.20;60;20200127;170000;47247.0000000;47349.0000000;47235.0000000;47306.0000000;187
SPFB.ROSN-3.20;60;20200127;180000;47289.0000000;47375.0000000;47189.0000000;47245.0000000;540
SPFB.ROSN-3.20;60;20200127;190000;47244.0000000;47245.0000000;47061.0000000;47216.0000000;254
SPFB.ROSN-3.20;60;20200127;200000;47199.0000000;47369.0000000;47199.0000000;47339.0000000;222
SPFB.ROSN-3.20;60;20200127;210000;47338.0000000;47450.0000000;47268.0000000;47366.0000000;88
SPFB.ROSN-3.20;60;20200127;220000;47445.0000000;47445.0000000;47388.0000000;47392.0000000;12
SPFB.ROSN-3.20;60;20200127;230000;47381.0000000;47445.0000000;47381.0000000;47443.0000000;44
SPFB.ROSN-3.20;60;20200128;000000;47390.0000000;47400.0000000;47380.0000000;47388.0000000;32
SPFB.ROSN-3.20;60;20200128;110000;47437.0000000;47825.0000000;47437.0000000;47706.0000000;1113
SPFB.ROSN-3.20;60;20200128;120000;47651.0000000;47800.0000000;47314.0000000;47360.0000000;1048
SPFB.ROSN-3.20;60;20200128;130000;47362.0000000;47525.0000000;47215.0000000;47499.0000000;420
SPFB.ROSN-3.20;60;20200128;140000;47459.0000000;47574.0000000;47303.0000000;47501.0000000;386
SPFB.ROSN-3.20;60;20200128;150000;47525.0000000;47663.0000000;47472.0000000;47650.0000000;642
SPFB.ROSN-3.20;60;20200128;160000;47652.0000000;47966.0000000;47619.0000000;47920.0000000;635
SPFB.ROSN-3.20;60;20200128;170000;47892.0000000;48055.0000000;47801.0000000;47877.0000000;839
SPFB.ROSN-3.20;60;20200128;180000;47870.0000000;48007.0000000;47760.0000000;47939.0000000;693
SPFB.ROSN-3.20;60;20200128;190000;47922.0000000;48200.0000000;47874.0000000;48199.0000000;761
SPFB.ROSN-3.20;60;20200128;200000;48118.0000000;48443.0000000;48118.0000000;48398.0000000;218
SPFB.ROSN-3.20;60;20200128;210000;48368.0000000;48368.0000000;48300.0000000;48329.0000000;57
SPFB.ROSN-3.20;60;20200128;220000;48308.0000000;48313.0000000;48295.0000000;48295.0000000;17
SPFB.ROSN-3.20;60;20200128;230000;48294.0000000;48298.0000000;48294.0000000;48294.0000000;10
SPFB.ROSN-3.20;60;20200129;000000;48298.0000000;48350.0000000;48295.0000000;48350.0000000;13
SPFB.ROSN-3.20;60;20200129;110000;48425.0000000;48587.0000000;48307.0000000;48355.0000000;842
SPFB.ROSN-3.20;60;20200129;120000;48339.0000000;48525.0000000;48141.0000000;48292.0000000;755
SPFB.ROSN-3.20;60;20200129;130000;48271.0000000;48281.0000000;47980.0000000;48223.0000000;669
SPFB.ROSN-3.20;60;20200129;140000;48258.0000000;48293.0000000;48123.0000000;48182.0000000;207
SPFB.ROSN-3.20;60;20200129;150000;48199.0000000;48235.0000000;48116.0000000;48181.0000000;273
SPFB.ROSN-3.20;60;20200129;160000;48184.0000000;48220.0000000;48151.0000000;48179.0000000;214
SPFB.ROSN-3.20;60;20200129;170000;48167.0000000;48331.0000000;48148.0000000;48309.0000000;493
SPFB.ROSN-3.20;60;20200129;180000;48282.0000000;48556.0000000;48275.0000000;48457.0000000;926
SPFB.ROSN-3.20;60;20200129;190000;48479.0000000;48591.0000000;48381.0000000;48525.0000000;874
SPFB.ROSN-3.20;60;20200129;200000;48535.0000000;48984.0000000;48481.0000000;48772.0000000;536
SPFB.ROSN-3.20;60;20200129;210000;48774.0000000;48777.0000000;48742.0000000;48776.0000000;28
SPFB.ROSN-3.20;60;20200129;220000;48731.0000000;48777.0000000;48728.0000000;48745.0000000;61
SPFB.ROSN-3.20;60;20200129;230000;48776.0000000;48796.0000000;48733.0000000;48733.0000000;86
SPFB.ROSN-3.20;60;20200130;000000;48743.0000000;48797.0000000;48636.0000000;48640.0000000;65
SPFB.ROSN-3.20;60;20200130;110000;48545.0000000;48545.0000000;48150.0000000;48337.0000000;1481
SPFB.ROSN-3.20;60;20200130;120000;48288.0000000;48499.0000000;48250.0000000;48420.0000000;456
SPFB.ROSN-3.20;60;20200130;130000;48445.0000000;48675.0000000;48411.0000000;48491.0000000;836
SPFB.ROSN-3.20;60;20200130;140000;48474.0000000;48530.0000000;48449.0000000;48498.0000000;278
SPFB.ROSN-3.20;60;20200130;150000;48499.0000000;48509.0000000;48322.0000000;48406.0000000;436
SPFB.ROSN-3.20;60;20200130;160000;48396.0000000;48509.0000000;48396.0000000;48486.0000000;732
SPFB.ROSN-3.20;60;20200130;170000;48496.0000000;48508.0000000;48445.0000000;48462.0000000;322
SPFB.ROSN-3.20;60;20200130;180000;48469.0000000;48539.0000000;48355.0000000;48480.0000000;746
SPFB.ROSN-3.20;60;20200130;190000;48456.0000000;48555.0000000;48415.0000000;48477.0000000;827
SPFB.ROSN-3.20;60;20200130;200000;48419.0000000;48450.0000000;48401.0000000;48432.0000000;132
SPFB.ROSN-3.20;60;20200130;210000;48403.0000000;48440.0000000;48100.0000000;48118.0000000;270
SPFB.ROSN-3.20;60;20200130;220000;48118.0000000;48118.0000000;47990.0000000;48118.0000000;239
SPFB.ROSN-3.20;60;20200130;230000;48118.0000000;48300.0000000;48096.0000000;48298.0000000;94
SPFB.ROSN-3.20;60;20200131;000000;48298.0000000;48597.0000000;48298.0000000;48595.0000000;290
SPFB.ROSN-3.20;60;20200131;110000;48595.0000000;48893.0000000;48380.0000000;48420.0000000;1319
SPFB.ROSN-3.20;60;20200131;120000;48404.0000000;48433.0000000;48300.0000000;48383.0000000;482
SPFB.ROSN-3.20;60;20200131;130000;48383.0000000;48405.0000000;48295.0000000;48320.0000000;351
SPFB.ROSN-3.20;60;20200131;140000;48333.0000000;48466.0000000;48327.0000000;48450.0000000;698
SPFB.ROSN-3.20;60;20200131;150000;48449.0000000;48476.0000000;48365.0000000;48392.0000000;327
SPFB.ROSN-3.20;60;20200131;160000;48387.0000000;48464.0000000;48373.0000000;48413.0000000;250
SPFB.ROSN-3.20;60;20200131;170000;48398.0000000;48499.0000000;48335.0000000;48421.0000000;449
SPFB.ROSN-3.20;60;20200131;180000;48440.0000000;48499.0000000;48379.0000000;48391.0000000;1852
SPFB.ROSN-3.20;60;20200131;190000;48392.0000000;48449.0000000;48210.0000000;48408.0000000;696
SPFB.ROSN-3.20;60;20200131;200000;48333.0000000;48574.0000000;48280.0000000;48499.0000000;278
SPFB.ROSN-3.20;60;20200131;210000;48427.0000000;48497.0000000;48230.0000000;48290.0000000;312
SPFB.ROSN-3.20;60;20200131;220000;48289.0000000;48297.0000000;48246.0000000;48297.0000000;25
SPFB.ROSN-3.20;60;20200131;230000;48297.0000000;48393.0000000;48281.0000000;48331.0000000;86
SPFB.ROSN-3.20;60;20200201;000000;48400.0000000;48400.0000000;48290.0000000;48300.0000000;55
SPFB.ROSN-3.20;60;20200203;110000;48301.0000000;48381.0000000;48105.0000000;48290.0000000;691
SPFB.ROSN-3.20;60;20200203;120000;48300.0000000;48377.0000000;48216.0000000;48261.0000000;343
SPFB.ROSN-3.20;60;20200203;130000;48253.0000000;48337.0000000;48227.0000000;48230.0000000;493
SPFB.ROSN-3.20;60;20200203;140000;48210.0000000;48382.0000000;48181.0000000;48382.0000000;269
SPFB.ROSN-3.20;60;20200203;150000;48349.0000000;48408.0000000;48312.0000000;48350.0000000;257
SPFB.ROSN-3.20;60;20200203;160000;48356.0000000;48417.0000000;48178.0000000;48344.0000000;933
SPFB.ROSN-3.20;60;20200203;170000;48359.0000000;48419.0000000;48334.0000000;48334.0000000;210
SPFB.ROSN-3.20;60;20200203;180000;48352.0000000;48489.0000000;48325.0000000;48436.0000000;291
SPFB.ROSN-3.20;60;20200203;190000;48471.0000000;48500.0000000;48355.0000000;48454.0000000;360
SPFB.ROSN-3.20;60;20200203;200000;48419.0000000;48419.0000000;48015.0000000;48098.0000000;304
SPFB.ROSN-3.20;60;20200203;210000;48097.0000000;48200.0000000;48068.0000000;48197.0000000;69
SPFB.ROSN-3.20;60;20200203;220000;48215.0000000;48253.0000000;48138.0000000;48170.0000000;32
SPFB.ROSN-3.20;60;20200203;230000;48168.0000000;48219.0000000;48097.0000000;48204.0000000;36
SPFB.ROSN-3.20;60;20200204;000000;48163.0000000;48200.0000000;48099.0000000;48160.0000000;34
SPFB.ROSN-3.20;60;20200204;110000;48179.0000000;48598.0000000;48179.0000000;48245.0000000;1074
SPFB.ROSN-3.20;60;20200204;120000;48251.0000000;48418.0000000;48245.0000000;48337.0000000;524
SPFB.ROSN-3.20;60;20200204;130000;48334.0000000;48400.0000000;48292.0000000;48292.0000000;532
SPFB.ROSN-3.20;60;20200204;140000;48302.0000000;48422.0000000;48288.0000000;48422.0000000;352
SPFB.ROSN-3.20;60;20200204;150000;48397.0000000;48450.0000000;48367.0000000;48426.0000000;471
SPFB.ROSN-3.20;60;20200204;160000;48421.0000000;48518.0000000;48406.0000000;48462.0000000;359
SPFB.ROSN-3.20;60;20200204;170000;48468.0000000;48468.0000000;48377.0000000;48440.0000000;254
SPFB.ROSN-3.20;60;20200204;180000;48427.0000000;48479.0000000;48410.0000000;48444.0000000;82
SPFB.ROSN-3.20;60;20200204;190000;48453.0000000;48462.0000000;48366.0000000;48366.0000000;460
SPFB.ROSN-3.20;60;20200204;200000;48416.0000000;48416.0000000;48274.0000000;48330.0000000;119
SPFB.ROSN-3.20;60;20200204;210000;48329.0000000;48338.0000000;48301.0000000;48338.0000000;19
SPFB.ROSN-3.20;60;20200204;220000;48338.0000000;48338.0000000;48301.0000000;48323.0000000;16
SPFB.ROSN-3.20;60;20200204;230000;48275.0000000;48285.0000000;48260.0000000;48261.0000000;27
SPFB.ROSN-3.20;60;20200205;000000;48260.0000000;48334.0000000;48241.0000000;48331.0000000;20
SPFB.ROSN-3.20;60;20200205;110000;48370.0000000;48398.0000000;47781.0000000;48031.0000000;864
SPFB.ROSN-3.20;60;20200205;120000;48021.0000000;48480.0000000;47856.0000000;48341.0000000;671
SPFB.ROSN-3.20;60;20200205;130000;48384.0000000;48489.0000000;48332.0000000;48336.0000000;660
SPFB.ROSN-3.20;60;20200205;140000;48364.0000000;48446.0000000;48321.0000000;48415.0000000;215
SPFB.ROSN-3.20;60;20200205;150000;48428.0000000;48490.0000000;48355.0000000;48370.0000000;613
SPFB.ROSN-3.20;60;20200205;160000;48362.0000000;48374.0000000;48221.0000000;48221.0000000;432
SPFB.ROSN-3.20;60;20200205;170000;48212.0000000;48345.0000000;48193.0000000;48298.0000000;283
SPFB.ROSN-3.20;60;20200205;180000;48300.0000000;48368.0000000;48221.0000000;48310.0000000;383
SPFB.ROSN-3.20;60;20200205;190000;48329.0000000;48396.0000000;48024.0000000;48027.0000000;600
SPFB.ROSN-3.20;60;20200205;200000;48035.0000000;48250.0000000;48033.0000000;48221.0000000;154
SPFB.ROSN-3.20;60;20200205;210000;48199.0000000;48209.0000000;48153.0000000;48198.0000000;46
SPFB.ROSN-3.20;60;20200205;220000;48172.0000000;48198.0000000;48070.0000000;48136.0000000;45
SPFB.ROSN-3.20;60;20200205;230000;48107.0000000;48117.0000000;48044.0000000;48053.0000000;48
SPFB.ROSN-3.20;60;20200206;000000;48099.0000000;48104.0000000;48057.0000000;48065.0000000;29
SPFB.ROSN-3.20;60;20200206;110000;48113.0000000;48346.0000000;48113.0000000;48321.0000000;467
SPFB.ROSN-3.20;60;20200206;120000;48336.0000000;48351.0000000;48050.0000000;48261.0000000;1056
SPFB.ROSN-3.20;60;20200206;130000;48209.0000000;48307.0000000;48110.0000000;48180.0000000;343
SPFB.ROSN-3.20;60;20200206;140000;48176.0000000;48232.0000000;47971.0000000;47986.0000000;370
SPFB.ROSN-3.20;60;20200206;150000;47986.0000000;48130.0000000;47801.0000000;48039.0000000;557
SPFB.ROSN-3.20;60;20200206;160000;48046.0000000;48069.0000000;47933.0000000;48064.0000000;232
SPFB.ROSN-3.20;60;20200206;170000;48057.0000000;48057.0000000;47567.0000000;47630.0000000;860
SPFB.ROSN-3.20;60;20200206;180000;47638.0000000;47799.0000000;47439.0000000;47735.0000000;1138
SPFB.ROSN-3.20;60;20200206;190000;47735.0000000;47912.0000000;47630.0000000;47853.0000000;488
SPFB.ROSN-3.20;60;20200206;200000;47912.0000000;48015.0000000;47855.0000000;47879.0000000;77
SPFB.ROSN-3.20;60;20200206;210000;47914.0000000;47914.0000000;47903.0000000;47914.0000000;6
SPFB.ROSN-3.20;60;20200206;220000;47914.0000000;47981.0000000;47906.0000000;47906.0000000;10
SPFB.ROSN-3.20;60;20200206;230000;47896.0000000;47975.0000000;47893.0000000;47903.0000000;23
SPFB.ROSN-3.20;60;20200207;000000;47894.0000000;47894.0000000;47892.0000000;47892.0000000;12
SPFB.ROSN-3.20;60;20200207;110000;47892.0000000;47900.0000000;46412.0000000;46745.0000000;3976
SPFB.ROSN-3.20;60;20200207;120000;46746.0000000;47077.0000000;46739.0000000;46752.0000000;1058
SPFB.ROSN-3.20;60;20200207;130000;46762.0000000;46812.0000000;45520.0000000;45869.0000000;4926
SPFB.ROSN-3.20;60;20200207;140000;45832.0000000;45909.0000000;45517.0000000;45611.0000000;1002
SPFB.ROSN-3.20;60;20200207;150000;45596.0000000;45728.0000000;45385.0000000;45661.0000000;1407
SPFB.ROSN-3.20;60;20200207;160000;45634.0000000;45860.0000000;45612.0000000;45725.0000000;905
SPFB.ROSN-3.20;60;20200207;170000;45743.0000000;46156.0000000;45699.0000000;46066.0000000;989
SPFB.ROSN-3.20;60;20200207;180000;46061.0000000;46262.0000000;45875.0000000;46152.0000000;1384
SPFB.ROSN-3.20;60;20200207;190000;46140.0000000;46630.0000000;46115.0000000;46504.0000000;1001
SPFB.ROSN-3.20;60;20200207;200000;46550.0000000;46889.0000000;46550.0000000;46767.0000000;434
SPFB.ROSN-3.20;60;20200207;210000;46767.0000000;46781.0000000;46727.0000000;46743.0000000;63
SPFB.ROSN-3.20;60;20200207;220000;46739.0000000;46769.0000000;46700.0000000;46700.0000000;134
SPFB.ROSN-3.20;60;20200207;230000;46673.0000000;46737.0000000;46659.0000000;46683.0000000;75
SPFB.ROSN-3.20;60;20200208;000000;46735.0000000;46750.0000000;46701.0000000;46750.0000000;45
SPFB.ROSN-3.20;60;20200210;110000;46670.0000000;46685.0000000;45773.0000000;46399.0000000;2408
SPFB.ROSN-3.20;60;20200210;120000;46417.0000000;46424.0000000;45837.0000000;45923.0000000;1127
SPFB.ROSN-3.20;60;20200210;130000;45902.0000000;46029.0000000;45311.0000000;45373.0000000;2447
SPFB.ROSN-3.20;60;20200210;140000;45404.0000000;45632.0000000;45351.0000000;45550.0000000;644
SPFB.ROSN-3.20;60;20200210;150000;45558.0000000;45625.0000000;45385.0000000;45403.0000000;373
SPFB.ROSN-3.20;60;20200210;160000;45419.0000000;45549.0000000;45332.0000000;45411.0000000;388
SPFB.ROSN-3.20;60;20200210;170000;45371.0000000;45393.0000000;45079.0000000;45199.0000000;836
SPFB.ROSN-3.20;60;20200210;180000;45198.0000000;45280.0000000;45055.0000000;45199.0000000;809
SPFB.ROSN-3.20;60;20200210;190000;45196.0000000;45337.0000000;45196.0000000;45200.0000000;400
SPFB.ROSN-3.20;60;20200210;200000;45202.0000000;45399.0000000;45179.0000000;45192.0000000;124
SPFB.ROSN-3.20;60;20200210;210000;45269.0000000;45441.0000000;45045.0000000;45301.0000000;409
SPFB.ROSN-3.20;60;20200210;220000;45301.0000000;45447.0000000;45301.0000000;45348.0000000;161
SPFB.ROSN-3.20;60;20200210;230000;45425.0000000;45450.0000000;45337.0000000;45438.0000000;103
SPFB.ROSN-3.20;60;20200211;000000;45395.0000000;45440.0000000;45350.0000000;45435.0000000;117
SPFB.ROSN-3.20;60;20200211;110000;45450.0000000;45897.0000000;45185.0000000;45281.0000000;1261
SPFB.ROSN-3.20;60;20200211;120000;45275.0000000;45455.0000000;45111.0000000;45342.0000000;433
SPFB.ROSN-3.20;60;20200211;130000;45377.0000000;45487.0000000;45271.0000000;45412.0000000;512
SPFB.ROSN-3.20;60;20200211;140000;45402.0000000;45459.0000000;45233.0000000;45278.0000000;717
SPFB.ROSN-3.20;60;20200211;150000;45246.0000000;45437.0000000;45218.0000000;45366.0000000;644
SPFB.ROSN-3.20;60;20200211;160000;45361.0000000;45764.0000000;45354.0000000;45748.0000000;1429
SPFB.ROSN-3.20;60;20200211;170000;45750.0000000;45949.0000000;45745.0000000;45800.0000000;1210
SPFB.ROSN-3.20;60;20200211;180000;45790.0000000;45880.0000000;45541.0000000;45666.0000000;1140
SPFB.ROSN-3.20;60;20200211;190000;45667.0000000;45863.0000000;45650.0000000;45806.0000000;598
SPFB.ROSN-3.20;60;20200211;200000;45761.0000000;45800.0000000;45579.0000000;45585.0000000;105
SPFB.ROSN-3.20;60;20200211;210000;45589.0000000;45703.0000000;45554.0000000;45703.0000000;49
SPFB.ROSN-3.20;60;20200211;220000;45717.0000000;45717.0000000;45614.0000000;45617.0000000;70
SPFB.ROSN-3.20;60;20200211;230000;45617.0000000;45703.0000000;45601.0000000;45699.0000000;72
SPFB.ROSN-3.20;60;20200212;000000;45661.0000000;45750.0000000;45609.0000000;45750.0000000;30
SPFB.ROSN-3.20;60;20200212;110000;45850.0000000;46149.0000000;45806.0000000;45918.0000000;989
SPFB.ROSN-3.20;60;20200212;120000;45958.0000000;46109.0000000;45830.0000000;45991.0000000;899
SPFB.ROSN-3.20;60;20200212;130000;45965.0000000;46200.0000000;45883.0000000;46192.0000000;475
SPFB.ROSN-3.20;60;20200212;140000;46194.0000000;46373.0000000;46151.0000000;46355.0000000;465
SPFB.ROSN-3.20;60;20200212;150000;46395.0000000;46444.0000000;46231.0000000;46335.0000000;505
SPFB.ROSN-3.20;60;20200212;160000;46337.0000000;46427.0000000;46316.0000000;46427.0000000;152
SPFB.ROSN-3.20;60;20200212;170000;46461.0000000;46700.0000000;46461.0000000;46604.0000000;728
SPFB.ROSN-3.20;60;20200212;180000;46597.0000000;46770.0000000;46482.0000000;46684.0000000;406
SPFB.ROSN-3.20;60;20200212;190000;46702.0000000;46860.0000000;46629.0000000;46860.0000000;573
SPFB.ROSN-3.20;60;20200212;200000;46874.0000000;46877.0000000;46802.0000000;46877.0000000;53
SPFB.ROSN-3.20;60;20200212;210000;46876.0000000;46877.0000000;46801.0000000;46833.0000000;9
SPFB.ROSN-3.20;60;20200212;220000;46860.0000000;47272.0000000;46812.0000000;47057.0000000;389
SPFB.ROSN-3.20;60;20200212;230000;47057.0000000;47102.0000000;47056.0000000;47070.0000000;50
SPFB.ROSN-3.20;60;20200213;000000;47097.0000000;47170.0000000;47068.0000000;47170.0000000;74
SPFB.ROSN-3.20;60;20200213;110000;47094.0000000;47094.0000000;46130.0000000;46155.0000000;2065
SPFB.ROSN-3.20;60;20200213;120000;46130.0000000;46311.0000000;46129.0000000;46290.0000000;454
SPFB.ROSN-3.20;60;20200213;130000;46260.0000000;46296.0000000;46207.0000000;46296.0000000;310
SPFB.ROSN-3.20;60;20200213;140000;46272.0000000;46365.0000000;46207.0000000;46353.0000000;269
SPFB.ROSN-3.20;60;20200213;150000;46373.0000000;46575.0000000;46331.0000000;46533.0000000;298
SPFB.ROSN-3.20;60;20200213;160000;46533.0000000;46533.0000000;46431.0000000;46500.0000000;118
SPFB.ROSN-3.20;60;20200213;170000;46507.0000000;46570.0000000;46408.0000000;46499.0000000;196
SPFB.ROSN-3.20;60;20200213;180000;46505.0000000;46600.0000000;46491.0000000;46497.0000000;361
SPFB.ROSN-3.20;60;20200213;190000;46497.0000000;46571.0000000;46440.0000000;46512.0000000;322
SPFB.ROSN-3.20;60;20200213;200000;46562.0000000;46597.0000000;46532.0000000;46580.0000000;128
SPFB.ROSN-3.20;60;20200213;210000;46580.0000000;46597.0000000;46535.0000000;46540.0000000;22
SPFB.ROSN-3.20;60;20200213;220000;46534.0000000;46564.0000000;46531.0000000;46564.0000000;29
SPFB.ROSN-3.20;60;20200213;230000;46531.0000000;46589.0000000;46531.0000000;46589.0000000;31
SPFB.ROSN-3.20;60;20200214;000000;46590.0000000;46668.0000000;46170.0000000;46601.0000000;247
SPFB.ROSN-3.20;60;20200214;110000;46564.0000000;46685.0000000;46300.0000000;46343.0000000;352
SPFB.ROSN-3.20;60;20200214;120000;46327.0000000;46352.0000000;46181.0000000;46301.0000000;446
SPFB.ROSN-3.20;60;20200214;130000;46310.0000000;46310.0000000;45897.0000000;46160.0000000;632
SPFB.ROSN-3.20;60;20200214;140000;46190.0000000;46579.0000000;46145.0000000;46528.0000000;775
SPFB.ROSN-3.20;60;20200214;150000;46489.0000000;46588.0000000;46412.0000000;46463.0000000;261
SPFB.ROSN-3.20;60;20200214;160000;46463.0000000;46578.0000000;46463.0000000;46560.0000000;308
SPFB.ROSN-3.20;60;20200214;170000;46560.0000000;46584.0000000;46351.0000000;46421.0000000;205
SPFB.ROSN-3.20;60;20200214;180000;46445.0000000;46499.0000000;46264.0000000;46264.0000000;230
SPFB.ROSN-3.20;60;20200214;190000;46265.0000000;46429.0000000;46261.0000000;46286.0000000;157
SPFB.ROSN-3.20;60;20200214;200000;46263.0000000;46382.0000000;46262.0000000;46272.0000000;34
SPFB.ROSN-3.20;60;20200214;210000;46272.0000000;46282.0000000;46150.0000000;46190.0000000;50
SPFB.ROSN-3.20;60;20200214;220000;46150.0000000;46150.0000000;46000.0000000;46103.0000000;175
SPFB.ROSN-3.20;60;20200214;230000;46060.0000000;46104.0000000;46034.0000000;46104.0000000;41
SPFB.ROSN-3.20;60;20200215;000000;46104.0000000;46205.0000000;46098.0000000;46191.0000000;29
SPFB.ROSN-3.20;60;20200217;110000;46281.0000000;46586.0000000;46057.0000000;46322.0000000;432
SPFB.ROSN-3.20;60;20200217;120000;46346.0000000;46430.0000000;46219.0000000;46350.0000000;226
SPFB.ROSN-3.20;60;20200217;130000;46327.0000000;46358.0000000;46199.0000000;46304.0000000;497
SPFB.ROSN-3.20;60;20200217;140000;46351.0000000;46413.0000000;46299.0000000;46317.0000000;128
SPFB.ROSN-3.20;60;20200217;150000;46334.0000000;46369.0000000;46311.0000000;46313.0000000;60
SPFB.ROSN-3.20;60;20200217;160000;46306.0000000;46631.0000000;46279.0000000;46451.0000000;938
SPFB.ROSN-3.20;60;20200217;170000;46451.0000000;46489.0000000;46400.0000000;46471.0000000;367
SPFB.ROSN-3.20;60;20200217;180000;46465.0000000;46502.0000000;46465.0000000;46467.0000000;88
SPFB.ROSN-3.20;60;20200217;190000;46482.0000000;46726.0000000;46482.0000000;46694.0000000;988
SPFB.ROSN-3.20;60;20200217;200000;46630.0000000;46659.0000000;46630.0000000;46639.0000000;32
SPFB.ROSN-3.20;60;20200217;210000;46641.0000000;46641.0000000;46641.0000000;46641.0000000;1
SPFB.ROSN-3.20;60;20200217;220000;46640.0000000;46692.0000000;46570.0000000;46649.0000000;55
SPFB.ROSN-3.20;60;20200217;230000;46612.0000000;46612.0000000;46612.0000000;46612.0000000;1
SPFB.ROSN-3.20;60;20200218;000000;46648.0000000;46700.0000000;46570.0000000;46595.0000000;67
SPFB.ROSN-3.20;60;20200218;110000;46570.0000000;46570.0000000;46238.0000000;46238.0000000;414
SPFB.ROSN-3.20;60;20200218;120000;46220.0000000;46482.0000000;46201.0000000;46482.0000000;320
SPFB.ROSN-3.20;60;20200218;130000;46472.0000000;46778.0000000;46402.0000000;46750.0000000;1010
SPFB.ROSN-3.20;60;20200218;140000;46742.0000000;46800.0000000;46650.0000000;46800.0000000;362
SPFB.ROSN-3.20;60;20200218;150000;46793.0000000;46831.0000000;46620.0000000;46620.0000000;438
SPFB.ROSN-3.20;60;20200218;160000;46620.0000000;46659.0000000;46482.0000000;46530.0000000;390
SPFB.ROSN-3.20;60;20200218;170000;46513.0000000;46687.0000000;46422.0000000;46581.0000000;679
SPFB.ROSN-3.20;60;20200218;180000;46588.0000000;46777.0000000;46489.0000000;46744.0000000;490
SPFB.ROSN-3.20;60;20200218;190000;46732.0000000;46798.0000000;44400.0000000;45454.0000000;8595
SPFB.ROSN-3.20;60;20200218;200000;45713.0000000;46225.0000000;45200.0000000;46000.0000000;2534
SPFB.ROSN-3.20;60;20200218;210000;45970.0000000;46074.0000000;45967.0000000;45985.0000000;249
SPFB.ROSN-3.20;60;20200218;220000;45981.0000000;45990.0000000;45888.0000000;45900.0000000;263
SPFB.ROSN-3.20;60;20200218;230000;45890.0000000;46020.0000000;45890.0000000;45950.0000000;265
SPFB.ROSN-3.20;60;20200219;000000;45923.0000000;45954.0000000;45800.0000000;45800.0000000;363
SPFB.ROSN-3.20;60;20200219;110000;45861.0000000;46378.0000000;45857.0000000;46100.0000000;3513
SPFB.ROSN-3.20;60;20200219;120000;46108.0000000;46349.0000000;46010.0000000;46287.0000000;1574
SPFB.ROSN-3.20;60;20200219;130000;46308.0000000;46498.0000000;46261.0000000;46496.0000000;1193
SPFB.ROSN-3.20;60;20200219;140000;46481.0000000;46680.0000000;46341.0000000;46651.0000000;908
SPFB.ROSN-3.20;60;20200219;150000;46653.0000000;46975.0000000;46581.0000000;46876.0000000;1275
SPFB.ROSN-3.20;60;20200219;160000;46880.0000000;47109.0000000;46791.0000000;46905.0000000;1761
SPFB.ROSN-3.20;60;20200219;170000;46918.0000000;47069.0000000;46744.0000000;47034.0000000;1175
SPFB.ROSN-3.20;60;20200219;180000;47013.0000000;47088.0000000;46837.0000000;46900.0000000;866
SPFB.ROSN-3.20;60;20200219;190000;46893.0000000;46957.0000000;46680.0000000;46906.0000000;1141
SPFB.ROSN-3.20;60;20200219;200000;46926.0000000;46950.0000000;46732.0000000;46750.0000000;746
SPFB.ROSN-3.20;60;20200219;210000;46800.0000000;46806.0000000;46720.0000000;46804.0000000;161
SPFB.ROSN-3.20;60;20200219;220000;46804.0000000;46830.0000000;46773.0000000;46820.0000000;28
SPFB.ROSN-3.20;60;20200219;230000;46820.0000000;46870.0000000;46788.0000000;46805.0000000;169
SPFB.ROSN-3.20;60;20200220;000000;46800.0000000;46805.0000000;46773.0000000;46780.0000000;258
SPFB.ROSN-3.20;60;20200220;110000;46842.0000000;47283.0000000;46768.0000000;47134.0000000;2232
SPFB.ROSN-3.20;60;20200220;120000;47128.0000000;47193.0000000;47031.0000000;47087.0000000;1314
SPFB.ROSN-3.20;60;20200220;130000;47100.0000000;47898.0000000;46981.0000000;47637.0000000;2838
SPFB.ROSN-3.20;60;20200220;140000;47620.0000000;47870.0000000;47500.0000000;47576.0000000;2004
SPFB.ROSN-3.20;60;20200220;150000;47586.0000000;47848.0000000;47586.0000000;47710.0000000;738
SPFB.ROSN-3.20;60;20200220;160000;47704.0000000;47720.0000000;47419.0000000;47565.0000000;1503
SPFB.ROSN-3.20;60;20200220;170000;47567.0000000;47567.0000000;47306.0000000;47346.0000000;602
SPFB.ROSN-3.20;60;20200220;180000;47365.0000000;47450.0000000;47145.0000000;47196.0000000;1233
SPFB.ROSN-3.20;60;20200220;190000;47197.0000000;47300.0000000;47000.0000000;47228.0000000;926
SPFB.ROSN-3.20;60;20200220;200000;47271.0000000;47271.0000000;46751.0000000;46909.0000000;730
SPFB.ROSN-3.20;60;20200220;210000;46844.0000000;46900.0000000;46800.0000000;46897.0000000;138
SPFB.ROSN-3.20;60;20200220;220000;46897.0000000;46900.0000000;46717.0000000;46846.0000000;156
SPFB.ROSN-3.20;60;20200220;230000;46894.0000000;46988.0000000;46851.0000000;46973.0000000;92
SPFB.ROSN-3.20;60;20200221;000000;46921.0000000;47039.0000000;46878.0000000;47038.0000000;84
SPFB.ROSN-3.20;60;20200221;110000;46899.0000000;47064.0000000;46578.0000000;46651.0000000;1076
SPFB.ROSN-3.20;60;20200221;120000;46645.0000000;46963.0000000;46490.0000000;46952.0000000;915
SPFB.ROSN-3.20;60;20200221;130000;46957.0000000;47075.0000000;46690.0000000;46721.0000000;616
SPFB.ROSN-3.20;60;20200221;140000;46722.0000000;46836.0000000;46696.0000000;46730.0000000;337
SPFB.ROSN-3.20;60;20200221;150000;46721.0000000;46721.0000000;46531.0000000;46594.0000000;606
SPFB.ROSN-3.20;60;20200221;160000;46574.0000000;46712.0000000;46463.0000000;46646.0000000;537
SPFB.ROSN-3.20;60;20200221;170000;46647.0000000;46689.0000000;46488.0000000;46529.0000000;265
SPFB.ROSN-3.20;60;20200221;180000;46517.0000000;46533.0000000;46352.0000000;46407.0000000;501
SPFB.ROSN-3.20;60;20200221;190000;46414.0000000;46591.0000000;46376.0000000;46485.0000000;486
SPFB.ROSN-3.20;60;20200221;200000;46520.0000000;46557.0000000;46306.0000000;46463.0000000;201
SPFB.ROSN-3.20;60;20200221;210000;46495.0000000;46510.0000000;46495.0000000;46500.0000000;19
SPFB.ROSN-3.20;60;20200221;220000;46514.0000000;46529.0000000;46470.0000000;46500.0000000;29
SPFB.ROSN-3.20;60;20200221;230000;46495.0000000;46495.0000000;46491.0000000;46495.0000000;43
SPFB.ROSN-3.20;60;20200222;000000;46442.0000000;46522.0000000;46433.0000000;46457.0000000;147
SPFB.ROSN-3.20;60;20200225;110000;46350.0000000;46351.0000000;45697.0000000;45735.0000000;1091
SPFB.ROSN-3.20;60;20200225;120000;45720.0000000;45893.0000000;45450.0000000;45566.0000000;1170
SPFB.ROSN-3.20;60;20200225;130000;45591.0000000;45629.0000000;45259.0000000;45259.0000000;759
SPFB.ROSN-3.20;60;20200225;140000;45290.0000000;45350.0000000;45084.0000000;45096.0000000;738
SPFB.ROSN-3.20;60;20200225;150000;45131.0000000;45434.0000000;45063.0000000;45110.0000000;1794
SPFB.ROSN-3.20;60;20200225;160000;45133.0000000;45141.0000000;45010.0000000;45112.0000000;653
SPFB.ROSN-3.20;60;20200225;170000;45099.0000000;45161.0000000;45031.0000000;45048.0000000;480
SPFB.ROSN-3.20;60;20200225;180000;45040.0000000;45136.0000000;44635.0000000;44749.0000000;1161
SPFB.ROSN-3.20;60;20200225;190000;44739.0000000;44757.0000000;44439.0000000;44439.0000000;1629
SPFB.ROSN-3.20;60;20200225;200000;44362.0000000;44642.0000000;44306.0000000;44439.0000000;268
SPFB.ROSN-3.20;60;20200225;210000;44500.0000000;44500.0000000;44300.0000000;44412.0000000;153
SPFB.ROSN-3.20;60;20200225;220000;44392.0000000;44431.0000000;44272.0000000;44272.0000000;94
SPFB.ROSN-3.20;60;20200225;230000;44272.0000000;44321.0000000;44084.0000000;44085.0000000;237
SPFB.ROSN-3.20;60;20200226;000000;44085.0000000;44302.0000000;44012.0000000;44169.0000000;170
SPFB.ROSN-3.20;60;20200226;110000;44300.0000000;44476.0000000;43991.0000000;44344.0000000;1588
SPFB.ROSN-3.20;60;20200226;120000;44336.0000000;44536.0000000;43946.0000000;44083.0000000;1005
SPFB.ROSN-3.20;60;20200226;130000;44032.0000000;44100.0000000;43654.0000000;43900.0000000;1195
SPFB.ROSN-3.20;60;20200226;140000;43845.0000000;43876.0000000;43488.0000000;43535.0000000;1114
SPFB.ROSN-3.20;60;20200226;150000;43516.0000000;43880.0000000;43397.0000000;43838.0000000;850
SPFB.ROSN-3.20;60;20200226;160000;43866.0000000;44155.0000000;43727.0000000;44054.0000000;473
SPFB.ROSN-3.20;60;20200226;170000;44047.0000000;44591.0000000;44002.0000000;44570.0000000;1125
SPFB.ROSN-3.20;60;20200226;180000;44570.0000000;44613.0000000;44078.0000000;44394.0000000;964
SPFB.ROSN-3.20;60;20200226;190000;44397.0000000;44653.0000000;44240.0000000;44653.0000000;1139
SPFB.ROSN-3.20;60;20200226;200000;44636.0000000;44636.0000000;44114.0000000;44125.0000000;560
SPFB.ROSN-3.20;60;20200226;210000;44140.0000000;44140.0000000;44035.0000000;44061.0000000;65
SPFB.ROSN-3.20;60;20200226;220000;44066.0000000;44091.0000000;43800.0000000;43800.0000000;582
SPFB.ROSN-3.20;60;20200226;230000;43800.0000000;43927.0000000;43782.0000000;43868.0000000;80
SPFB.ROSN-3.20;60;20200227;000000;43864.0000000;43916.0000000;43848.0000000;43909.0000000;53
SPFB.ROSN-3.20;60;20200227;110000;43733.0000000;44142.0000000;43484.0000000;43801.0000000;1331
SPFB.ROSN-3.20;60;20200227;120000;43812.0000000;43919.0000000;43633.0000000;43716.0000000;850
SPFB.ROSN-3.20;60;20200227;130000;43762.0000000;43869.0000000;43587.0000000;43625.0000000;569
SPFB.ROSN-3.20;60;20200227;140000;43650.0000000;43763.0000000;43627.0000000;43660.0000000;189
SPFB.ROSN-3.20;60;20200227;150000;43705.0000000;43705.0000000;43544.0000000;43554.0000000;352
SPFB.ROSN-3.20;60;20200227;160000;43544.0000000;43606.0000000;42900.0000000;42900.0000000;1206
SPFB.ROSN-3.20;60;20200227;170000;42892.0000000;42944.0000000;42531.0000000;42796.0000000;1636
SPFB.ROSN-3.20;60;20200227;180000;42798.0000000;42804.0000000;42331.0000000;42495.0000000;1370
SPFB.ROSN-3.20;60;20200227;190000;42494.0000000;42623.0000000;42255.0000000;42403.0000000;1005
SPFB.ROSN-3.20;60;20200227;200000;42551.0000000;42635.0000000;42393.0000000;42596.0000000;196
SPFB.ROSN-3.20;60;20200227;210000;42552.0000000;42933.0000000;42552.0000000;42802.0000000;174
SPFB.ROSN-3.20;60;20200227;220000;42847.0000000;42997.0000000;42430.0000000;42430.0000000;229
SPFB.ROSN-3.20;60;20200227;230000;42500.0000000;42619.0000000;42500.0000000;42501.0000000;55
SPFB.ROSN-3.20;60;20200228;000000;42501.0000000;42519.0000000;42351.0000000;42384.0000000;78
SPFB.ROSN-3.20;60;20200228;110000;42300.0000000;42300.0000000;40197.0000000;40404.0000000;3450
SPFB.ROSN-3.20;60;20200228;120000;40421.0000000;41292.0000000;40263.0000000;40870.0000000;1164
SPFB.ROSN-3.20;60;20200228;130000;40870.0000000;40879.0000000;40000.0000000;40445.0000000;1487
SPFB.ROSN-3.20;60;20200228;140000;40478.0000000;40978.0000000;40250.0000000;40865.0000000;704
SPFB.ROSN-3.20;60;20200228;150000;40866.0000000;41395.0000000;40837.0000000;41326.0000000;943
SPFB.ROSN-3.20;60;20200228;160000;41317.0000000;41415.0000000;40915.0000000;41291.0000000;842
SPFB.ROSN-3.20;60;20200228;170000;41378.0000000;41557.0000000;40940.0000000;41057.0000000;492
SPFB.ROSN-3.20;60;20200228;180000;41058.0000000;41070.0000000;40360.0000000;40457.0000000;1526
SPFB.ROSN-3.20;60;20200228;190000;40381.0000000;40433.0000000;40055.0000000;40244.0000000;1643
SPFB.ROSN-3.20;60;20200228;200000;40282.0000000;40721.0000000;40100.0000000;40500.0000000;288
SPFB.ROSN-3.20;60;20200228;210000;40500.0000000;40586.0000000;40330.0000000;40586.0000000;101
SPFB.ROSN-3.20;60;20200228;220000;40527.0000000;40558.0000000;40426.0000000;40427.0000000;180
SPFB.ROSN-3.20;60;20200228;230000;40395.0000000;40567.0000000;40330.0000000;40555.0000000;137
SPFB.ROSN-3.20;60;20200229;000000;40550.0000000;40687.0000000;40514.0000000;40515.0000000;139
SPFB.ROSN-3.20;60;20200302;110000;40730.0000000;41485.0000000;40730.0000000;41277.0000000;1791
SPFB.ROSN-3.20;60;20200302;120000;41259.0000000;41640.0000000;41166.0000000;41359.0000000;1563
SPFB.ROSN-3.20;60;20200302;130000;41367.0000000;41389.0000000;40925.0000000;41105.0000000;666
SPFB.ROSN-3.20;60;20200302;140000;41070.0000000;41109.0000000;40661.0000000;40726.0000000;1035
SPFB.ROSN-3.20;60;20200302;150000;40724.0000000;40724.0000000;40165.0000000;40196.0000000;1969
SPFB.ROSN-3.20;60;20200302;160000;40172.0000000;40364.0000000;39075.0000000;40233.0000000;4430
SPFB.ROSN-3.20;60;20200302;170000;40159.0000000;40159.0000000;39655.0000000;40000.0000000;938
SPFB.ROSN-3.20;60;20200302;180000;40066.0000000;40354.0000000;39472.0000000;39548.0000000;1141
SPFB.ROSN-3.20;60;20200302;190000;39582.0000000;39775.0000000;39320.0000000;39644.0000000;617
SPFB.ROSN-3.20;60;20200302;200000;39578.0000000;40083.0000000;39538.0000000;39829.0000000;463
SPFB.ROSN-3.20;60;20200302;210000;39913.0000000;40129.0000000;39821.0000000;39990.0000000;365
SPFB.ROSN-3.20;60;20200302;220000;39990.0000000;40010.0000000;39870.0000000;39910.0000000;81
SPFB.ROSN-3.20;60;20200302;230000;39910.0000000;39980.0000000;39821.0000000;39821.0000000;91
SPFB.ROSN-3.20;60;20200303;000000;39848.0000000;40113.0000000;39659.0000000;40113.0000000;199
SPFB.ROSN-3.20;60;20200303;110000;40115.0000000;41000.0000000;40115.0000000;40537.0000000;1162
SPFB.ROSN-3.20;60;20200303;120000;40536.0000000;41027.0000000;40418.0000000;40750.0000000;1416
SPFB.ROSN-3.20;60;20200303;130000;40732.0000000;41029.0000000;40467.0000000;41029.0000000;1061
SPFB.ROSN-3.20;60;20200303;140000;40965.0000000;41495.0000000;40895.0000000;41261.0000000;861
SPFB.ROSN-3.20;60;20200303;150000;41251.0000000;41251.0000000;40871.0000000;40980.0000000;793
SPFB.ROSN-3.20;60;20200303;160000;40977.0000000;41189.0000000;40838.0000000;41020.0000000;530
SPFB.ROSN-3.20;60;20200303;170000;40972.0000000;41339.0000000;40632.0000000;41084.0000000;1528
SPFB.ROSN-3.20;60;20200303;180000;41058.0000000;41058.0000000;40294.0000000;40398.0000000;1202
SPFB.ROSN-3.20;60;20200303;190000;40408.0000000;41235.0000000;40325.0000000;40849.0000000;2744
SPFB.ROSN-3.20;60;20200303;200000;40832.0000000;40933.0000000;40395.0000000;40608.0000000;200
SPFB.ROSN-3.20;60;20200303;210000;40516.0000000;40779.0000000;40389.0000000;40389.0000000;114
SPFB.ROSN-3.20;60;20200303;220000;40390.0000000;40390.0000000;39899.0000000;39914.0000000;351
SPFB.ROSN-3.20;60;20200303;230000;39914.0000000;40079.0000000;39745.0000000;40076.0000000;249
SPFB.ROSN-3.20;60;20200304;000000;40000.0000000;40099.0000000;39896.0000000;40050.0000000;169
SPFB.ROSN-3.20;60;20200304;110000;39962.0000000;40716.0000000;39961.0000000;40709.0000000;1063
SPFB.ROSN-3.20;60;20200304;120000;40746.0000000;41007.0000000;40582.0000000;40974.0000000;1045
SPFB.ROSN-3.20;60;20200304;130000;41015.0000000;41180.0000000;40824.0000000;40980.0000000;406
SPFB.ROSN-3.20;60;20200304;140000;40987.0000000;41070.0000000;40820.0000000;40975.0000000;316
SPFB.ROSN-3.20;60;20200304;150000;40959.0000000;41170.0000000;40897.0000000;41135.0000000;509
SPFB.ROSN-3.20;60;20200304;160000;41095.0000000;41573.0000000;41065.0000000;41514.0000000;719
SPFB.ROSN-3.20;60;20200304;170000;41486.0000000;41707.0000000;41341.0000000;41595.0000000;1002
SPFB.ROSN-3.20;60;20200304;180000;41601.0000000;41754.0000000;41376.0000000;41400.0000000;1143
SPFB.ROSN-3.20;60;20200304;190000;41386.0000000;41651.0000000;41123.0000000;41499.0000000;1054
SPFB.ROSN-3.20;60;20200304;200000;41350.0000000;41655.0000000;41130.0000000;41450.0000000;358
SPFB.ROSN-3.20;60;20200304;210000;41477.0000000;41772.0000000;41445.0000000;41772.0000000;86
SPFB.ROSN-3.20;60;20200304;220000;41699.0000000;41956.0000000;41650.0000000;41805.0000000;166
SPFB.ROSN-3.20;60;20200304;230000;41806.0000000;41900.0000000;41692.0000000;41796.0000000;136
SPFB.ROSN-3.20;60;20200305;000000;41843.0000000;41976.0000000;41751.0000000;41948.0000000;53
SPFB.ROSN-3.20;60;20200305;110000;41910.0000000;42051.0000000;41446.0000000;41729.0000000;1542
SPFB.ROSN-3.20;60;20200305;120000;41795.0000000;41915.0000000;41201.0000000;41299.0000000;1727
SPFB.ROSN-3.20;60;20200305;130000;41312.0000000;41312.0000000;41124.0000000;41195.0000000;514
SPFB.ROSN-3.20;60;20200305;140000;41201.0000000;41438.0000000;40914.0000000;41197.0000000;865
SPFB.ROSN-3.20;60;20200305;150000;41176.0000000;41587.0000000;41083.0000000;41280.0000000;1056
SPFB.ROSN-3.20;60;20200305;160000;41370.0000000;41651.0000000;41318.0000000;41584.0000000;535
SPFB.ROSN-3.20;60;20200305;170000;41533.0000000;41561.0000000;41189.0000000;41216.0000000;444
SPFB.ROSN-3.20;60;20200305;180000;41205.0000000;41441.0000000;41031.0000000;41095.0000000;1058
SPFB.ROSN-3.20;60;20200305;190000;41114.0000000;41340.0000000;41005.0000000;41223.0000000;418
SPFB.ROSN-3.20;60;20200305;200000;41217.0000000;41411.0000000;41211.0000000;41211.0000000;121
SPFB.ROSN-3.20;60;20200305;210000;41279.0000000;41280.0000000;40748.0000000;40748.0000000;274
SPFB.ROSN-3.20;60;20200305;220000;40755.0000000;40907.0000000;40750.0000000;40907.0000000;165
SPFB.ROSN-3.20;60;20200305;230000;40907.0000000;40955.0000000;40548.0000000;40600.0000000;219
SPFB.ROSN-3.20;60;20200306;000000;40532.0000000;40650.0000000;40440.0000000;40486.0000000;118
SPFB.ROSN-3.20;60;20200306;110000;40600.0000000;40789.0000000;40061.0000000;40132.0000000;1462
SPFB.ROSN-3.20;60;20200306;120000;40169.0000000;40418.0000000;39811.0000000;39912.0000000;1684
SPFB.ROSN-3.20;60;20200306;130000;39900.0000000;40138.0000000;39491.0000000;39551.0000000;891
SPFB.ROSN-3.20;60;20200306;140000;39612.0000000;39850.0000000;39346.0000000;39669.0000000;1402
SPFB.ROSN-3.20;60;20200306;150000;39693.0000000;39777.0000000;39255.0000000;39344.0000000;849
SPFB.ROSN-3.20;60;20200306;160000;39342.0000000;39670.0000000;39310.0000000;39429.0000000;613
SPFB.ROSN-3.20;60;20200306;170000;39497.0000000;39778.0000000;39403.0000000;39700.0000000;929
SPFB.ROSN-3.20;60;20200306;180000;39698.0000000;39848.0000000;39442.0000000;39583.0000000;1007
SPFB.ROSN-3.20;60;20200306;190000;39611.0000000;39700.0000000;39191.0000000;39541.0000000;1278
SPFB.ROSN-3.20;60;20200306;200000;39464.0000000;39677.0000000;39137.0000000;39549.0000000;299
SPFB.ROSN-3.20;60;20200306;210000;39549.0000000;39549.0000000;39381.0000000;39381.0000000;121
SPFB.ROSN-3.20;60;20200306;220000;39469.0000000;39494.0000000;39300.0000000;39301.0000000;99
SPFB.ROSN-3.20;60;20200306;230000;39300.0000000;39324.0000000;39129.0000000;39230.0000000;186
SPFB.ROSN-3.20;60;20200307;000000;39200.0000000;39293.0000000;39200.0000000;39283.0000000;26
SPFB.ROSN-3.20;60;20200310;110000;38500.0000000;38500.0000000;33054.0000000;34241.0000000;4352
SPFB.ROSN-3.20;60;20200310;120000;34241.0000000;34429.0000000;32682.0000000;33488.0000000;3720
SPFB.ROSN-3.20;60;20200310;130000;33462.0000000;34416.0000000;33331.0000000;33898.0000000;2014
SPFB.ROSN-3.20;60;20200310;140000;33899.0000000;35275.0000000;33520.0000000;34921.0000000;2912
SPFB.ROSN-3.20;60;20200310;150000;34921.0000000;35200.0000000;34075.0000000;34979.0000000;3652
SPFB.ROSN-3.20;60;20200310;160000;34999.0000000;35049.0000000;33620.0000000;34226.0000000;3617
SPFB.ROSN-3.20;60;20200310;170000;34272.0000000;34319.0000000;33469.0000000;33629.0000000;1709
SPFB.ROSN-3.20;60;20200310;180000;33598.0000000;33801.0000000;32703.0000000;32956.0000000;1528
SPFB.ROSN-3.20;60;20200310;190000;32919.0000000;33070.0000000;32011.0000000;32579.0000000;1636
SPFB.ROSN-3.20;60;20200310;200000;32723.0000000;33195.0000000;32525.0000000;33195.0000000;276
SPFB.ROSN-3.20;60;20200310;210000;33135.0000000;33313.0000000;32855.0000000;33125.0000000;73
SPFB.ROSN-3.20;60;20200310;220000;33116.0000000;33581.0000000;33028.0000000;33447.0000000;94
SPFB.ROSN-3.20;60;20200310;230000;33517.0000000;33894.0000000;33473.0000000;33850.0000000;242
SPFB.ROSN-3.20;60;20200311;000000;33852.0000000;33892.0000000;33600.0000000;33649.0000000;167
SPFB.ROSN-3.20;60;20200311;110000;33502.0000000;33502.0000000;31068.0000000;32600.0000000;4283
SPFB.ROSN-3.20;60;20200311;120000;32626.0000000;32655.0000000;31326.0000000;32339.0000000;3474
SPFB.ROSN-3.20;60;20200311;130000;32297.0000000;32364.0000000;31818.0000000;31994.0000000;2005
SPFB.ROSN-3.20;60;20200311;140000;31980.0000000;32425.0000000;31853.0000000;32336.0000000;1475
SPFB.ROSN-3.20;60;20200311;150000;32377.0000000;32454.0000000;32033.0000000;32162.0000000;475
SPFB.ROSN-3.20;60;20200311;160000;32190.0000000;32337.0000000;31166.0000000;31319.0000000;2236
SPFB.ROSN-3.20;60;20200311;170000;31332.0000000;31978.0000000;31331.0000000;31968.0000000;1738
SPFB.ROSN-3.20;60;20200311;180000;31958.0000000;32016.0000000;31498.0000000;31734.0000000;3159
SPFB.ROSN-3.20;60;20200311;190000;31767.0000000;31802.0000000;31487.0000000;31490.0000000;1716
SPFB.ROSN-3.20;60;20200311;200000;31530.0000000;31929.0000000;31264.0000000;31401.0000000;287
SPFB.ROSN-3.20;60;20200311;210000;31400.0000000;32175.0000000;31000.0000000;31270.0000000;2393
SPFB.ROSN-3.20;60;20200311;220000;31316.0000000;31340.0000000;30860.0000000;31006.0000000;1003
SPFB.ROSN-3.20;60;20200311;230000;31039.0000000;31133.0000000;30673.0000000;31133.0000000;226
SPFB.ROSN-3.20;60;20200312;000000;31034.0000000;31106.0000000;30820.0000000;30964.0000000;34
SPFB.ROSN-3.20;60;20200312;110000;30805.0000000;30805.0000000;29400.0000000;29433.0000000;4857
SPFB.ROSN-3.20;60;20200312;120000;29455.0000000;29910.0000000;29054.0000000;29374.0000000;3390
SPFB.ROSN-3.20;60;20200312;130000;29343.0000000;29652.0000000;28902.0000000;29220.0000000;1529
SPFB.ROSN-3.20;60;20200312;140000;29165.0000000;29325.0000000;28333.0000000;28382.0000000;1172
SPFB.ROSN-3.20;60;20200312;150000;28381.0000000;28710.0000000;28065.0000000;28221.0000000;2719
SPFB.ROSN-3.20;60;20200312;160000;28221.0000000;28247.0000000;27763.0000000;28092.0000000;2280
SPFB.ROSN-3.20;60;20200312;170000;28123.0000000;28281.0000000;27147.0000000;28146.0000000;2611
SPFB.ROSN-3.20;60;20200312;180000;28139.0000000;28603.0000000;27863.0000000;28076.0000000;3013
SPFB.ROSN-3.20;60;20200312;190000;28028.0000000;28200.0000000;27613.0000000;27700.0000000;1509
SPFB.ROSN-3.20;60;20200312;200000;27631.0000000;28201.0000000;27303.0000000;28201.0000000;576
SPFB.ROSN-3.20;60;20200312;210000;28236.0000000;29000.0000000;27800.0000000;28098.0000000;917
SPFB.ROSN-3.20;60;20200312;220000;28202.0000000;28202.0000000;27753.0000000;27865.0000000;233
SPFB.ROSN-3.20;60;20200312;230000;27890.0000000;27890.0000000;27424.0000000;27424.0000000;191
SPFB.ROSN-3.20;60;20200313;000000;27365.0000000;27408.0000000;26130.0000000;26359.0000000;370
SPFB.ROSN-3.20;60;20200313;110000;26560.0000000;28800.0000000;26560.0000000;28529.0000000;5514
SPFB.ROSN-3.20;60;20200313;120000;28560.0000000;28659.0000000;27338.0000000;28037.0000000;4335
SPFB.ROSN-3.20;60;20200313;130000;28043.0000000;28530.0000000;27960.0000000;28450.0000000;1050
SPFB.ROSN-3.20;60;20200313;140000;28411.0000000;28752.0000000;28272.0000000;28561.0000000;777
SPFB.ROSN-3.20;60;20200313;150000;28629.0000000;28850.0000000;28412.0000000;28595.0000000;1423
SPFB.ROSN-3.20;60;20200313;160000;28601.0000000;28721.0000000;28083.0000000;28292.0000000;3849
SPFB.ROSN-3.20;60;20200313;170000;28224.0000000;28535.0000000;27901.0000000;28131.0000000;2149
SPFB.ROSN-3.20;60;20200313;180000;28133.0000000;28292.0000000;27792.0000000;27926.0000000;1708
SPFB.ROSN-3.20;60;20200313;190000;27928.0000000;27954.0000000;26364.0000000;26364.0000000;2979
SPFB.ROSN-3.20;60;20200313;200000;26750.0000000;27370.0000000;26222.0000000;26944.0000000;597
SPFB.ROSN-3.20;60;20200313;210000;26928.0000000;27200.0000000;26701.0000000;27097.0000000;160
SPFB.ROSN-3.20;60;20200313;220000;27097.0000000;27097.0000000;26615.0000000;26831.0000000;93
SPFB.ROSN-3.20;60;20200313;230000;26800.0000000;27760.0000000;26631.0000000;27760.0000000;369
SPFB.ROSN-3.20;60;20200314;000000;27631.0000000;28317.0000000;27600.0000000;27800.0000000;791
SPFB.ROSN-3.20;60;20200316;110000;27000.0000000;27000.0000000;25163.0000000;26467.0000000;5845
SPFB.ROSN-3.20;60;20200316;120000;26490.0000000;27088.0000000;26002.0000000;26265.0000000;2370
SPFB.ROSN-3.20;60;20200316;130000;26223.0000000;26291.0000000;25773.0000000;25813.0000000;905
SPFB.ROSN-3.20;60;20200316;140000;25762.0000000;26094.0000000;25358.0000000;26055.0000000;1425
SPFB.ROSN-3.20;60;20200316;150000;26069.0000000;26136.0000000;25759.0000000;25761.0000000;1003
SPFB.ROSN-3.20;60;20200316;160000;25778.0000000;26000.0000000;25601.0000000;25782.0000000;1065
SPFB.ROSN-3.20;60;20200316;170000;25773.0000000;25893.0000000;25393.0000000;25530.0000000;1675
SPFB.ROSN-3.20;60;20200316;180000;25522.0000000;26058.0000000;25391.0000000;25935.0000000;1292
SPFB.ROSN-3.20;60;20200316;190000;25954.0000000;26092.0000000;25592.0000000;25800.0000000;1252
SPFB.ROSN-3.20;60;20200316;200000;25604.0000000;25926.0000000;24942.0000000;24962.0000000;596
SPFB.ROSN-3.20;60;20200316;210000;24962.0000000;25174.0000000;24900.0000000;25086.0000000;369
SPFB.ROSN-3.20;60;20200316;220000;25063.0000000;25201.0000000;24975.0000000;25151.0000000;915
SPFB.ROSN-3.20;60;20200316;230000;25132.0000000;25180.0000000;24709.0000000;24709.0000000;461
SPFB.ROSN-3.20;60;20200317;000000;24709.0000000;24881.0000000;24601.0000000;24645.0000000;139
SPFB.ROSN-3.20;60;20200317;110000;25324.0000000;26844.0000000;25295.0000000;26577.0000000;5547
SPFB.ROSN-3.20;60;20200317;120000;26537.0000000;26623.0000000;25624.0000000;25863.0000000;4169
SPFB.ROSN-3.20;60;20200317;130000;25823.0000000;26183.0000000;25182.0000000;25240.0000000;1474
SPFB.ROSN-3.20;60;20200317;140000;25249.0000000;25830.0000000;25123.0000000;25651.0000000;761
SPFB.ROSN-3.20;60;20200317;150000;25654.0000000;25811.0000000;25225.0000000;25368.0000000;1378
SPFB.ROSN-3.20;60;20200317;160000;25406.0000000;25544.0000000;25168.0000000;25344.0000000;1877
SPFB.ROSN-3.20;60;20200317;170000;25389.0000000;25517.0000000;24725.0000000;24811.0000000;2494
SPFB.ROSN-3.20;60;20200317;180000;24810.0000000;25222.0000000;24645.0000000;24836.0000000;2710
SPFB.ROSN-3.20;60;20200317;190000;24928.0000000;25245.0000000;24837.0000000;25053.0000000;829
SPFB.ROSN-3.20;60;20200317;200000;25210.0000000;25800.0000000;24924.0000000;25100.0000000;312
SPFB.ROSN-3.20;60;20200317;210000;25100.0000000;25363.0000000;24890.0000000;25070.0000000;180
SPFB.ROSN-3.20;60;20200317;220000;25071.0000000;25150.0000000;24892.0000000;24892.0000000;122
SPFB.ROSN-3.20;60;20200317;230000;24935.0000000;25150.0000000;24702.0000000;25128.0000000;206
SPFB.ROSN-3.20;60;20200318;000000;25128.0000000;25150.0000000;24762.0000000;25005.0000000;206
SPFB.ROSN-3.20;60;20200318;110000;24843.0000000;25370.0000000;23639.0000000;23736.0000000;1947
SPFB.ROSN-3.20;60;20200318;120000;23731.0000000;23986.0000000;23664.0000000;23693.0000000;709
SPFB.ROSN-3.20;60;20200318;130000;23775.0000000;23852.0000000;23384.0000000;23580.0000000;728
SPFB.ROSN-3.20;60;20200318;140000;23612.0000000;23737.0000000;23445.0000000;23616.0000000;1732
SPFB.ROSN-3.20;60;20200318;150000;23519.0000000;23548.0000000;22702.0000000;23145.0000000;2108
SPFB.ROSN-3.20;60;20200318;160000;23151.0000000;23390.0000000;23031.0000000;23275.0000000;1713
SPFB.ROSN-3.20;60;20200318;170000;23257.0000000;23944.0000000;22990.0000000;23769.0000000;1878
SPFB.ROSN-3.20;60;20200318;180000;23769.0000000;23989.0000000;23500.0000000;23697.0000000;2343
SPFB.ROSN-3.20;60;20200318;190000;23734.0000000;24000.0000000;23619.0000000;23700.0000000;1078
SPFB.ROSN-3.20;60;20200318;200000;23441.0000000;23652.0000000;23002.0000000;23100.0000000;236
SPFB.ROSN-3.20;60;20200318;210000;23100.0000000;23199.0000000;22600.0000000;22700.0000000;181
SPFB.ROSN-3.20;60;20200318;220000;22700.0000000;23500.0000000;22400.0000000;23340.0000000;230
SPFB.ROSN-3.20;60;20200318;230000;23296.0000000;23700.0000000;22750.0000000;22853.0000000;105
SPFB.ROSN-3.20;60;20200319;000000;22999.0000000;23600.0000000;22999.0000000;23600.0000000;19
SPFB.ROSN-3.20;60;20200319;110000;23700.0000000;24300.0000000;23003.0000000;24170.0000000;1301
SPFB.ROSN-3.20;60;20200319;120000;24215.0000000;26365.0000000;24215.0000000;25877.0000000;1533
SPFB.ROSN-3.20;60;20200319;130000;25890.0000000;26327.0000000;25646.0000000;25705.0000000;2472
SPFB.ROSN-3.20;60;20200319;140000;25706.0000000;25946.0000000;25570.0000000;25570.0000000;581
SPFB.ROSN-3.20;60;20200319;150000;25674.0000000;25674.0000000;24582.0000000;24705.0000000;654
SPFB.ROSN-3.20;60;20200319;160000;24748.0000000;25369.0000000;24332.0000000;25338.0000000;407
SPFB.ROSN-3.20;60;20200319;170000;25291.0000000;25550.0000000;24688.0000000;25092.0000000;552
SPFB.ROSN-3.20;60;20200319;180000;25028.0000000;26050.0000000;24915.0000000;25494.0000000;1530
SPFB.ROSN-3.20;60;20200319;190000;25663.0000000;26987.0000000;25663.0000000;26987.0000000;314
