<TICKER>;<PER>;<DATE>;<TIME>;<OPEN>;<HIGH>;<LOW>;<CLOSE>;<VOL>
SPFB.POLY-3.21;60;20201106;160000;20694.0000000;20694.0000000;20694.0000000;20694.0000000;1
SPFB.POLY-3.21;60;20201109;140000;19999.0000000;19999.0000000;19999.0000000;19999.0000000;1
SPFB.POLY-3.21;60;20201109;150000;19900.0000000;19900.0000000;19900.0000000;19900.0000000;2
SPFB.POLY-3.21;60;20201201;180000;17110.0000000;17111.0000000;17110.0000000;17111.0000000;9
SPFB.POLY-3.21;60;20201202;160000;17000.0000000;17000.0000000;17000.0000000;17000.0000000;3
SPFB.POLY-3.21;60;20201203;130000;17001.0000000;17001.0000000;16950.0000000;16950.0000000;5
SPFB.POLY-3.21;60;20201203;140000;16800.0000000;16800.0000000;16800.0000000;16800.0000000;1
SPFB.POLY-3.21;60;20201208;200000;18808.0000000;18809.0000000;17197.0000000;17198.0000000;9
SPFB.POLY-3.21;60;20201208;220000;16806.0000000;16806.0000000;16806.0000000;16806.0000000;2
SPFB.POLY-3.21;60;20201208;230000;16906.0000000;16906.0000000;16906.0000000;16906.0000000;2
SPFB.POLY-3.21;60;20201209;120000;18964.0000000;18964.0000000;16709.0000000;16709.0000000;8
SPFB.POLY-3.21;60;20201209;150000;16855.0000000;16855.0000000;16855.0000000;16855.0000000;2
SPFB.POLY-3.21;60;20201209;170000;16710.0000000;18355.0000000;16700.0000000;18355.0000000;4
SPFB.POLY-3.21;60;20201209;180000;16800.0000000;16800.0000000;16800.0000000;16800.0000000;2
SPFB.POLY-3.21;60;20201209;190000;16700.0000000;16700.0000000;16700.0000000;16700.0000000;2
SPFB.POLY-3.21;60;20201210;220000;15001.0000000;15009.0000000;15001.0000000;15009.0000000;2
SPFB.POLY-3.21;60;20201211;130000;16589.0000000;16590.0000000;16589.0000000;16590.0000000;2
SPFB.POLY-3.21;60;20201211;140000;16650.0000000;16650.0000000;16650.0000000;16650.0000000;1
SPFB.POLY-3.21;60;20201211;160000;16530.0000000;16530.0000000;16530.0000000;16530.0000000;1
SPFB.POLY-3.21;60;20201211;170000;16510.0000000;16650.0000000;16510.0000000;16650.0000000;11
SPFB.POLY-3.21;60;20201214;120000;16387.0000000;16387.0000000;16309.0000000;16309.0000000;8
SPFB.POLY-3.21;60;20201214;140000;16200.0000000;16200.0000000;16200.0000000;16200.0000000;2
SPFB.POLY-3.21;60;20201214;150000;16149.0000000;16149.0000000;16149.0000000;16149.0000000;2
SPFB.POLY-3.21;60;20201216;130000;17819.0000000;17819.0000000;17819.0000000;17819.0000000;1
SPFB.POLY-3.21;60;20201216;150000;16650.0000000;16680.0000000;16366.0000000;16535.0000000;24
SPFB.POLY-3.21;60;20201216;160000;16620.0000000;16648.0000000;16481.0000000;16481.0000000;13
SPFB.POLY-3.21;60;20201216;170000;16620.0000000;16620.0000000;16620.0000000;16620.0000000;3
SPFB.POLY-3.21;60;20201216;190000;16406.0000000;16406.0000000;16405.0000000;16405.0000000;4
SPFB.POLY-3.21;60;20201216;230000;16500.0000000;16500.0000000;16500.0000000;16500.0000000;3
SPFB.POLY-3.21;60;20201217;110000;17000.0000000;17000.0000000;16799.0000000;16799.0000000;24
SPFB.POLY-3.21;60;20201217;120000;16800.0000000;17190.0000000;16800.0000000;17190.0000000;14
SPFB.POLY-3.21;60;20201217;130000;17050.0000000;17050.0000000;17050.0000000;17050.0000000;5
SPFB.POLY-3.21;60;20201217;140000;17001.0000000;17125.0000000;16997.0000000;17125.0000000;12
SPFB.POLY-3.21;60;20201217;150000;17230.0000000;17400.0000000;17230.0000000;17400.0000000;3
SPFB.POLY-3.21;60;20201217;160000;17250.0000000;17400.0000000;17250.0000000;17400.0000000;34
SPFB.POLY-3.21;60;20201217;170000;17201.0000000;17299.0000000;17100.0000000;17299.0000000;5
SPFB.POLY-3.21;60;20201217;180000;17345.0000000;17500.0000000;17345.0000000;17500.0000000;18
SPFB.POLY-3.21;60;20201217;190000;17350.0000000;17350.0000000;17350.0000000;17350.0000000;1
SPFB.POLY-3.21;60;20201218;110000;17125.0000000;17143.0000000;16907.0000000;17100.0000000;18
SPFB.POLY-3.21;60;20201218;140000;17150.0000000;17150.0000000;17150.0000000;17150.0000000;1
SPFB.POLY-3.21;60;20201218;160000;17150.0000000;17150.0000000;17150.0000000;17150.0000000;1
SPFB.POLY-3.21;60;20201221;110000;17499.0000000;17578.0000000;17499.0000000;17578.0000000;8
SPFB.POLY-3.21;60;20201221;120000;17578.0000000;17578.0000000;17578.0000000;17578.0000000;2
SPFB.POLY-3.21;60;20201221;130000;17548.0000000;18400.0000000;17351.0000000;17351.0000000;83
SPFB.POLY-3.21;60;20201221;140000;17250.0000000;17257.0000000;16950.0000000;17257.0000000;56
SPFB.POLY-3.21;60;20201221;150000;17113.0000000;17113.0000000;17112.0000000;17112.0000000;10
SPFB.POLY-3.21;60;20201221;170000;17000.0000000;17000.0000000;16900.0000000;16901.0000000;5
SPFB.POLY-3.21;60;20201221;180000;16901.0000000;16920.0000000;16900.0000000;16920.0000000;12
SPFB.POLY-3.21;60;20201222;000000;17179.0000000;17179.0000000;17179.0000000;17179.0000000;3
SPFB.POLY-3.21;60;20201222;120000;17100.0000000;17100.0000000;17100.0000000;17100.0000000;1
SPFB.POLY-3.21;60;20201222;130000;17148.0000000;17148.0000000;17148.0000000;17148.0000000;8
SPFB.POLY-3.21;60;20201222;140000;17250.0000000;17255.0000000;17250.0000000;17255.0000000;9
SPFB.POLY-3.21;60;20201222;160000;17178.0000000;17178.0000000;17178.0000000;17178.0000000;1
SPFB.POLY-3.21;60;20201222;220000;17050.0000000;17050.0000000;17050.0000000;17050.0000000;4
SPFB.POLY-3.21;60;20201223;110000;17051.0000000;17051.0000000;17051.0000000;17051.0000000;2
SPFB.POLY-3.21;60;20201223;120000;17239.0000000;17248.0000000;17239.0000000;17248.0000000;4
SPFB.POLY-3.21;60;20201223;130000;17250.0000000;17250.0000000;17150.0000000;17150.0000000;2
SPFB.POLY-3.21;60;20201223;140000;17150.0000000;17150.0000000;17150.0000000;17150.0000000;1
SPFB.POLY-3.21;60;20201223;160000;17135.0000000;17135.0000000;17135.0000000;17135.0000000;1
SPFB.POLY-3.21;60;20201223;170000;17248.0000000;17248.0000000;17248.0000000;17248.0000000;2
SPFB.POLY-3.21;60;20201223;210000;17130.0000000;17130.0000000;17130.0000000;17130.0000000;12
SPFB.POLY-3.21;60;20201224;110000;17300.0000000;17300.0000000;17300.0000000;17300.0000000;2
SPFB.POLY-3.21;60;20201228;140000;17101.0000000;17101.0000000;16850.0000000;16850.0000000;22
SPFB.POLY-3.21;60;20201228;150000;17249.0000000;17249.0000000;17247.0000000;17247.0000000;2
SPFB.POLY-3.21;60;20201228;160000;17051.0000000;17051.0000000;17051.0000000;17051.0000000;1
SPFB.POLY-3.21;60;20201228;190000;17250.0000000;17250.0000000;17150.0000000;17150.0000000;30
SPFB.POLY-3.21;60;20201229;110000;17300.0000000;17300.0000000;17300.0000000;17300.0000000;2
SPFB.POLY-3.21;60;20201229;120000;17199.0000000;17199.0000000;17199.0000000;17199.0000000;1
SPFB.POLY-3.21;60;20201229;130000;17376.0000000;17376.0000000;17376.0000000;17376.0000000;63
SPFB.POLY-3.21;60;20201229;140000;17374.0000000;17374.0000000;17360.0000000;17360.0000000;5
SPFB.POLY-3.21;60;20201229;160000;17360.0000000;17360.0000000;17360.0000000;17360.0000000;1
SPFB.POLY-3.21;60;20201229;190000;17465.0000000;17520.0000000;17465.0000000;17520.0000000;3
SPFB.POLY-3.21;60;20201229;200000;17662.0000000;17662.0000000;17662.0000000;17662.0000000;1
SPFB.POLY-3.21;60;20201229;230000;17484.0000000;17484.0000000;17484.0000000;17484.0000000;1
SPFB.POLY-3.21;60;20201230;110000;17404.0000000;17404.0000000;17403.0000000;17403.0000000;2
SPFB.POLY-3.21;60;20201230;120000;17678.0000000;17678.0000000;17510.0000000;17570.0000000;8
SPFB.POLY-3.21;60;20201230;130000;17680.0000000;17843.0000000;17680.0000000;17843.0000000;51
SPFB.POLY-3.21;60;20201230;150000;17595.0000000;17619.0000000;17595.0000000;17610.0000000;15
SPFB.POLY-3.21;60;20201230;160000;17600.0000000;17605.0000000;17554.0000000;17605.0000000;20
SPFB.POLY-3.21;60;20201230;170000;17653.0000000;17653.0000000;17653.0000000;17653.0000000;1
SPFB.POLY-3.21;60;20201230;180000;17652.0000000;17652.0000000;17652.0000000;17652.0000000;1
SPFB.POLY-3.21;60;20201230;210000;17546.0000000;17546.0000000;17545.0000000;17545.0000000;2
SPFB.POLY-3.21;60;20201230;220000;17577.0000000;17577.0000000;17549.0000000;17565.0000000;46
SPFB.POLY-3.21;60;20201230;230000;17557.0000000;17559.0000000;17543.0000000;17543.0000000;54
SPFB.POLY-3.21;60;20201231;000000;17555.0000000;17560.0000000;17554.0000000;17557.0000000;4
SPFB.POLY-3.21;60;20210104;110000;17990.0000000;18000.0000000;17990.0000000;18000.0000000;31
SPFB.POLY-3.21;60;20210104;120000;17901.0000000;18099.0000000;17000.0000000;18099.0000000;84
SPFB.POLY-3.21;60;20210104;130000;18102.0000000;18300.0000000;18099.0000000;18175.0000000;11
SPFB.POLY-3.21;60;20210104;140000;18200.0000000;18220.0000000;18051.0000000;18220.0000000;11
SPFB.POLY-3.21;60;20210104;150000;18180.0000000;18180.0000000;18180.0000000;18180.0000000;1
SPFB.POLY-3.21;60;20210104;170000;18160.0000000;18340.0000000;18160.0000000;18340.0000000;52
SPFB.POLY-3.21;60;20210104;180000;18202.0000000;18500.0000000;18201.0000000;18500.0000000;26
SPFB.POLY-3.21;60;20210104;190000;18560.0000000;18564.0000000;18500.0000000;18510.0000000;7
SPFB.POLY-3.21;60;20210104;200000;18679.0000000;18679.0000000;18525.0000000;18525.0000000;28
SPFB.POLY-3.21;60;20210104;210000;18400.0000000;18400.0000000;18350.0000000;18360.0000000;5
SPFB.POLY-3.21;60;20210104;220000;18300.0000000;18465.0000000;18300.0000000;18460.0000000;40
SPFB.POLY-3.21;60;20210105;000000;18458.0000000;18458.0000000;18440.0000000;18440.0000000;2
SPFB.POLY-3.21;60;20210105;110000;18250.0000000;18287.0000000;18201.0000000;18250.0000000;7
SPFB.POLY-3.21;60;20210105;120000;18300.0000000;18475.0000000;18300.0000000;18475.0000000;9
SPFB.POLY-3.21;60;20210105;140000;18800.0000000;18800.0000000;18600.0000000;18700.0000000;6
SPFB.POLY-3.21;60;20210105;150000;18700.0000000;18780.0000000;18700.0000000;18763.0000000;11
SPFB.POLY-3.21;60;20210105;160000;18725.0000000;18725.0000000;18725.0000000;18725.0000000;2
SPFB.POLY-3.21;60;20210105;170000;18760.0000000;18810.0000000;18755.0000000;18770.0000000;11
SPFB.POLY-3.21;60;20210105;180000;18785.0000000;18785.0000000;18700.0000000;18700.0000000;19
SPFB.POLY-3.21;60;20210105;200000;18600.0000000;18800.0000000;18600.0000000;18601.0000000;9
SPFB.POLY-3.21;60;20210105;230000;18700.0000000;18717.0000000;18700.0000000;18712.0000000;28
SPFB.POLY-3.21;60;20210106;110000;18625.0000000;18872.0000000;18350.0000000;18872.0000000;24
SPFB.POLY-3.21;60;20210106;120000;18351.0000000;18351.0000000;18350.0000000;18350.0000000;3
SPFB.POLY-3.21;60;20210106;180000;18620.0000000;18640.0000000;18620.0000000;18625.0000000;3
SPFB.POLY-3.21;60;20210106;190000;18500.0000000;18500.0000000;18500.0000000;18500.0000000;1
SPFB.POLY-3.21;60;20210106;200000;18516.0000000;18516.0000000;18516.0000000;18516.0000000;1
SPFB.POLY-3.21;60;20210106;220000;18460.0000000;18468.0000000;18460.0000000;18468.0000000;5
SPFB.POLY-3.21;60;20210106;230000;18490.0000000;18511.0000000;18490.0000000;18511.0000000;32
SPFB.POLY-3.21;60;20210107;000000;18637.0000000;18637.0000000;18628.0000000;18628.0000000;4
SPFB.POLY-3.21;60;20210108;110000;18401.0000000;18600.0000000;18401.0000000;18401.0000000;6
SPFB.POLY-3.21;60;20210108;120000;18450.0000000;18450.0000000;18181.0000000;18181.0000000;5
SPFB.POLY-3.21;60;20210108;130000;18172.0000000;18200.0000000;17951.0000000;18037.0000000;27
SPFB.POLY-3.21;60;20210108;140000;18037.0000000;18037.0000000;18032.0000000;18037.0000000;4
SPFB.POLY-3.21;60;20210108;150000;18038.0000000;18049.0000000;17953.0000000;17960.0000000;19
SPFB.POLY-3.21;60;20210108;170000;17962.0000000;17970.0000000;17955.0000000;17955.0000000;21
SPFB.POLY-3.21;60;20210108;180000;18063.0000000;18069.0000000;17800.0000000;17800.0000000;61
SPFB.POLY-3.21;60;20210108;190000;17840.0000000;17875.0000000;17676.0000000;17816.0000000;23
SPFB.POLY-3.21;60;20210108;210000;17850.0000000;17850.0000000;17845.0000000;17845.0000000;2
SPFB.POLY-3.21;60;20210108;220000;17817.0000000;17830.0000000;17817.0000000;17830.0000000;7
SPFB.POLY-3.21;60;20210109;000000;17976.0000000;17990.0000000;17976.0000000;17990.0000000;2
SPFB.POLY-3.21;60;20210111;110000;17976.0000000;17976.0000000;17906.0000000;17906.0000000;6
SPFB.POLY-3.21;60;20210111;120000;17950.0000000;17950.0000000;17950.0000000;17950.0000000;5
SPFB.POLY-3.21;60;20210111;130000;17950.0000000;17950.0000000;17950.0000000;17950.0000000;1
SPFB.POLY-3.21;60;20210111;140000;17950.0000000;18050.0000000;17950.0000000;18000.0000000;5
SPFB.POLY-3.21;60;20210111;170000;17906.0000000;17921.0000000;17900.0000000;17900.0000000;19
SPFB.POLY-3.21;60;20210111;180000;17801.0000000;17801.0000000;17700.0000000;17700.0000000;44
SPFB.POLY-3.21;60;20210111;190000;17900.0000000;17999.0000000;17900.0000000;17999.0000000;4
SPFB.POLY-3.21;60;20210111;200000;17651.0000000;17651.0000000;17651.0000000;17651.0000000;1
SPFB.POLY-3.21;60;20210111;210000;17766.0000000;18100.0000000;17766.0000000;18000.0000000;25
SPFB.POLY-3.21;60;20210112;110000;17999.0000000;18001.0000000;17999.0000000;18001.0000000;40
SPFB.POLY-3.21;60;20210112;120000;17801.0000000;17950.0000000;17503.0000000;17950.0000000;26
SPFB.POLY-3.21;60;20210112;150000;17520.0000000;17520.0000000;17456.0000000;17460.0000000;23
SPFB.POLY-3.21;60;20210112;160000;17445.0000000;17456.0000000;17422.0000000;17422.0000000;6
SPFB.POLY-3.21;60;20210112;170000;17403.0000000;17403.0000000;17200.0000000;17299.0000000;55
SPFB.POLY-3.21;60;20210112;180000;17342.0000000;17378.0000000;17342.0000000;17378.0000000;2
SPFB.POLY-3.21;60;20210112;190000;17394.0000000;17394.0000000;17378.0000000;17378.0000000;2
SPFB.POLY-3.21;60;20210112;200000;17250.0000000;17250.0000000;17250.0000000;17250.0000000;2
SPFB.POLY-3.21;60;20210112;210000;17275.0000000;17376.0000000;17275.0000000;17376.0000000;2
SPFB.POLY-3.21;60;20210113;110000;17500.0000000;17500.0000000;17302.0000000;17302.0000000;5
SPFB.POLY-3.21;60;20210113;120000;17320.0000000;17500.0000000;17210.0000000;17500.0000000;9
SPFB.POLY-3.21;60;20210113;140000;17530.0000000;17530.0000000;17480.0000000;17480.0000000;12
SPFB.POLY-3.21;60;20210113;160000;17400.0000000;17400.0000000;17400.0000000;17400.0000000;5
SPFB.POLY-3.21;60;20210113;190000;17450.0000000;17450.0000000;17450.0000000;17450.0000000;1
SPFB.POLY-3.21;60;20210113;200000;17437.0000000;17437.0000000;17437.0000000;17437.0000000;1
SPFB.POLY-3.21;60;20210113;210000;17437.0000000;17437.0000000;17437.0000000;17437.0000000;2
SPFB.POLY-3.21;60;20210114;110000;17440.0000000;17440.0000000;17200.0000000;17339.0000000;46
SPFB.POLY-3.21;60;20210114;120000;17413.0000000;17413.0000000;17332.0000000;17384.0000000;10
SPFB.POLY-3.21;60;20210114;150000;17225.0000000;17225.0000000;17217.0000000;17217.0000000;8
SPFB.POLY-3.21;60;20210114;190000;17245.0000000;17245.0000000;17245.0000000;17245.0000000;1
SPFB.POLY-3.21;60;20210114;220000;17289.0000000;17289.0000000;17230.0000000;17230.0000000;28
SPFB.POLY-3.21;60;20210114;230000;17227.0000000;17227.0000000;17227.0000000;17227.0000000;1
SPFB.POLY-3.21;60;20210115;000000;17231.0000000;17231.0000000;17231.0000000;17231.0000000;12
SPFB.POLY-3.21;60;20210115;110000;17180.0000000;17180.0000000;17010.0000000;17116.0000000;45
SPFB.POLY-3.21;60;20210115;120000;17116.0000000;17125.0000000;17050.0000000;17125.0000000;15
SPFB.POLY-3.21;60;20210115;130000;17035.0000000;17035.0000000;17035.0000000;17035.0000000;2
SPFB.POLY-3.21;60;20210115;140000;17060.0000000;17066.0000000;17060.0000000;17060.0000000;11
SPFB.POLY-3.21;60;20210115;150000;17000.0000000;17029.0000000;16947.0000000;17029.0000000;23
SPFB.POLY-3.21;60;20210115;170000;16946.0000000;16946.0000000;16909.0000000;16909.0000000;7
SPFB.POLY-3.21;60;20210115;180000;16891.0000000;16924.0000000;16862.0000000;16881.0000000;64
SPFB.POLY-3.21;60;20210115;190000;16856.0000000;16950.0000000;16705.0000000;16950.0000000;54
SPFB.POLY-3.21;60;20210115;200000;16775.0000000;16775.0000000;16711.0000000;16711.0000000;24
SPFB.POLY-3.21;60;20210115;210000;16812.0000000;16812.0000000;16712.0000000;16712.0000000;7
SPFB.POLY-3.21;60;20210116;000000;16790.0000000;16790.0000000;16790.0000000;16790.0000000;6
SPFB.POLY-3.21;60;20210118;110000;16820.0000000;17150.0000000;16820.0000000;16990.0000000;46
SPFB.POLY-3.21;60;20210118;120000;16851.0000000;16851.0000000;16851.0000000;16851.0000000;7
SPFB.POLY-3.21;60;20210118;190000;16901.0000000;16901.0000000;16901.0000000;16901.0000000;3
SPFB.POLY-3.21;60;20210118;200000;16901.0000000;16901.0000000;16901.0000000;16901.0000000;3
SPFB.POLY-3.21;60;20210119;000000;16995.0000000;16995.0000000;16995.0000000;16995.0000000;5
SPFB.POLY-3.21;60;20210119;110000;17070.0000000;17100.0000000;16995.0000000;16995.0000000;31
SPFB.POLY-3.21;60;20210119;120000;16907.0000000;16907.0000000;16900.0000000;16900.0000000;6
SPFB.POLY-3.21;60;20210119;130000;16901.0000000;16948.0000000;16900.0000000;16948.0000000;21
SPFB.POLY-3.21;60;20210119;140000;16940.0000000;16943.0000000;16940.0000000;16943.0000000;4
SPFB.POLY-3.21;60;20210119;160000;16900.0000000;16900.0000000;16800.0000000;16867.0000000;6
SPFB.POLY-3.21;60;20210119;170000;16824.0000000;16824.0000000;16824.0000000;16824.0000000;1
SPFB.POLY-3.21;60;20210119;180000;16818.0000000;16818.0000000;16660.0000000;16660.0000000;50
SPFB.POLY-3.21;60;20210119;200000;16620.0000000;16620.0000000;16550.0000000;16600.0000000;22
SPFB.POLY-3.21;60;20210119;220000;16730.0000000;16730.0000000;16730.0000000;16730.0000000;2
SPFB.POLY-3.21;60;20210119;230000;16670.0000000;16683.0000000;16650.0000000;16683.0000000;4
SPFB.POLY-3.21;60;20210120;000000;16717.0000000;16717.0000000;16717.0000000;16717.0000000;8
SPFB.POLY-3.21;60;20210120;110000;16826.0000000;16840.0000000;16826.0000000;16840.0000000;2
SPFB.POLY-3.21;60;20210120;120000;16840.0000000;16900.0000000;16840.0000000;16900.0000000;26
SPFB.POLY-3.21;60;20210120;130000;16904.0000000;16904.0000000;16904.0000000;16904.0000000;1
SPFB.POLY-3.21;60;20210120;140000;16990.0000000;16991.0000000;16990.0000000;16991.0000000;7
SPFB.POLY-3.21;60;20210120;170000;16860.0000000;16879.0000000;16860.0000000;16879.0000000;4
SPFB.POLY-3.21;60;20210120;180000;16992.0000000;17033.0000000;16992.0000000;17033.0000000;13
SPFB.POLY-3.21;60;20210120;190000;17070.0000000;17100.0000000;17070.0000000;17100.0000000;3
SPFB.POLY-3.21;60;20210120;200000;17064.0000000;17069.0000000;17064.0000000;17069.0000000;10
SPFB.POLY-3.21;60;20210120;210000;17081.0000000;17103.0000000;17081.0000000;17103.0000000;2
SPFB.POLY-3.21;60;20210120;220000;17115.0000000;17115.0000000;17115.0000000;17115.0000000;2
SPFB.POLY-3.21;60;20210121;000000;17194.0000000;17200.0000000;17194.0000000;17200.0000000;2
SPFB.POLY-3.21;60;20210121;110000;17240.0000000;17240.0000000;17101.0000000;17101.0000000;9
SPFB.POLY-3.21;60;20210121;120000;17218.0000000;17245.0000000;16948.0000000;17000.0000000;86
SPFB.POLY-3.21;60;20210121;130000;17154.0000000;17154.0000000;17154.0000000;17154.0000000;1
SPFB.POLY-3.21;60;20210121;140000;17220.0000000;17260.0000000;17220.0000000;17260.0000000;26
SPFB.POLY-3.21;60;20210121;150000;17072.0000000;17072.0000000;17072.0000000;17072.0000000;1
SPFB.POLY-3.21;60;20210121;160000;17288.0000000;17340.0000000;17128.0000000;17128.0000000;6
SPFB.POLY-3.21;60;20210121;180000;17186.0000000;17186.0000000;17186.0000000;17186.0000000;1
SPFB.POLY-3.21;60;20210121;200000;17084.0000000;17107.0000000;17025.0000000;17064.0000000;8
SPFB.POLY-3.21;60;20210121;210000;16970.0000000;16970.0000000;16970.0000000;16970.0000000;1
SPFB.POLY-3.21;60;20210121;230000;17143.0000000;17143.0000000;17125.0000000;17125.0000000;6
SPFB.POLY-3.21;60;20210122;110000;16960.0000000;17095.0000000;16601.0000000;16973.0000000;63
SPFB.POLY-3.21;60;20210122;120000;17070.0000000;17282.0000000;16750.0000000;17222.0000000;128
SPFB.POLY-3.21;60;20210122;130000;17330.0000000;17330.0000000;17190.0000000;17237.0000000;12
SPFB.POLY-3.21;60;20210122;140000;17210.0000000;17250.0000000;17198.0000000;17212.0000000;28
SPFB.POLY-3.21;60;20210122;160000;17130.0000000;17130.0000000;17130.0000000;17130.0000000;1
SPFB.POLY-3.21;60;20210122;170000;17080.0000000;17100.0000000;17080.0000000;17100.0000000;2
SPFB.POLY-3.21;60;20210122;180000;17040.0000000;17260.0000000;17040.0000000;17260.0000000;22
SPFB.POLY-3.21;60;20210122;190000;17280.0000000;17288.0000000;17280.0000000;17288.0000000;12
SPFB.POLY-3.21;60;20210122;200000;17390.0000000;17410.0000000;17350.0000000;17367.0000000;41
SPFB.POLY-3.21;60;20210122;210000;17357.0000000;17370.0000000;17316.0000000;17316.0000000;9
SPFB.POLY-3.21;60;20210125;110000;17374.0000000;17374.0000000;17374.0000000;17374.0000000;2
SPFB.POLY-3.21;60;20210125;120000;17404.0000000;17563.0000000;17404.0000000;17563.0000000;37
SPFB.POLY-3.21;60;20210125;130000;17543.0000000;17543.0000000;17543.0000000;17543.0000000;1
SPFB.POLY-3.21;60;20210125;140000;17543.0000000;17600.0000000;17543.0000000;17600.0000000;10
SPFB.POLY-3.21;60;20210125;150000;17630.0000000;17630.0000000;17600.0000000;17600.0000000;42
SPFB.POLY-3.21;60;20210125;170000;17600.0000000;17600.0000000;17543.0000000;17543.0000000;11
SPFB.POLY-3.21;60;20210125;180000;17470.0000000;17549.0000000;17460.0000000;17467.0000000;25
SPFB.POLY-3.21;60;20210125;190000;17467.0000000;17520.0000000;17459.0000000;17520.0000000;7
SPFB.POLY-3.21;60;20210125;200000;17507.0000000;17507.0000000;17507.0000000;17507.0000000;1
SPFB.POLY-3.21;60;20210125;230000;17512.0000000;17629.0000000;17512.0000000;17629.0000000;30
SPFB.POLY-3.21;60;20210126;000000;17512.0000000;17512.0000000;17512.0000000;17512.0000000;1
SPFB.POLY-3.21;60;20210126;110000;17630.0000000;17825.0000000;17248.0000000;17248.0000000;37
SPFB.POLY-3.21;60;20210126;120000;17386.0000000;17386.0000000;17265.0000000;17265.0000000;6
SPFB.POLY-3.21;60;20210126;140000;17200.0000000;17209.0000000;17154.0000000;17200.0000000;17
SPFB.POLY-3.21;60;20210126;150000;17215.0000000;17216.0000000;17212.0000000;17212.0000000;30
SPFB.POLY-3.21;60;20210126;160000;17242.0000000;17242.0000000;17200.0000000;17200.0000000;3
SPFB.POLY-3.21;60;20210126;170000;17160.0000000;17190.0000000;17120.0000000;17190.0000000;18
SPFB.POLY-3.21;60;20210126;180000;17150.0000000;17150.0000000;17100.0000000;17100.0000000;3
SPFB.POLY-3.21;60;20210126;190000;17173.0000000;17174.0000000;17170.0000000;17170.0000000;15
SPFB.POLY-3.21;60;20210126;200000;17170.0000000;17170.0000000;17170.0000000;17170.0000000;1
SPFB.POLY-3.21;60;20210126;210000;17207.0000000;17207.0000000;17207.0000000;17207.0000000;1
SPFB.POLY-3.21;60;20210127;000000;17139.0000000;17139.0000000;17139.0000000;17139.0000000;1
SPFB.POLY-3.21;60;20210127;110000;17178.0000000;17178.0000000;17178.0000000;17178.0000000;1
SPFB.POLY-3.21;60;20210127;120000;17137.0000000;17137.0000000;17056.0000000;17056.0000000;2
SPFB.POLY-3.21;60;20210127;130000;16950.0000000;16950.0000000;16950.0000000;16950.0000000;3
SPFB.POLY-3.21;60;20210127;140000;16806.0000000;16806.0000000;16780.0000000;16780.0000000;5
SPFB.POLY-3.21;60;20210127;150000;16780.0000000;16780.0000000;16731.0000000;16735.0000000;21
SPFB.POLY-3.21;60;20210127;160000;16719.0000000;16750.0000000;16611.0000000;16750.0000000;39
SPFB.POLY-3.21;60;20210127;170000;16724.0000000;16724.0000000;16600.0000000;16619.0000000;30
SPFB.POLY-3.21;60;20210127;180000;16588.0000000;16588.0000000;16440.0000000;16466.0000000;32
SPFB.POLY-3.21;60;20210127;190000;16566.0000000;16779.0000000;16566.0000000;16702.0000000;28
SPFB.POLY-3.21;60;20210127;200000;16612.0000000;16612.0000000;16545.0000000;16559.0000000;18
SPFB.POLY-3.21;60;20210127;220000;16690.0000000;16792.0000000;16645.0000000;16677.0000000;22
SPFB.POLY-3.21;60;20210128;000000;16650.0000000;16650.0000000;16650.0000000;16650.0000000;5
SPFB.POLY-3.21;60;20210128;110000;16610.0000000;16650.0000000;16165.0000000;16650.0000000;19
SPFB.POLY-3.21;60;20210128;120000;16549.0000000;16550.0000000;16549.0000000;16550.0000000;2
SPFB.POLY-3.21;60;20210128;130000;16550.0000000;16550.0000000;16440.0000000;16440.0000000;5
SPFB.POLY-3.21;60;20210128;150000;16610.0000000;16610.0000000;16584.0000000;16584.0000000;3
SPFB.POLY-3.21;60;20210128;170000;16440.0000000;16610.0000000;16440.0000000;16610.0000000;37
SPFB.POLY-3.21;60;20210128;180000;16726.0000000;16900.0000000;16696.0000000;16815.0000000;79
SPFB.POLY-3.21;60;20210128;190000;16800.0000000;16906.0000000;16705.0000000;16705.0000000;74
SPFB.POLY-3.21;60;20210128;200000;16885.0000000;17100.0000000;16705.0000000;16705.0000000;18
SPFB.POLY-3.21;60;20210128;210000;16687.0000000;16687.0000000;16672.0000000;16672.0000000;3
SPFB.POLY-3.21;60;20210128;220000;16655.0000000;16655.0000000;16651.0000000;16651.0000000;4
SPFB.POLY-3.21;60;20210129;000000;16743.0000000;16743.0000000;16712.0000000;16712.0000000;12
SPFB.POLY-3.21;60;20210129;110000;16670.0000000;16704.0000000;16630.0000000;16630.0000000;57
SPFB.POLY-3.21;60;20210129;120000;16610.0000000;16610.0000000;16400.0000000;16464.0000000;42
SPFB.POLY-3.21;60;20210129;130000;16601.0000000;16661.0000000;16587.0000000;16600.0000000;103
SPFB.POLY-3.21;60;20210129;140000;16577.0000000;16600.0000000;16577.0000000;16600.0000000;48
SPFB.POLY-3.21;60;20210129;150000;16713.0000000;16860.0000000;16682.0000000;16847.0000000;32
SPFB.POLY-3.21;60;20210129;160000;16810.0000000;17049.0000000;16810.0000000;16925.0000000;57
SPFB.POLY-3.21;60;20210129;170000;16993.0000000;17108.0000000;16671.0000000;16844.0000000;144
SPFB.POLY-3.21;60;20210129;180000;16817.0000000;16924.0000000;16648.0000000;16648.0000000;91
SPFB.POLY-3.21;60;20210129;190000;16642.0000000;16642.0000000;16500.0000000;16539.0000000;9
SPFB.POLY-3.21;60;20210129;210000;16495.0000000;16495.0000000;16495.0000000;16495.0000000;3
SPFB.POLY-3.21;60;20210129;220000;16452.0000000;16452.0000000;16440.0000000;16440.0000000;3
SPFB.POLY-3.21;60;20210129;230000;16536.0000000;16536.0000000;16495.0000000;16495.0000000;9
SPFB.POLY-3.21;60;20210201;110000;16600.0000000;18849.0000000;16600.0000000;17095.0000000;256
SPFB.POLY-3.21;60;20210201;120000;17120.0000000;17600.0000000;17120.0000000;17450.0000000;115
SPFB.POLY-3.21;60;20210201;130000;17640.0000000;17770.0000000;17303.0000000;17620.0000000;79
SPFB.POLY-3.21;60;20210201;140000;17512.0000000;17823.0000000;17512.0000000;17823.0000000;63
SPFB.POLY-3.21;60;20210201;150000;17802.0000000;17820.0000000;17630.0000000;17710.0000000;37
SPFB.POLY-3.21;60;20210201;160000;17708.0000000;17888.0000000;17708.0000000;17769.0000000;36
SPFB.POLY-3.21;60;20210201;170000;17755.0000000;17826.0000000;17631.0000000;17826.0000000;83
SPFB.POLY-3.21;60;20210201;180000;17740.0000000;17800.0000000;17592.0000000;17648.0000000;114
SPFB.POLY-3.21;60;20210201;190000;17649.0000000;17733.0000000;17600.0000000;17700.0000000;184
SPFB.POLY-3.21;60;20210201;200000;17400.0000000;17456.0000000;17362.0000000;17406.0000000;51
SPFB.POLY-3.21;60;20210201;210000;17479.0000000;17479.0000000;17433.0000000;17433.0000000;6
SPFB.POLY-3.21;60;20210201;220000;17469.0000000;17700.0000000;17469.0000000;17479.0000000;12
SPFB.POLY-3.21;60;20210201;230000;17434.0000000;17549.0000000;17422.0000000;17549.0000000;39
SPFB.POLY-3.21;60;20210202;000000;17459.0000000;17523.0000000;17450.0000000;17523.0000000;53
SPFB.POLY-3.21;60;20210202;110000;17407.0000000;17549.0000000;16905.0000000;17290.0000000;187
SPFB.POLY-3.21;60;20210202;120000;17111.0000000;17186.0000000;17100.0000000;17103.0000000;20
SPFB.POLY-3.21;60;20210202;130000;17159.0000000;17328.0000000;17159.0000000;17328.0000000;8
SPFB.POLY-3.21;60;20210202;140000;17280.0000000;17282.0000000;17200.0000000;17212.0000000;11
SPFB.POLY-3.21;60;20210202;150000;17257.0000000;17278.0000000;17257.0000000;17278.0000000;2
SPFB.POLY-3.21;60;20210202;160000;17250.0000000;17265.0000000;17182.0000000;17182.0000000;26
SPFB.POLY-3.21;60;20210202;170000;17183.0000000;17183.0000000;17110.0000000;17132.0000000;35
SPFB.POLY-3.21;60;20210202;180000;17128.0000000;17178.0000000;17100.0000000;17100.0000000;15
SPFB.POLY-3.21;60;20210202;190000;17165.0000000;17165.0000000;17165.0000000;17165.0000000;5
SPFB.POLY-3.21;60;20210202;200000;17201.0000000;17201.0000000;17201.0000000;17201.0000000;3
SPFB.POLY-3.21;60;20210202;210000;17182.0000000;17182.0000000;17182.0000000;17182.0000000;1
SPFB.POLY-3.21;60;20210202;220000;17142.0000000;17156.0000000;17142.0000000;17156.0000000;5
SPFB.POLY-3.21;60;20210202;230000;17183.0000000;17183.0000000;17183.0000000;17183.0000000;1
SPFB.POLY-3.21;60;20210203;000000;17208.0000000;17208.0000000;17208.0000000;17208.0000000;1
SPFB.POLY-3.21;60;20210203;110000;17280.0000000;17318.0000000;17190.0000000;17261.0000000;28
SPFB.POLY-3.21;60;20210203;120000;17272.0000000;17272.0000000;17272.0000000;17272.0000000;1
SPFB.POLY-3.21;60;20210203;130000;17135.0000000;17319.0000000;17031.0000000;17031.0000000;39
SPFB.POLY-3.21;60;20210203;140000;17109.0000000;17109.0000000;17109.0000000;17109.0000000;7
SPFB.POLY-3.21;60;20210203;160000;17150.0000000;17249.0000000;17150.0000000;17249.0000000;4
SPFB.POLY-3.21;60;20210203;170000;17189.0000000;17189.0000000;17173.0000000;17173.0000000;29
SPFB.POLY-3.21;60;20210203;180000;17172.0000000;17172.0000000;17121.0000000;17130.0000000;13
SPFB.POLY-3.21;60;20210203;200000;17127.0000000;17140.0000000;17121.0000000;17121.0000000;16
SPFB.POLY-3.21;60;20210203;230000;17120.0000000;17120.0000000;17032.0000000;17120.0000000;42
SPFB.POLY-3.21;60;20210204;110000;17033.0000000;17080.0000000;16881.0000000;16881.0000000;24
SPFB.POLY-3.21;60;20210204;120000;16986.0000000;16986.0000000;16879.0000000;16930.0000000;10
SPFB.POLY-3.21;60;20210204;130000;16930.0000000;16930.0000000;16833.0000000;16850.0000000;23
SPFB.POLY-3.21;60;20210204;140000;16821.0000000;16821.0000000;16751.0000000;16751.0000000;61
SPFB.POLY-3.21;60;20210204;150000;16751.0000000;16781.0000000;16700.0000000;16750.0000000;84
SPFB.POLY-3.21;60;20210204;160000;16750.0000000;16800.0000000;16739.0000000;16800.0000000;86
SPFB.POLY-3.21;60;20210204;170000;16786.0000000;16786.0000000;16745.0000000;16747.0000000;12
SPFB.POLY-3.21;60;20210204;180000;16720.0000000;16785.0000000;16466.0000000;16510.0000000;143
SPFB.POLY-3.21;60;20210204;190000;16647.0000000;16647.0000000;16609.0000000;16626.0000000;13
SPFB.POLY-3.21;60;20210204;200000;16682.0000000;16682.0000000;16647.0000000;16647.0000000;2
SPFB.POLY-3.21;60;20210204;210000;16679.0000000;16716.0000000;16679.0000000;16700.0000000;8
SPFB.POLY-3.21;60;20210204;220000;16770.0000000;16770.0000000;16769.0000000;16769.0000000;3
SPFB.POLY-3.21;60;20210204;230000;16770.0000000;16790.0000000;16758.0000000;16758.0000000;53
SPFB.POLY-3.21;60;20210205;110000;16768.0000000;16816.0000000;16601.0000000;16816.0000000;7
SPFB.POLY-3.21;60;20210205;120000;16729.0000000;16850.0000000;16670.0000000;16850.0000000;22
SPFB.POLY-3.21;60;20210205;130000;16868.0000000;16938.0000000;16799.0000000;16870.0000000;15
SPFB.POLY-3.21;60;20210205;140000;16870.0000000;16870.0000000;16823.0000000;16866.0000000;24
SPFB.POLY-3.21;60;20210205;150000;16815.0000000;16815.0000000;16778.0000000;16778.0000000;10
SPFB.POLY-3.21;60;20210205;170000;16770.0000000;16770.0000000;16770.0000000;16770.0000000;16
SPFB.POLY-3.21;60;20210205;180000;16705.0000000;16735.0000000;16705.0000000;16709.0000000;4
SPFB.POLY-3.21;60;20210205;190000;16680.0000000;16680.0000000;16680.0000000;16680.0000000;1
SPFB.POLY-3.21;60;20210205;220000;16790.0000000;16790.0000000;16774.0000000;16774.0000000;11
SPFB.POLY-3.21;60;20210205;230000;16787.0000000;16787.0000000;16786.0000000;16786.0000000;5
SPFB.POLY-3.21;60;20210206;000000;16848.0000000;16848.0000000;16848.0000000;16848.0000000;2
SPFB.POLY-3.21;60;20210208;110000;16876.0000000;16940.0000000;16869.0000000;16869.0000000;48
SPFB.POLY-3.21;60;20210208;120000;16704.0000000;16898.0000000;16704.0000000;16707.0000000;9
SPFB.POLY-3.21;60;20210208;130000;16706.0000000;16706.0000000;16706.0000000;16706.0000000;4
SPFB.POLY-3.21;60;20210208;140000;16920.0000000;16920.0000000;16920.0000000;16920.0000000;1
SPFB.POLY-3.21;60;20210208;150000;16936.0000000;16940.0000000;16936.0000000;16940.0000000;4
SPFB.POLY-3.21;60;20210208;160000;16980.0000000;16980.0000000;16854.0000000;16870.0000000;14
SPFB.POLY-3.21;60;20210208;170000;16949.0000000;16949.0000000;16830.0000000;16830.0000000;3
SPFB.POLY-3.21;60;20210208;180000;16949.0000000;17000.0000000;16886.0000000;16999.0000000;64
SPFB.POLY-3.21;60;20210208;190000;16980.0000000;16980.0000000;16980.0000000;16980.0000000;3
SPFB.POLY-3.21;60;20210208;200000;16802.0000000;16802.0000000;16802.0000000;16802.0000000;1
SPFB.POLY-3.21;60;20210208;210000;16949.0000000;16949.0000000;16949.0000000;16949.0000000;1
SPFB.POLY-3.21;60;20210208;230000;16949.0000000;16950.0000000;16949.0000000;16950.0000000;4
SPFB.POLY-3.21;60;20210209;000000;16851.0000000;16851.0000000;16851.0000000;16851.0000000;1
SPFB.POLY-3.21;60;20210209;120000;16856.0000000;16880.0000000;16611.0000000;16680.0000000;55
SPFB.POLY-3.21;60;20210209;130000;16684.0000000;16879.0000000;16653.0000000;16653.0000000;9
SPFB.POLY-3.21;60;20210209;140000;16681.0000000;16681.0000000;16680.0000000;16680.0000000;4
SPFB.POLY-3.21;60;20210209;180000;16793.0000000;16793.0000000;16793.0000000;16793.0000000;1
SPFB.POLY-3.21;60;20210209;220000;16798.0000000;16798.0000000;16798.0000000;16798.0000000;1
SPFB.POLY-3.21;60;20210210;110000;16939.0000000;16939.0000000;16939.0000000;16939.0000000;2
SPFB.POLY-3.21;60;20210210;120000;16765.0000000;16765.0000000;16651.0000000;16651.0000000;32
SPFB.POLY-3.21;60;20210210;140000;16712.0000000;16712.0000000;16651.0000000;16700.0000000;8
SPFB.POLY-3.21;60;20210210;170000;16798.0000000;16820.0000000;16784.0000000;16784.0000000;16
SPFB.POLY-3.21;60;20210210;190000;16710.0000000;16710.0000000;16543.0000000;16543.0000000;61
SPFB.POLY-3.21;60;20210210;220000;16570.0000000;16570.0000000;16570.0000000;16570.0000000;1
SPFB.POLY-3.21;60;20210211;110000;16570.0000000;16570.0000000;16570.0000000;16570.0000000;8
SPFB.POLY-3.21;60;20210211;120000;16533.0000000;16533.0000000;16533.0000000;16533.0000000;1
SPFB.POLY-3.21;60;20210211;130000;16533.0000000;16533.0000000;16533.0000000;16533.0000000;8
SPFB.POLY-3.21;60;20210211;150000;16623.0000000;16623.0000000;16623.0000000;16623.0000000;1
SPFB.POLY-3.21;60;20210211;170000;16599.0000000;16599.0000000;16500.0000000;16500.0000000;6
SPFB.POLY-3.21;60;20210211;180000;16500.0000000;16500.0000000;16500.0000000;16500.0000000;6
SPFB.POLY-3.21;60;20210211;190000;16459.0000000;16539.0000000;16392.0000000;16539.0000000;10
SPFB.POLY-3.21;60;20210211;220000;16351.0000000;16352.0000000;16351.0000000;16352.0000000;3
SPFB.POLY-3.21;60;20210211;230000;16364.0000000;16364.0000000;16364.0000000;16364.0000000;8
SPFB.POLY-3.21;60;20210212;000000;16366.0000000;16366.0000000;16366.0000000;16366.0000000;1
SPFB.POLY-3.21;60;20210212;110000;16367.0000000;16400.0000000;16305.0000000;16305.0000000;25
SPFB.POLY-3.21;60;20210212;120000;16270.0000000;16270.0000000;16076.0000000;16100.0000000;44
SPFB.POLY-3.21;60;20210212;130000;16347.0000000;16349.0000000;16347.0000000;16349.0000000;3
SPFB.POLY-3.21;60;20210212;140000;16200.0000000;16200.0000000;16200.0000000;16200.0000000;1
SPFB.POLY-3.21;60;20210212;150000;16210.0000000;16210.0000000;16210.0000000;16210.0000000;1
SPFB.POLY-3.21;60;20210212;170000;16152.0000000;16355.0000000;16152.0000000;16355.0000000;5
SPFB.POLY-3.21;60;20210212;190000;16388.0000000;16400.0000000;16388.0000000;16400.0000000;5
SPFB.POLY-3.21;60;20210212;200000;16430.0000000;16430.0000000;16430.0000000;16430.0000000;2
SPFB.POLY-3.21;60;20210212;210000;16597.0000000;16597.0000000;16504.0000000;16504.0000000;14
SPFB.POLY-3.21;60;20210212;220000;16475.0000000;16475.0000000;16401.0000000;16401.0000000;3
SPFB.POLY-3.21;60;20210213;000000;16589.0000000;16592.0000000;16589.0000000;16592.0000000;6
SPFB.POLY-3.21;60;20210215;110000;16500.0000000;16595.0000000;16500.0000000;16550.0000000;21
SPFB.POLY-3.21;60;20210215;120000;16545.0000000;16550.0000000;16545.0000000;16550.0000000;7
SPFB.POLY-3.21;60;20210215;130000;16540.0000000;16612.0000000;16540.0000000;16612.0000000;6
SPFB.POLY-3.21;60;20210215;140000;16666.0000000;16694.0000000;16632.0000000;16677.0000000;24
SPFB.POLY-3.21;60;20210215;150000;16694.0000000;16770.0000000;16694.0000000;16770.0000000;54
SPFB.POLY-3.21;60;20210215;160000;16761.0000000;16762.0000000;16746.0000000;16746.0000000;7
SPFB.POLY-3.21;60;20210215;180000;16691.0000000;16691.0000000;16691.0000000;16691.0000000;1
SPFB.POLY-3.21;60;20210215;190000;16701.0000000;16701.0000000;16700.0000000;16700.0000000;2
SPFB.POLY-3.21;60;20210215;200000;16770.0000000;16782.0000000;16758.0000000;16782.0000000;53
SPFB.POLY-3.21;60;20210215;210000;16767.0000000;16775.0000000;16750.0000000;16755.0000000;109
SPFB.POLY-3.21;60;20210215;220000;16750.0000000;16750.0000000;16750.0000000;16750.0000000;1
SPFB.POLY-3.21;60;20210215;230000;16753.0000000;16898.0000000;16747.0000000;16747.0000000;10
SPFB.POLY-3.21;60;20210216;110000;16740.0000000;16849.0000000;16721.0000000;16847.0000000;16
SPFB.POLY-3.21;60;20210216;120000;16848.0000000;16897.0000000;16721.0000000;16895.0000000;57
SPFB.POLY-3.21;60;20210216;130000;16735.0000000;16735.0000000;16718.0000000;16718.0000000;31
SPFB.POLY-3.21;60;20210216;140000;16718.0000000;16718.0000000;16714.0000000;16714.0000000;11
SPFB.POLY-3.21;60;20210216;150000;16735.0000000;16735.0000000;16677.0000000;16726.0000000;7
SPFB.POLY-3.21;60;20210216;160000;16726.0000000;16726.0000000;16726.0000000;16726.0000000;1
SPFB.POLY-3.21;60;20210216;170000;16677.0000000;16728.0000000;16650.0000000;16728.0000000;16
SPFB.POLY-3.21;60;20210216;180000;16662.0000000;16662.0000000;16455.0000000;16455.0000000;116
SPFB.POLY-3.21;60;20210216;200000;16623.0000000;16662.0000000;16581.0000000;16585.0000000;60
SPFB.POLY-3.21;60;20210216;210000;16557.0000000;16557.0000000;16555.0000000;16555.0000000;3
SPFB.POLY-3.21;60;20210217;000000;16576.0000000;16576.0000000;16576.0000000;16576.0000000;3
SPFB.POLY-3.21;60;20210217;120000;16454.0000000;16454.0000000;16430.0000000;16430.0000000;7
SPFB.POLY-3.21;60;20210217;130000;16500.0000000;16500.0000000;16500.0000000;16500.0000000;1
SPFB.POLY-3.21;60;20210217;140000;16431.0000000;16431.0000000;16369.0000000;16369.0000000;4
SPFB.POLY-3.21;60;20210217;150000;16399.0000000;16399.0000000;16399.0000000;16399.0000000;1
SPFB.POLY-3.21;60;20210217;160000;16264.0000000;16395.0000000;16233.0000000;16233.0000000;15
SPFB.POLY-3.21;60;20210217;170000;16320.0000000;16320.0000000;16200.0000000;16298.0000000;41
SPFB.POLY-3.21;60;20210217;180000;16346.0000000;16348.0000000;16151.0000000;16250.0000000;20
SPFB.POLY-3.21;60;20210217;190000;16163.0000000;16163.0000000;16163.0000000;16163.0000000;1
SPFB.POLY-3.21;60;20210217;200000;16087.0000000;16087.0000000;15902.0000000;15953.0000000;27
SPFB.POLY-3.21;60;20210217;210000;16086.0000000;16163.0000000;16086.0000000;16163.0000000;8
SPFB.POLY-3.21;60;20210218;110000;16131.0000000;16150.0000000;16092.0000000;16150.0000000;53
SPFB.POLY-3.21;60;20210218;120000;16097.0000000;16214.0000000;16092.0000000;16214.0000000;106
SPFB.POLY-3.21;60;20210218;130000;16050.0000000;16050.0000000;16050.0000000;16050.0000000;1
SPFB.POLY-3.21;60;20210218;140000;16080.0000000;16090.0000000;16050.0000000;16050.0000000;6
SPFB.POLY-3.21;60;20210218;170000;16097.0000000;16097.0000000;16097.0000000;16097.0000000;1
SPFB.POLY-3.21;60;20210218;180000;15951.0000000;16095.0000000;15852.0000000;15852.0000000;16
SPFB.POLY-3.21;60;20210218;190000;15986.0000000;15986.0000000;15700.0000000;15801.0000000;27
SPFB.POLY-3.21;60;20210218;200000;15753.0000000;15753.0000000;15753.0000000;15753.0000000;1
SPFB.POLY-3.21;60;20210218;210000;15927.0000000;15930.0000000;15895.0000000;15930.0000000;11
SPFB.POLY-3.21;60;20210218;230000;16049.0000000;16049.0000000;16049.0000000;16049.0000000;2
SPFB.POLY-3.21;60;20210219;000000;15834.0000000;15834.0000000;15833.0000000;15833.0000000;5
SPFB.POLY-3.21;60;20210219;110000;15801.0000000;15801.0000000;15723.0000000;15723.0000000;7
SPFB.POLY-3.21;60;20210219;120000;15799.0000000;15799.0000000;15777.0000000;15777.0000000;8
SPFB.POLY-3.21;60;20210219;130000;15930.0000000;16089.0000000;15930.0000000;16000.0000000;29
SPFB.POLY-3.21;60;20210219;140000;15906.0000000;15906.0000000;15855.0000000;15855.0000000;4
SPFB.POLY-3.21;60;20210219;180000;16089.0000000;16162.0000000;15926.0000000;16162.0000000;55
SPFB.POLY-3.21;60;20210219;190000;16051.0000000;16051.0000000;16050.0000000;16050.0000000;5
SPFB.POLY-3.21;60;20210219;210000;16050.0000000;16050.0000000;16050.0000000;16050.0000000;2
SPFB.POLY-3.21;60;20210220;110000;16004.0000000;16004.0000000;16004.0000000;16004.0000000;2
SPFB.POLY-3.21;60;20210220;120000;16041.0000000;16041.0000000;16041.0000000;16041.0000000;1
SPFB.POLY-3.21;60;20210220;130000;16068.0000000;16068.0000000;16068.0000000;16068.0000000;1
SPFB.POLY-3.21;60;20210220;190000;16069.0000000;16069.0000000;16069.0000000;16069.0000000;1
SPFB.POLY-3.21;60;20210222;110000;15902.0000000;16250.0000000;15902.0000000;16250.0000000;20
SPFB.POLY-3.21;60;20210222;120000;16199.0000000;16199.0000000;15806.0000000;15999.0000000;13
SPFB.POLY-3.21;60;20210222;130000;15994.0000000;15994.0000000;15930.0000000;15930.0000000;23
SPFB.POLY-3.21;60;20210222;140000;16063.0000000;16063.0000000;16063.0000000;16063.0000000;1
SPFB.POLY-3.21;60;20210222;150000;16070.0000000;16070.0000000;16070.0000000;16070.0000000;2
SPFB.POLY-3.21;60;20210222;160000;16083.0000000;16118.0000000;16083.0000000;16118.0000000;3
SPFB.POLY-3.21;60;20210222;170000;16250.0000000;16250.0000000;16250.0000000;16250.0000000;3
SPFB.POLY-3.21;60;20210222;180000;16225.0000000;16225.0000000;16225.0000000;16225.0000000;10
SPFB.POLY-3.21;60;20210222;190000;16233.0000000;16233.0000000;16192.0000000;16220.0000000;5
SPFB.POLY-3.21;60;20210222;200000;16246.0000000;16246.0000000;16183.0000000;16183.0000000;3
SPFB.POLY-3.21;60;20210222;210000;16245.0000000;16245.0000000;16245.0000000;16245.0000000;2
SPFB.POLY-3.21;60;20210222;220000;16272.0000000;16272.0000000;16272.0000000;16272.0000000;1
SPFB.POLY-3.21;60;20210222;230000;16280.0000000;16280.0000000;16280.0000000;16280.0000000;1
SPFB.POLY-3.21;60;20210223;000000;16280.0000000;16367.0000000;16200.0000000;16200.0000000;20
SPFB.POLY-3.21;60;20210224;110000;15800.0000000;16200.0000000;15800.0000000;15950.0000000;49
SPFB.POLY-3.21;60;20210224;120000;15912.0000000;15920.0000000;15880.0000000;15895.0000000;26
SPFB.POLY-3.21;60;20210224;130000;15860.0000000;15900.0000000;15850.0000000;15900.0000000;10
SPFB.POLY-3.21;60;20210224;150000;16036.0000000;16101.0000000;16036.0000000;16086.0000000;13
SPFB.POLY-3.21;60;20210224;160000;16075.0000000;16075.0000000;16075.0000000;16075.0000000;2
SPFB.POLY-3.21;60;20210224;170000;16080.0000000;16080.0000000;15880.0000000;15880.0000000;11
SPFB.POLY-3.21;60;20210224;180000;15840.0000000;15840.0000000;15700.0000000;15700.0000000;33
SPFB.POLY-3.21;60;20210224;200000;15764.0000000;15810.0000000;15764.0000000;15810.0000000;29
SPFB.POLY-3.21;60;20210224;210000;15813.0000000;15813.0000000;15813.0000000;15813.0000000;1
SPFB.POLY-3.21;60;20210225;000000;15835.0000000;15865.0000000;15835.0000000;15865.0000000;8
SPFB.POLY-3.21;60;20210225;110000;15802.0000000;15802.0000000;15733.0000000;15739.0000000;7
SPFB.POLY-3.21;60;20210225;120000;15782.0000000;15789.0000000;15542.0000000;15599.0000000;76
SPFB.POLY-3.21;60;20210225;130000;15577.0000000;15600.0000000;15560.0000000;15560.0000000;10
SPFB.POLY-3.21;60;20210225;150000;15503.0000000;15503.0000000;15400.0000000;15460.0000000;21
SPFB.POLY-3.21;60;20210225;160000;15413.0000000;15450.0000000;15400.0000000;15400.0000000;30
SPFB.POLY-3.21;60;20210225;170000;15392.0000000;15395.0000000;15285.0000000;15310.0000000;116
SPFB.POLY-3.21;60;20210225;180000;15280.0000000;15361.0000000;15260.0000000;15301.0000000;30
SPFB.POLY-3.21;60;20210225;190000;15271.0000000;15278.0000000;15240.0000000;15260.0000000;8
SPFB.POLY-3.21;60;20210225;200000;15277.0000000;15277.0000000;15250.0000000;15274.0000000;25
SPFB.POLY-3.21;60;20210225;210000;15273.0000000;15273.0000000;15273.0000000;15273.0000000;1
SPFB.POLY-3.21;60;20210225;220000;15310.0000000;15336.0000000;15299.0000000;15336.0000000;12
SPFB.POLY-3.21;60;20210225;230000;15336.0000000;15377.0000000;15336.0000000;15377.0000000;30
SPFB.POLY-3.21;60;20210226;110000;15250.0000000;15250.0000000;15080.0000000;15100.0000000;44
SPFB.POLY-3.21;60;20210226;120000;15199.0000000;15349.0000000;15180.0000000;15250.0000000;20
SPFB.POLY-3.21;60;20210226;130000;15103.0000000;15103.0000000;14852.0000000;15053.0000000;202
SPFB.POLY-3.21;60;20210226;140000;15053.0000000;15055.0000000;15053.0000000;15055.0000000;4
SPFB.POLY-3.21;60;20210226;150000;15238.0000000;15238.0000000;15150.0000000;15180.0000000;11
SPFB.POLY-3.21;60;20210226;160000;15185.0000000;15240.0000000;15185.0000000;15239.0000000;26
SPFB.POLY-3.21;60;20210226;170000;15107.0000000;15173.0000000;15106.0000000;15173.0000000;9
SPFB.POLY-3.21;60;20210226;180000;15108.0000000;15108.0000000;15080.0000000;15080.0000000;13
SPFB.POLY-3.21;60;20210226;190000;14930.0000000;15099.0000000;14750.0000000;14754.0000000;78
SPFB.POLY-3.21;60;20210226;200000;14830.0000000;14900.0000000;14830.0000000;14900.0000000;10
SPFB.POLY-3.21;60;20210226;210000;14930.0000000;14980.0000000;14930.0000000;14970.0000000;21
SPFB.POLY-3.21;60;20210226;220000;14970.0000000;15020.0000000;14970.0000000;14990.0000000;9
SPFB.POLY-3.21;60;20210226;230000;15026.0000000;15035.0000000;15022.0000000;15035.0000000;15
SPFB.POLY-3.21;60;20210227;000000;15060.0000000;15080.0000000;15060.0000000;15080.0000000;5
SPFB.POLY-3.21;60;20210301;090000;15080.0000000;15080.0000000;15080.0000000;15080.0000000;4
SPFB.POLY-3.21;60;20210301;100000;15200.0000000;15230.0000000;15200.0000000;15230.0000000;6
SPFB.POLY-3.21;60;20210301;110000;15150.0000000;15201.0000000;15150.0000000;15200.0000000;16
SPFB.POLY-3.21;60;20210301;120000;15151.0000000;15151.0000000;14931.0000000;14955.0000000;30
SPFB.POLY-3.21;60;20210301;130000;15000.0000000;15210.0000000;14857.0000000;15045.0000000;38
SPFB.POLY-3.21;60;20210301;170000;14986.0000000;14986.0000000;14986.0000000;14986.0000000;5
SPFB.POLY-3.21;60;20210301;180000;15025.0000000;15189.0000000;15025.0000000;15029.0000000;9
SPFB.POLY-3.21;60;20210301;190000;14984.0000000;14984.0000000;14984.0000000;14984.0000000;2
SPFB.POLY-3.21;60;20210301;210000;15000.0000000;15000.0000000;14930.0000000;14930.0000000;4
SPFB.POLY-3.21;60;20210301;220000;14932.0000000;14932.0000000;14932.0000000;14932.0000000;5
SPFB.POLY-3.21;60;20210302;000000;15023.0000000;15023.0000000;15023.0000000;15023.0000000;1
SPFB.POLY-3.21;60;20210302;080000;15050.0000000;15050.0000000;15050.0000000;15050.0000000;3
SPFB.POLY-3.21;60;20210302;100000;14975.0000000;14975.0000000;14975.0000000;14975.0000000;1
SPFB.POLY-3.21;60;20210302;110000;14975.0000000;14975.0000000;14850.0000000;14850.0000000;63
SPFB.POLY-3.21;60;20210302;120000;14821.0000000;14929.0000000;14750.0000000;14929.0000000;24
SPFB.POLY-3.21;60;20210302;130000;14782.0000000;14811.0000000;14754.0000000;14789.0000000;12
SPFB.POLY-3.21;60;20210302;140000;14858.0000000;14888.0000000;14858.0000000;14870.0000000;37
SPFB.POLY-3.21;60;20210302;150000;14873.0000000;14874.0000000;14873.0000000;14874.0000000;25
SPFB.POLY-3.21;60;20210302;160000;14853.0000000;14929.0000000;14853.0000000;14854.0000000;6
SPFB.POLY-3.21;60;20210302;170000;14814.0000000;14817.0000000;14814.0000000;14816.0000000;13
SPFB.POLY-3.21;60;20210302;180000;14930.0000000;14949.0000000;14888.0000000;14888.0000000;17
SPFB.POLY-3.21;60;20210302;200000;14920.0000000;14920.0000000;14920.0000000;14920.0000000;1
SPFB.POLY-3.21;60;20210302;210000;14942.0000000;15016.0000000;14942.0000000;15016.0000000;10
SPFB.POLY-3.21;60;20210302;220000;15075.0000000;15080.0000000;15075.0000000;15080.0000000;3
SPFB.POLY-3.21;60;20210302;230000;15078.0000000;15325.0000000;15078.0000000;15176.0000000;82
SPFB.POLY-3.21;60;20210303;080000;15379.0000000;15379.0000000;15177.0000000;15177.0000000;4
SPFB.POLY-3.21;60;20210303;110000;15201.0000000;15390.0000000;15170.0000000;15226.0000000;89
SPFB.POLY-3.21;60;20210303;120000;15384.0000000;15529.0000000;15101.0000000;15177.0000000;69
SPFB.POLY-3.21;60;20210303;130000;15195.0000000;15195.0000000;15195.0000000;15195.0000000;2
SPFB.POLY-3.21;60;20210303;160000;15280.0000000;15280.0000000;15226.0000000;15226.0000000;5
SPFB.POLY-3.21;60;20210303;170000;15240.0000000;15249.0000000;15021.0000000;15021.0000000;38
SPFB.POLY-3.21;60;20210303;180000;15170.0000000;15198.0000000;15170.0000000;15198.0000000;4
SPFB.POLY-3.21;60;20210303;190000;15125.0000000;15125.0000000;15070.0000000;15070.0000000;2
SPFB.POLY-3.21;60;20210303;200000;15065.0000000;15065.0000000;15065.0000000;15065.0000000;1
SPFB.POLY-3.21;60;20210303;210000;15066.0000000;15229.0000000;15065.0000000;15110.0000000;55
SPFB.POLY-3.21;60;20210303;230000;15071.0000000;15144.0000000;15002.0000000;15002.0000000;74
SPFB.POLY-3.21;60;20210304;080000;15002.0000000;15002.0000000;14801.0000000;14801.0000000;20
SPFB.POLY-3.21;60;20210304;100000;14901.0000000;14901.0000000;14901.0000000;14901.0000000;1
SPFB.POLY-3.21;60;20210304;110000;15049.0000000;15217.0000000;15049.0000000;15115.0000000;11
SPFB.POLY-3.21;60;20210304;120000;15204.0000000;15205.0000000;14808.0000000;14808.0000000;22
SPFB.POLY-3.21;60;20210304;130000;14806.0000000;14815.0000000;14555.0000000;14815.0000000;106
SPFB.POLY-3.21;60;20210304;140000;14809.0000000;14930.0000000;14780.0000000;14930.0000000;5
SPFB.POLY-3.21;60;20210304;170000;14900.0000000;14900.0000000;14900.0000000;14900.0000000;2
SPFB.POLY-3.21;60;20210304;180000;14854.0000000;14890.0000000;14854.0000000;14855.0000000;34
SPFB.POLY-3.21;60;20210304;210000;15011.0000000;15011.0000000;14901.0000000;14901.0000000;7
SPFB.POLY-3.21;60;20210304;220000;14851.0000000;14851.0000000;14751.0000000;14751.0000000;8
SPFB.POLY-3.21;60;20210304;230000;14929.0000000;15038.0000000;14750.0000000;14750.0000000;13
SPFB.POLY-3.21;60;20210305;000000;14898.0000000;14898.0000000;14898.0000000;14898.0000000;5
SPFB.POLY-3.21;60;20210305;080000;14927.0000000;14927.0000000;14927.0000000;14927.0000000;10
SPFB.POLY-3.21;60;20210305;110000;14899.0000000;14928.0000000;14750.0000000;14750.0000000;26
SPFB.POLY-3.21;60;20210305;120000;14911.0000000;15050.0000000;14911.0000000;15050.0000000;37
SPFB.POLY-3.21;60;20210305;130000;15079.0000000;15100.0000000;14901.0000000;14901.0000000;16
SPFB.POLY-3.21;60;20210305;140000;15094.0000000;15094.0000000;14955.0000000;14955.0000000;6
SPFB.POLY-3.21;60;20210305;150000;15099.0000000;15100.0000000;15014.0000000;15014.0000000;11
SPFB.POLY-3.21;60;20210305;160000;15080.0000000;15080.0000000;15080.0000000;15080.0000000;1
SPFB.POLY-3.21;60;20210305;170000;15020.0000000;15090.0000000;14957.0000000;14957.0000000;26
SPFB.POLY-3.21;60;20210305;180000;15019.0000000;15019.0000000;15011.0000000;15011.0000000;6
SPFB.POLY-3.21;60;20210305;190000;15000.0000000;15000.0000000;14954.0000000;14954.0000000;8
SPFB.POLY-3.21;60;20210305;200000;14880.0000000;14942.0000000;14880.0000000;14942.0000000;7
SPFB.POLY-3.21;60;20210305;220000;15030.0000000;15030.0000000;15029.0000000;15029.0000000;3
SPFB.POLY-3.21;60;20210306;000000;15030.0000000;15150.0000000;15030.0000000;15150.0000000;8
SPFB.POLY-3.21;60;20210309;080000;15149.0000000;15149.0000000;15149.0000000;15149.0000000;1
SPFB.POLY-3.21;60;20210309;110000;15143.0000000;15200.0000000;15089.0000000;15200.0000000;28
SPFB.POLY-3.21;60;20210309;120000;15101.0000000;15102.0000000;15089.0000000;15102.0000000;12
SPFB.POLY-3.21;60;20210309;130000;15193.0000000;15198.0000000;15112.0000000;15112.0000000;6
SPFB.POLY-3.21;60;20210309;140000;15274.0000000;15330.0000000;15274.0000000;15300.0000000;13
SPFB.POLY-3.21;60;20210309;150000;15340.0000000;15340.0000000;15340.0000000;15340.0000000;4
SPFB.POLY-3.21;60;20210309;160000;15301.0000000;15349.0000000;15265.0000000;15349.0000000;37
SPFB.POLY-3.21;60;20210309;170000;15349.0000000;15350.0000000;15348.0000000;15350.0000000;12
SPFB.POLY-3.21;60;20210309;180000;15356.0000000;15460.0000000;15340.0000000;15460.0000000;37
SPFB.POLY-3.21;60;20210309;200000;15303.0000000;15303.0000000;15303.0000000;15303.0000000;30
SPFB.POLY-3.21;60;20210309;210000;15304.0000000;15304.0000000;15304.0000000;15304.0000000;1
SPFB.POLY-3.21;60;20210310;000000;15400.0000000;15400.0000000;15400.0000000;15400.0000000;10
SPFB.POLY-3.21;60;20210310;080000;15301.0000000;15301.0000000;15301.0000000;15301.0000000;5
SPFB.POLY-3.21;60;20210310;110000;15440.0000000;15480.0000000;15320.0000000;15320.0000000;21
SPFB.POLY-3.21;60;20210310;120000;15251.0000000;15251.0000000;15036.0000000;15039.0000000;27
SPFB.POLY-3.21;60;20210310;130000;15259.0000000;15259.0000000;15180.0000000;15180.0000000;23
SPFB.POLY-3.21;60;20210310;140000;15100.0000000;15150.0000000;15100.0000000;15150.0000000;10
SPFB.POLY-3.21;60;20210310;150000;15110.0000000;15110.0000000;15110.0000000;15110.0000000;5
SPFB.POLY-3.21;60;20210310;160000;15138.0000000;15138.0000000;15138.0000000;15138.0000000;1
SPFB.POLY-3.21;60;20210310;170000;15136.0000000;15224.0000000;15136.0000000;15224.0000000;6
SPFB.POLY-3.21;60;20210310;180000;15248.0000000;15248.0000000;15225.0000000;15240.0000000;5
SPFB.POLY-3.21;60;20210310;190000;15200.0000000;15200.0000000;15105.0000000;15105.0000000;9
SPFB.POLY-3.21;60;20210310;200000;15105.0000000;15105.0000000;15105.0000000;15105.0000000;1
SPFB.POLY-3.21;60;20210310;210000;15150.0000000;15150.0000000;15150.0000000;15150.0000000;2
SPFB.POLY-3.21;60;20210310;230000;15145.0000000;15248.0000000;15145.0000000;15200.0000000;6
SPFB.POLY-3.21;60;20210311;090000;15215.0000000;15325.0000000;15215.0000000;15295.0000000;11
SPFB.POLY-3.21;60;20210311;100000;15300.0000000;15300.0000000;15300.0000000;15300.0000000;5
SPFB.POLY-3.21;60;20210311;110000;15227.0000000;15396.0000000;15227.0000000;15396.0000000;112
SPFB.POLY-3.21;60;20210311;120000;15284.0000000;15397.0000000;15283.0000000;15397.0000000;14
SPFB.POLY-3.21;60;20210311;130000;15373.0000000;15500.0000000;15301.0000000;15500.0000000;26
SPFB.POLY-3.21;60;20210311;140000;15500.0000000;15600.0000000;15498.0000000;15600.0000000;17
SPFB.POLY-3.21;60;20210311;150000;15454.0000000;15454.0000000;15450.0000000;15450.0000000;8
SPFB.POLY-3.21;60;20210311;160000;15348.0000000;15554.0000000;15345.0000000;15553.0000000;15
SPFB.POLY-3.21;60;20210311;170000;15554.0000000;15598.0000000;15455.0000000;15455.0000000;27
SPFB.POLY-3.21;60;20210311;180000;15455.0000000;15455.0000000;15452.0000000;15452.0000000;11
SPFB.POLY-3.21;60;20210311;190000;15400.0000000;15420.0000000;15400.0000000;15400.0000000;6
SPFB.POLY-3.21;60;20210311;200000;15331.0000000;15480.0000000;15200.0000000;15480.0000000;30
SPFB.POLY-3.21;60;20210312;000000;15480.0000000;15480.0000000;15480.0000000;15480.0000000;1
SPFB.POLY-3.21;60;20210312;090000;15470.0000000;15470.0000000;15470.0000000;15470.0000000;6
SPFB.POLY-3.21;60;20210312;100000;15470.0000000;15470.0000000;15370.0000000;15370.0000000;7
SPFB.POLY-3.21;60;20210312;110000;15370.0000000;15402.0000000;15370.0000000;15401.0000000;35
SPFB.POLY-3.21;60;20210312;120000;15401.0000000;15403.0000000;15260.0000000;15270.0000000;13
SPFB.POLY-3.21;60;20210312;130000;15204.0000000;15204.0000000;15180.0000000;15180.0000000;7
SPFB.POLY-3.21;60;20210312;150000;15122.0000000;15122.0000000;15047.0000000;15047.0000000;13
SPFB.POLY-3.21;60;20210312;160000;15248.0000000;15248.0000000;15199.0000000;15200.0000000;27
SPFB.POLY-3.21;60;20210315;100000;15330.0000000;15330.0000000;15330.0000000;15330.0000000;2
SPFB.POLY-3.21;60;20210315;110000;15283.0000000;15283.0000000;15150.0000000;15150.0000000;23
SPFB.POLY-3.21;60;20210315;120000;15223.0000000;15399.0000000;15182.0000000;15380.0000000;33
SPFB.POLY-3.21;60;20210315;150000;15349.0000000;15349.0000000;15349.0000000;15349.0000000;1
SPFB.POLY-3.21;60;20210315;170000;15319.0000000;15319.0000000;15260.0000000;15260.0000000;3
SPFB.POLY-3.21;60;20210315;180000;15213.0000000;15213.0000000;15212.0000000;15212.0000000;10
SPFB.POLY-3.21;60;20210315;190000;15190.0000000;15190.0000000;15180.0000000;15180.0000000;4
SPFB.POLY-3.21;60;20210315;210000;15249.0000000;15249.0000000;15199.0000000;15199.0000000;2
SPFB.POLY-3.21;60;20210315;220000;15329.0000000;15329.0000000;15329.0000000;15329.0000000;1
SPFB.POLY-3.21;60;20210316;080000;15270.0000000;15271.0000000;15200.0000000;15270.0000000;20
SPFB.POLY-3.21;60;20210316;110000;15300.0000000;15300.0000000;15130.0000000;15205.0000000;30
SPFB.POLY-3.21;60;20210316;120000;15249.0000000;15280.0000000;15168.0000000;15242.0000000;22
SPFB.POLY-3.21;60;20210316;130000;15250.0000000;15299.0000000;15180.0000000;15299.0000000;40
SPFB.POLY-3.21;60;20210316;140000;15220.0000000;15300.0000000;15203.0000000;15275.0000000;76
SPFB.POLY-3.21;60;20210316;150000;15260.0000000;15330.0000000;15238.0000000;15261.0000000;63
SPFB.POLY-3.21;60;20210316;160000;15254.0000000;15270.0000000;15204.0000000;15260.0000000;17
SPFB.POLY-3.21;60;20210316;170000;15260.0000000;15280.0000000;15260.0000000;15280.0000000;3
SPFB.POLY-3.21;60;20210316;180000;15240.0000000;15280.0000000;15220.0000000;15245.0000000;7
SPFB.POLY-3.21;60;20210316;190000;15260.0000000;15280.0000000;15216.0000000;15270.0000000;34
SPFB.POLY-3.21;60;20210316;200000;15250.0000000;15317.0000000;15250.0000000;15300.0000000;13
SPFB.POLY-3.21;60;20210316;210000;15240.0000000;15285.0000000;15240.0000000;15260.0000000;13
SPFB.POLY-3.21;60;20210316;220000;15270.0000000;15275.0000000;15265.0000000;15275.0000000;7
SPFB.POLY-3.21;60;20210316;230000;15280.0000000;15280.0000000;15221.0000000;15221.0000000;6
SPFB.POLY-3.21;60;20210317;000000;15223.0000000;15285.0000000;15223.0000000;15285.0000000;7
SPFB.POLY-3.21;60;20210317;110000;15300.0000000;15340.0000000;15233.0000000;15340.0000000;63
SPFB.POLY-3.21;60;20210317;120000;15340.0000000;15350.0000000;15252.0000000;15269.0000000;124
SPFB.POLY-3.21;60;20210317;140000;15194.0000000;15200.0000000;15103.0000000;15200.0000000;7
SPFB.POLY-3.21;60;20210317;150000;15205.0000000;15235.0000000;15167.0000000;15167.0000000;31
SPFB.POLY-3.21;60;20210317;160000;15155.0000000;15165.0000000;15066.0000000;15165.0000000;15
SPFB.POLY-3.21;60;20210317;170000;15200.0000000;15271.0000000;15162.0000000;15271.0000000;49
SPFB.POLY-3.21;60;20210317;180000;15264.0000000;15300.0000000;15230.0000000;15255.0000000;40
SPFB.POLY-3.21;60;20210317;190000;15275.0000000;15275.0000000;15275.0000000;15275.0000000;1
SPFB.POLY-3.21;60;20210317;210000;15234.0000000;15234.0000000;15194.0000000;15194.0000000;3
SPFB.POLY-3.21;60;20210317;220000;15477.0000000;15477.0000000;15450.0000000;15450.0000000;6
SPFB.POLY-3.21;60;20210317;230000;15350.0000000;15350.0000000;15350.0000000;15350.0000000;2
SPFB.POLY-3.21;60;20210318;000000;15295.0000000;15295.0000000;15267.0000000;15267.0000000;15
SPFB.POLY-3.21;60;20210318;110000;15340.0000000;15500.0000000;15340.0000000;15500.0000000;101
SPFB.POLY-3.21;60;20210318;120000;15399.0000000;15530.0000000;15325.0000000;15350.0000000;39
SPFB.POLY-3.21;60;20210318;130000;15479.0000000;15480.0000000;15387.0000000;15387.0000000;42
SPFB.POLY-3.21;60;20210318;140000;15388.0000000;15500.0000000;15387.0000000;15490.0000000;86
SPFB.POLY-3.21;60;20210318;150000;15489.0000000;15509.0000000;15489.0000000;15509.0000000;13
SPFB.POLY-3.21;60;20210318;160000;15377.0000000;15525.0000000;15296.0000000;15525.0000000;36
SPFB.POLY-3.21;60;20210318;170000;15527.0000000;15527.0000000;15400.0000000;15469.0000000;228
SPFB.POLY-3.21;60;20210318;180000;15469.0000000;15480.0000000;15381.0000000;15381.0000000;34
