<TICKER>;<PER>;<DATE>;<TIME>;<OPEN>;<HIGH>;<LOW>;<CLOSE>;<VOL>
SPFB.POLY-6.21;60;20210104;190000;20993.0000000;20993.0000000;20993.0000000;20993.0000000;1
SPFB.POLY-6.21;60;20210104;210000;20691.0000000;20691.0000000;20691.0000000;20691.0000000;1
SPFB.POLY-6.21;60;20210105;130000;16893.0000000;21780.0000000;16893.0000000;21780.0000000;11
SPFB.POLY-6.21;60;20210108;150000;18748.0000000;18748.0000000;18748.0000000;18748.0000000;1
SPFB.POLY-6.21;60;20210114;110000;17511.0000000;17676.0000000;15064.0000000;16700.0000000;25
SPFB.POLY-6.21;60;20210115;230000;16700.0000000;16700.0000000;16700.0000000;16700.0000000;1
SPFB.POLY-6.21;60;20210118;190000;16950.0000000;16999.0000000;16950.0000000;16999.0000000;4
SPFB.POLY-6.21;60;20210120;140000;16849.0000000;16850.0000000;16849.0000000;16850.0000000;3
SPFB.POLY-6.21;60;20210121;110000;16900.0000000;16900.0000000;16900.0000000;16900.0000000;4
SPFB.POLY-6.21;60;20210122;160000;17000.0000000;17000.0000000;17000.0000000;17000.0000000;1
SPFB.POLY-6.21;60;20210125;110000;17244.0000000;17244.0000000;17244.0000000;17244.0000000;1
SPFB.POLY-6.21;60;20210125;140000;17648.0000000;17648.0000000;17648.0000000;17648.0000000;1
SPFB.POLY-6.21;60;20210125;180000;17646.0000000;17646.0000000;17646.0000000;17646.0000000;1
SPFB.POLY-6.21;60;20210125;190000;17250.0000000;17250.0000000;17250.0000000;17250.0000000;1
SPFB.POLY-6.21;60;20210127;170000;16400.0000000;16400.0000000;16400.0000000;16400.0000000;1
SPFB.POLY-6.21;60;20210128;180000;16577.0000000;16577.0000000;16577.0000000;16577.0000000;1
SPFB.POLY-6.21;60;20210203;230000;17100.0000000;17100.0000000;17100.0000000;17100.0000000;1
SPFB.POLY-6.21;60;20210205;170000;16611.0000000;16611.0000000;16611.0000000;16611.0000000;1
SPFB.POLY-6.21;60;20210210;140000;16798.0000000;16798.0000000;16798.0000000;16798.0000000;6
SPFB.POLY-6.21;60;20210215;140000;16796.0000000;16797.0000000;16796.0000000;16797.0000000;2
SPFB.POLY-6.21;60;20210215;150000;16151.0000000;17000.0000000;16151.0000000;17000.0000000;12
SPFB.POLY-6.21;60;20210217;170000;16399.0000000;16399.0000000;16399.0000000;16399.0000000;30
SPFB.POLY-6.21;60;20210217;180000;16202.0000000;16202.0000000;16202.0000000;16202.0000000;12
SPFB.POLY-6.21;60;20210219;130000;15949.0000000;15949.0000000;15949.0000000;15949.0000000;1
SPFB.POLY-6.21;60;20210219;180000;15949.0000000;16149.0000000;15949.0000000;16149.0000000;19
SPFB.POLY-6.21;60;20210219;190000;16170.0000000;16170.0000000;16170.0000000;16170.0000000;9
SPFB.POLY-6.21;60;20210220;160000;16050.0000000;16050.0000000;16050.0000000;16050.0000000;1
SPFB.POLY-6.21;60;20210222;110000;16250.0000000;16250.0000000;16250.0000000;16250.0000000;3
SPFB.POLY-6.21;60;20210224;130000;15960.0000000;15960.0000000;15950.0000000;15950.0000000;15
SPFB.POLY-6.21;60;20210224;180000;15802.0000000;15802.0000000;15802.0000000;15802.0000000;2
SPFB.POLY-6.21;60;20210225;120000;15750.0000000;15750.0000000;15700.0000000;15700.0000000;18
SPFB.POLY-6.21;60;20210225;150000;15544.0000000;15550.0000000;15544.0000000;15550.0000000;3
SPFB.POLY-6.21;60;20210225;160000;15417.0000000;15417.0000000;15417.0000000;15417.0000000;1
SPFB.POLY-6.21;60;20210225;170000;15309.0000000;15309.0000000;15309.0000000;15309.0000000;2
SPFB.POLY-6.21;60;20210225;180000;15310.0000000;15310.0000000;15310.0000000;15310.0000000;2
SPFB.POLY-6.21;60;20210225;230000;15298.0000000;15350.0000000;15298.0000000;15350.0000000;6
SPFB.POLY-6.21;60;20210226;120000;15300.0000000;15300.0000000;15300.0000000;15300.0000000;2
SPFB.POLY-6.21;60;20210226;140000;14901.0000000;14901.0000000;14900.0000000;14900.0000000;2
SPFB.POLY-6.21;60;20210226;150000;14920.0000000;14920.0000000;14920.0000000;14920.0000000;1
SPFB.POLY-6.21;60;20210226;190000;14919.0000000;14919.0000000;14900.0000000;14900.0000000;6
SPFB.POLY-6.21;60;20210301;080000;14568.0000000;14568.0000000;14568.0000000;14568.0000000;1
SPFB.POLY-6.21;60;20210301;140000;15049.0000000;15125.0000000;15049.0000000;15100.0000000;22
SPFB.POLY-6.21;60;20210301;160000;15097.0000000;15097.0000000;15050.0000000;15050.0000000;2
SPFB.POLY-6.21;60;20210301;170000;15000.0000000;15000.0000000;15000.0000000;15000.0000000;1
SPFB.POLY-6.21;60;20210301;230000;15010.0000000;15010.0000000;15010.0000000;15010.0000000;1
SPFB.POLY-6.21;60;20210302;110000;14900.0000000;14900.0000000;14900.0000000;14900.0000000;2
SPFB.POLY-6.21;60;20210302;120000;14850.0000000;14850.0000000;14800.0000000;14800.0000000;3
SPFB.POLY-6.21;60;20210302;130000;14800.0000000;14800.0000000;14750.0000000;14750.0000000;5
SPFB.POLY-6.21;60;20210302;150000;14850.0000000;14850.0000000;14800.0000000;14800.0000000;4
SPFB.POLY-6.21;60;20210302;160000;14800.0000000;14800.0000000;14800.0000000;14800.0000000;1
SPFB.POLY-6.21;60;20210302;170000;14820.0000000;14820.0000000;14800.0000000;14800.0000000;7
SPFB.POLY-6.21;60;20210302;200000;14950.0000000;14950.0000000;14950.0000000;14950.0000000;1
SPFB.POLY-6.21;60;20210302;220000;15048.0000000;15048.0000000;15048.0000000;15048.0000000;2
SPFB.POLY-6.21;60;20210303;110000;15049.0000000;15049.0000000;15048.0000000;15048.0000000;2
SPFB.POLY-6.21;60;20210303;120000;15247.0000000;15248.0000000;15099.0000000;15100.0000000;14
SPFB.POLY-6.21;60;20210303;140000;14901.0000000;14901.0000000;14900.0000000;14900.0000000;3
SPFB.POLY-6.21;60;20210303;160000;14950.0000000;14950.0000000;14950.0000000;14950.0000000;1
SPFB.POLY-6.21;60;20210303;170000;14901.0000000;14901.0000000;14900.0000000;14900.0000000;3
SPFB.POLY-6.21;60;20210303;190000;14825.0000000;14825.0000000;14825.0000000;14825.0000000;1
SPFB.POLY-6.21;60;20210303;200000;14850.0000000;14850.0000000;14850.0000000;14850.0000000;1
SPFB.POLY-6.21;60;20210303;230000;14839.0000000;14839.0000000;14839.0000000;14839.0000000;1
SPFB.POLY-6.21;60;20210304;080000;14839.0000000;14839.0000000;14839.0000000;14839.0000000;1
SPFB.POLY-6.21;60;20210304;090000;14839.0000000;14875.0000000;14839.0000000;14875.0000000;2
SPFB.POLY-6.21;60;20210304;100000;14850.0000000;14850.0000000;14850.0000000;14850.0000000;2
SPFB.POLY-6.21;60;20210304;120000;14738.0000000;14738.0000000;14738.0000000;14738.0000000;2
SPFB.POLY-6.21;60;20210304;130000;14500.0000000;14520.0000000;14500.0000000;14520.0000000;31
SPFB.POLY-6.21;60;20210304;140000;14519.0000000;14700.0000000;14519.0000000;14699.0000000;13
SPFB.POLY-6.21;60;20210304;180000;14750.0000000;14750.0000000;14600.0000000;14600.0000000;2
SPFB.POLY-6.21;60;20210304;190000;14600.0000000;14600.0000000;14600.0000000;14600.0000000;1
SPFB.POLY-6.21;60;20210304;200000;14651.0000000;14651.0000000;14572.0000000;14650.0000000;5
SPFB.POLY-6.21;60;20210304;220000;14570.0000000;14570.0000000;14570.0000000;14570.0000000;1
SPFB.POLY-6.21;60;20210304;230000;14451.0000000;14451.0000000;14451.0000000;14451.0000000;1
SPFB.POLY-6.21;60;20210305;110000;14799.0000000;14799.0000000;14749.0000000;14749.0000000;3
SPFB.POLY-6.21;60;20210305;120000;14500.0000000;14500.0000000;14500.0000000;14500.0000000;2
SPFB.POLY-6.21;60;20210305;140000;14600.0000000;14600.0000000;14600.0000000;14600.0000000;1
SPFB.POLY-6.21;60;20210305;210000;14624.0000000;14624.0000000;14624.0000000;14624.0000000;2
SPFB.POLY-6.21;60;20210309;100000;14945.0000000;14945.0000000;14945.0000000;14945.0000000;1
SPFB.POLY-6.21;60;20210309;120000;14888.0000000;14888.0000000;14814.0000000;14814.0000000;12
SPFB.POLY-6.21;60;20210309;140000;15038.0000000;15038.0000000;15038.0000000;15038.0000000;1
SPFB.POLY-6.21;60;20210309;150000;15088.0000000;15088.0000000;15034.0000000;15034.0000000;2
SPFB.POLY-6.21;60;20210309;160000;15008.0000000;15008.0000000;14988.0000000;15002.0000000;6
SPFB.POLY-6.21;60;20210309;200000;15200.0000000;15200.0000000;15001.0000000;15001.0000000;38
SPFB.POLY-6.21;60;20210309;210000;15000.0000000;15000.0000000;15000.0000000;15000.0000000;1
SPFB.POLY-6.21;60;20210310;110000;15150.0000000;15188.0000000;15150.0000000;15188.0000000;2
SPFB.POLY-6.21;60;20210310;120000;15000.0000000;15000.0000000;14988.0000000;14988.0000000;7
SPFB.POLY-6.21;60;20210310;170000;14975.0000000;14975.0000000;14975.0000000;14975.0000000;1
SPFB.POLY-6.21;60;20210310;180000;14975.0000000;15050.0000000;14925.0000000;14925.0000000;7
SPFB.POLY-6.21;60;20210310;190000;14975.0000000;14999.0000000;14975.0000000;14999.0000000;3
SPFB.POLY-6.21;60;20210310;210000;14975.0000000;14975.0000000;14975.0000000;14975.0000000;2
SPFB.POLY-6.21;60;20210310;220000;14825.0000000;14825.0000000;14825.0000000;14825.0000000;30
SPFB.POLY-6.21;60;20210310;230000;14947.0000000;14999.0000000;14925.0000000;14999.0000000;8
SPFB.POLY-6.21;60;20210311;080000;15100.0000000;15200.0000000;15100.0000000;15200.0000000;5
SPFB.POLY-6.21;60;20210311;110000;15196.0000000;15196.0000000;15100.0000000;15150.0000000;4
SPFB.POLY-6.21;60;20210311;130000;15244.0000000;15748.0000000;15197.0000000;15198.0000000;33
SPFB.POLY-6.21;60;20210311;140000;15198.0000000;15198.0000000;15198.0000000;15198.0000000;1
SPFB.POLY-6.21;60;20210311;160000;15197.0000000;15197.0000000;15197.0000000;15197.0000000;1
SPFB.POLY-6.21;60;20210311;180000;15200.0000000;15200.0000000;15197.0000000;15197.0000000;38
SPFB.POLY-6.21;60;20210312;000000;15220.0000000;15220.0000000;15220.0000000;15220.0000000;3
SPFB.POLY-6.21;60;20210312;100000;15106.0000000;15106.0000000;15106.0000000;15106.0000000;7
SPFB.POLY-6.21;60;20210312;110000;15051.0000000;15051.0000000;15001.0000000;15001.0000000;6
SPFB.POLY-6.21;60;20210312;120000;15004.0000000;15004.0000000;15004.0000000;15004.0000000;4
SPFB.POLY-6.21;60;20210312;130000;15004.0000000;15004.0000000;15001.0000000;15001.0000000;7
SPFB.POLY-6.21;60;20210312;160000;14853.0000000;15000.0000000;14853.0000000;15000.0000000;7
SPFB.POLY-6.21;60;20210312;190000;14911.0000000;14911.0000000;14911.0000000;14911.0000000;10
SPFB.POLY-6.21;60;20210312;220000;15050.0000000;15050.0000000;15050.0000000;15050.0000000;7
SPFB.POLY-6.21;60;20210312;230000;15050.0000000;15050.0000000;15050.0000000;15050.0000000;3
SPFB.POLY-6.21;60;20210315;090000;15199.0000000;15199.0000000;15199.0000000;15199.0000000;1
SPFB.POLY-6.21;60;20210315;100000;15179.0000000;15225.0000000;15169.0000000;15169.0000000;6
SPFB.POLY-6.21;60;20210315;110000;15155.0000000;15155.0000000;15050.0000000;15050.0000000;7
SPFB.POLY-6.21;60;20210315;120000;15109.0000000;15200.0000000;15109.0000000;15200.0000000;8
SPFB.POLY-6.21;60;20210315;130000;15245.0000000;15245.0000000;15245.0000000;15245.0000000;1
SPFB.POLY-6.21;60;20210315;140000;15146.0000000;15146.0000000;15146.0000000;15146.0000000;14
SPFB.POLY-6.21;60;20210315;150000;15199.0000000;15288.0000000;15174.0000000;15250.0000000;15
SPFB.POLY-6.21;60;20210315;180000;15000.0000000;15150.0000000;15000.0000000;15150.0000000;4
SPFB.POLY-6.21;60;20210315;190000;14901.0000000;14901.0000000;14880.0000000;14880.0000000;3
SPFB.POLY-6.21;60;20210316;080000;15297.0000000;15297.0000000;15135.0000000;15169.0000000;20
SPFB.POLY-6.21;60;20210316;120000;15169.0000000;15169.0000000;15150.0000000;15150.0000000;15
SPFB.POLY-6.21;60;20210316;150000;15187.0000000;15187.0000000;15187.0000000;15187.0000000;2
SPFB.POLY-6.21;60;20210316;170000;15157.0000000;15157.0000000;15156.0000000;15156.0000000;6
SPFB.POLY-6.21;60;20210316;180000;15106.0000000;15106.0000000;15100.0000000;15100.0000000;7
SPFB.POLY-6.21;60;20210316;190000;15100.0000000;15100.0000000;15100.0000000;15100.0000000;2
SPFB.POLY-6.21;60;20210316;200000;15180.0000000;15180.0000000;15180.0000000;15180.0000000;2
SPFB.POLY-6.21;60;20210316;210000;15180.0000000;15193.0000000;15180.0000000;15190.0000000;4
SPFB.POLY-6.21;60;20210316;220000;15173.0000000;15173.0000000;15173.0000000;15173.0000000;1
SPFB.POLY-6.21;60;20210316;230000;15100.0000000;15100.0000000;15100.0000000;15100.0000000;1
SPFB.POLY-6.21;60;20210317;120000;15250.0000000;15369.0000000;15250.0000000;15369.0000000;56
SPFB.POLY-6.21;60;20210317;130000;15280.0000000;15313.0000000;15250.0000000;15250.0000000;53
SPFB.POLY-6.21;60;20210317;140000;15240.0000000;15240.0000000;15181.0000000;15181.0000000;12
SPFB.POLY-6.21;60;20210317;150000;15230.0000000;15230.0000000;15150.0000000;15219.0000000;16
SPFB.POLY-6.21;60;20210317;160000;15182.0000000;15227.0000000;15181.0000000;15227.0000000;6
SPFB.POLY-6.21;60;20210317;180000;15225.0000000;15250.0000000;15225.0000000;15250.0000000;20
SPFB.POLY-6.21;60;20210317;190000;15105.0000000;15105.0000000;15105.0000000;15105.0000000;1
SPFB.POLY-6.21;60;20210317;220000;15269.0000000;15390.0000000;15269.0000000;15390.0000000;7
SPFB.POLY-6.21;60;20210317;230000;15406.0000000;15406.0000000;15390.0000000;15390.0000000;22
SPFB.POLY-6.21;60;20210318;000000;15419.0000000;15600.0000000;15400.0000000;15600.0000000;38
SPFB.POLY-6.21;60;20210318;080000;15350.0000000;15350.0000000;15350.0000000;15350.0000000;4
SPFB.POLY-6.21;60;20210318;100000;15350.0000000;15350.0000000;15350.0000000;15350.0000000;2
SPFB.POLY-6.21;60;20210318;110000;15496.0000000;15684.0000000;15496.0000000;15633.0000000;54
SPFB.POLY-6.21;60;20210318;120000;15633.0000000;15656.0000000;15590.0000000;15590.0000000;70
SPFB.POLY-6.21;60;20210318;130000;15645.0000000;15746.0000000;15617.0000000;15617.0000000;11
SPFB.POLY-6.21;60;20210318;140000;15649.0000000;15652.0000000;15550.0000000;15550.0000000;48
SPFB.POLY-6.21;60;20210318;150000;15645.0000000;15663.0000000;15645.0000000;15663.0000000;24
SPFB.POLY-6.21;60;20210318;160000;15501.0000000;15569.0000000;15332.0000000;15569.0000000;63
SPFB.POLY-6.21;60;20210318;170000;15338.0000000;15338.0000000;15335.0000000;15335.0000000;5
SPFB.POLY-6.21;60;20210318;180000;15475.0000000;15550.0000000;15370.0000000;15370.0000000;21
SPFB.POLY-6.21;60;20210318;200000;15540.0000000;15540.0000000;15489.0000000;15489.0000000;4
SPFB.POLY-6.21;60;20210318;220000;15451.0000000;15451.0000000;15451.0000000;15451.0000000;1
SPFB.POLY-6.21;60;20210318;230000;15451.0000000;15451.0000000;15401.0000000;15401.0000000;13
SPFB.POLY-6.21;60;20210319;080000;15569.0000000;15569.0000000;15569.0000000;15569.0000000;1
SPFB.POLY-6.21;60;20210319;110000;15507.0000000;15507.0000000;15413.0000000;15500.0000000;22
SPFB.POLY-6.21;60;20210319;120000;15500.0000000;15570.0000000;15500.0000000;15570.0000000;17
SPFB.POLY-6.21;60;20210319;130000;15570.0000000;15571.0000000;15570.0000000;15570.0000000;6
SPFB.POLY-6.21;60;20210319;140000;15600.0000000;15601.0000000;15514.0000000;15569.0000000;16
SPFB.POLY-6.21;60;20210319;150000;15453.0000000;15453.0000000;15450.0000000;15450.0000000;6
SPFB.POLY-6.21;60;20210319;160000;15577.0000000;15577.0000000;15577.0000000;15577.0000000;1
SPFB.POLY-6.21;60;20210319;170000;15598.0000000;15598.0000000;15598.0000000;15598.0000000;1
SPFB.POLY-6.21;60;20210319;180000;15579.0000000;15579.0000000;15579.0000000;15579.0000000;3
SPFB.POLY-6.21;60;20210319;200000;15411.0000000;15570.0000000;15256.0000000;15399.0000000;25
SPFB.POLY-6.21;60;20210319;210000;15400.0000000;15400.0000000;15350.0000000;15350.0000000;14
SPFB.POLY-6.21;60;20210319;230000;15381.0000000;15381.0000000;15381.0000000;15381.0000000;2
SPFB.POLY-6.21;60;20210320;000000;15370.0000000;15370.0000000;15360.0000000;15360.0000000;2
SPFB.POLY-6.21;60;20210322;110000;15351.0000000;15351.0000000;15350.0000000;15350.0000000;4
SPFB.POLY-6.21;60;20210322;120000;15397.0000000;15397.0000000;15351.0000000;15351.0000000;9
SPFB.POLY-6.21;60;20210322;130000;15350.0000000;15350.0000000;15350.0000000;15350.0000000;1
SPFB.POLY-6.21;60;20210322;140000;15419.0000000;15419.0000000;15419.0000000;15419.0000000;1
SPFB.POLY-6.21;60;20210322;160000;15316.0000000;15316.0000000;15316.0000000;15316.0000000;1
SPFB.POLY-6.21;60;20210322;180000;15310.0000000;15331.0000000;15200.0000000;15200.0000000;44
SPFB.POLY-6.21;60;20210322;190000;15170.0000000;15170.0000000;15120.0000000;15120.0000000;10
SPFB.POLY-6.21;60;20210322;200000;15240.0000000;15240.0000000;15231.0000000;15231.0000000;7
SPFB.POLY-6.21;60;20210323;110000;15233.0000000;15233.0000000;15132.0000000;15132.0000000;19
SPFB.POLY-6.21;60;20210323;120000;15126.0000000;15170.0000000;15114.0000000;15122.0000000;25
SPFB.POLY-6.21;60;20210323;130000;15136.0000000;15191.0000000;15089.0000000;15187.0000000;30
SPFB.POLY-6.21;60;20210323;140000;15184.0000000;15184.0000000;15184.0000000;15184.0000000;1
SPFB.POLY-6.21;60;20210323;150000;15151.0000000;15210.0000000;15150.0000000;15165.0000000;73
SPFB.POLY-6.21;60;20210323;160000;15176.0000000;15214.0000000;15176.0000000;15190.0000000;15
SPFB.POLY-6.21;60;20210323;170000;15145.0000000;15145.0000000;15120.0000000;15120.0000000;5
SPFB.POLY-6.21;60;20210323;180000;15148.0000000;15148.0000000;15140.0000000;15140.0000000;15
SPFB.POLY-6.21;60;20210323;220000;15096.0000000;15101.0000000;15096.0000000;15101.0000000;3
SPFB.POLY-6.21;60;20210323;230000;15060.0000000;15060.0000000;15001.0000000;15001.0000000;16
SPFB.POLY-6.21;60;20210324;000000;15002.0000000;15002.0000000;14950.0000000;14950.0000000;47
SPFB.POLY-6.21;60;20210324;110000;14983.0000000;14992.0000000;14952.0000000;14992.0000000;11
SPFB.POLY-6.21;60;20210324;120000;14930.0000000;14930.0000000;14930.0000000;14930.0000000;1
SPFB.POLY-6.21;60;20210324;130000;14928.0000000;14928.0000000;14804.0000000;14804.0000000;15
SPFB.POLY-6.21;60;20210324;140000;14804.0000000;14906.0000000;14751.0000000;14895.0000000;34
SPFB.POLY-6.21;60;20210324;150000;14851.0000000;14851.0000000;14850.0000000;14850.0000000;8
SPFB.POLY-6.21;60;20210324;160000;14850.0000000;14850.0000000;14844.0000000;14844.0000000;2
SPFB.POLY-6.21;60;20210324;170000;14785.0000000;14785.0000000;14785.0000000;14785.0000000;2
SPFB.POLY-6.21;60;20210324;180000;14818.0000000;14849.0000000;14818.0000000;14849.0000000;5
SPFB.POLY-6.21;60;20210324;190000;14850.0000000;14850.0000000;14850.0000000;14850.0000000;3
SPFB.POLY-6.21;60;20210324;200000;14918.0000000;14918.0000000;14742.0000000;14742.0000000;14
SPFB.POLY-6.21;60;20210324;210000;14899.0000000;14899.0000000;14755.0000000;14755.0000000;2
SPFB.POLY-6.21;60;20210325;000000;14800.0000000;14800.0000000;14740.0000000;14740.0000000;30
SPFB.POLY-6.21;60;20210325;110000;14785.0000000;14785.0000000;14785.0000000;14785.0000000;1
SPFB.POLY-6.21;60;20210325;120000;14785.0000000;14786.0000000;14785.0000000;14785.0000000;28
SPFB.POLY-6.21;60;20210325;150000;14750.0000000;14801.0000000;14691.0000000;14691.0000000;17
SPFB.POLY-6.21;60;20210325;160000;14621.0000000;14621.0000000;14621.0000000;14621.0000000;1
SPFB.POLY-6.21;60;20210325;170000;14621.0000000;14721.0000000;14610.0000000;14700.0000000;71
SPFB.POLY-6.21;60;20210325;180000;14652.0000000;14678.0000000;14652.0000000;14670.0000000;5
SPFB.POLY-6.21;60;20210325;190000;14651.0000000;14651.0000000;14596.0000000;14596.0000000;3
SPFB.POLY-6.21;60;20210325;200000;14596.0000000;14596.0000000;14596.0000000;14596.0000000;1
SPFB.POLY-6.21;60;20210325;210000;14690.0000000;14690.0000000;14690.0000000;14690.0000000;3
SPFB.POLY-6.21;60;20210325;230000;14690.0000000;14690.0000000;14570.0000000;14570.0000000;14
SPFB.POLY-6.21;60;20210326;000000;14570.0000000;14575.0000000;14570.0000000;14575.0000000;32
SPFB.POLY-6.21;60;20210326;080000;14691.0000000;14691.0000000;14691.0000000;14691.0000000;2
SPFB.POLY-6.21;60;20210326;110000;14745.0000000;14745.0000000;14745.0000000;14745.0000000;1
SPFB.POLY-6.21;60;20210326;120000;14640.0000000;14640.0000000;14485.0000000;14530.0000000;35
SPFB.POLY-6.21;60;20210326;130000;14485.0000000;14515.0000000;14450.0000000;14515.0000000;208
SPFB.POLY-6.21;60;20210326;140000;14509.0000000;14509.0000000;14450.0000000;14450.0000000;15
SPFB.POLY-6.21;60;20210326;150000;14450.0000000;14450.0000000;14450.0000000;14450.0000000;1
SPFB.POLY-6.21;60;20210326;160000;14455.0000000;14455.0000000;14455.0000000;14455.0000000;2
SPFB.POLY-6.21;60;20210326;170000;14500.0000000;14503.0000000;14500.0000000;14503.0000000;22
SPFB.POLY-6.21;60;20210326;180000;14460.0000000;14460.0000000;14460.0000000;14460.0000000;2
SPFB.POLY-6.21;60;20210326;190000;14528.0000000;14559.0000000;14460.0000000;14460.0000000;15
SPFB.POLY-6.21;60;20210326;200000;14534.0000000;14534.0000000;14534.0000000;14534.0000000;10
SPFB.POLY-6.21;60;20210326;220000;14535.0000000;14535.0000000;14535.0000000;14535.0000000;10
SPFB.POLY-6.21;60;20210327;000000;14608.0000000;14685.0000000;14608.0000000;14685.0000000;7
SPFB.POLY-6.21;60;20210329;080000;14606.0000000;14606.0000000;14535.0000000;14535.0000000;6
SPFB.POLY-6.21;60;20210329;090000;14535.0000000;14615.0000000;14535.0000000;14615.0000000;3
SPFB.POLY-6.21;60;20210329;110000;14616.0000000;14672.0000000;14506.0000000;14506.0000000;57
SPFB.POLY-6.21;60;20210329;120000;14639.0000000;14644.0000000;14639.0000000;14644.0000000;12
SPFB.POLY-6.21;60;20210329;130000;14641.0000000;14689.0000000;14602.0000000;14689.0000000;25
SPFB.POLY-6.21;60;20210329;140000;14649.0000000;14649.0000000;14649.0000000;14649.0000000;1
SPFB.POLY-6.21;60;20210329;150000;14680.0000000;14680.0000000;14605.0000000;14605.0000000;2
SPFB.POLY-6.21;60;20210329;160000;14659.0000000;14659.0000000;14604.0000000;14604.0000000;2
SPFB.POLY-6.21;60;20210329;170000;14604.0000000;14604.0000000;14600.0000000;14600.0000000;9
SPFB.POLY-6.21;60;20210329;180000;14540.0000000;14540.0000000;14485.0000000;14500.0000000;35
SPFB.POLY-6.21;60;20210329;190000;14491.0000000;14491.0000000;14491.0000000;14491.0000000;10
SPFB.POLY-6.21;60;20210329;200000;14600.0000000;14635.0000000;14599.0000000;14635.0000000;18
SPFB.POLY-6.21;60;20210329;210000;14635.0000000;14635.0000000;14635.0000000;14635.0000000;1
SPFB.POLY-6.21;60;20210329;220000;14589.0000000;14589.0000000;14588.0000000;14588.0000000;2
SPFB.POLY-6.21;60;20210330;110000;14518.0000000;14518.0000000;14510.0000000;14510.0000000;6
SPFB.POLY-6.21;60;20210330;120000;14479.0000000;14479.0000000;14479.0000000;14479.0000000;2
SPFB.POLY-6.21;60;20210330;130000;14471.0000000;14480.0000000;14470.0000000;14474.0000000;20
SPFB.POLY-6.21;60;20210330;140000;14450.0000000;14451.0000000;14450.0000000;14451.0000000;15
SPFB.POLY-6.21;60;20210330;150000;14450.0000000;14450.0000000;14387.0000000;14388.0000000;87
SPFB.POLY-6.21;60;20210330;160000;14404.0000000;14420.0000000;14327.0000000;14327.0000000;54
SPFB.POLY-6.21;60;20210330;170000;14400.0000000;14400.0000000;14277.0000000;14277.0000000;29
SPFB.POLY-6.21;60;20210330;180000;14277.0000000;14338.0000000;14277.0000000;14280.0000000;8
SPFB.POLY-6.21;60;20210330;190000;14280.0000000;14280.0000000;14280.0000000;14280.0000000;1
SPFB.POLY-6.21;60;20210330;220000;14330.0000000;14400.0000000;14330.0000000;14400.0000000;4
SPFB.POLY-6.21;60;20210331;090000;14400.0000000;14400.0000000;14400.0000000;14400.0000000;1
SPFB.POLY-6.21;60;20210331;110000;14292.0000000;14396.0000000;14277.0000000;14340.0000000;19
SPFB.POLY-6.21;60;20210331;120000;14401.0000000;14401.0000000;14342.0000000;14342.0000000;9
SPFB.POLY-6.21;60;20210331;130000;14360.0000000;14360.0000000;14360.0000000;14360.0000000;1
SPFB.POLY-6.21;60;20210331;140000;14400.0000000;14450.0000000;14400.0000000;14450.0000000;40
SPFB.POLY-6.21;60;20210331;150000;14440.0000000;14479.0000000;14439.0000000;14479.0000000;40
SPFB.POLY-6.21;60;20210331;160000;14352.0000000;14449.0000000;14352.0000000;14449.0000000;6
SPFB.POLY-6.21;60;20210331;170000;14480.0000000;14650.0000000;14480.0000000;14650.0000000;98
SPFB.POLY-6.21;60;20210331;180000;14475.0000000;14588.0000000;14475.0000000;14502.0000000;9
SPFB.POLY-6.21;60;20210331;200000;14670.0000000;14748.0000000;14670.0000000;14748.0000000;6
SPFB.POLY-6.21;60;20210331;210000;14675.0000000;14675.0000000;14675.0000000;14675.0000000;2
SPFB.POLY-6.21;60;20210331;220000;14700.0000000;14700.0000000;14505.0000000;14505.0000000;36
SPFB.POLY-6.21;60;20210401;080000;14506.0000000;14668.0000000;14506.0000000;14668.0000000;2
SPFB.POLY-6.21;60;20210401;100000;14669.0000000;14670.0000000;14669.0000000;14670.0000000;3
SPFB.POLY-6.21;60;20210401;110000;14696.0000000;14899.0000000;14696.0000000;14850.0000000;51
SPFB.POLY-6.21;60;20210401;120000;14802.0000000;14802.0000000;14800.0000000;14802.0000000;21
SPFB.POLY-6.21;60;20210401;130000;14803.0000000;14803.0000000;14656.0000000;14656.0000000;11
SPFB.POLY-6.21;60;20210401;140000;14701.0000000;14827.0000000;14680.0000000;14680.0000000;23
SPFB.POLY-6.21;60;20210401;150000;14777.0000000;14777.0000000;14777.0000000;14777.0000000;1
SPFB.POLY-6.21;60;20210401;160000;14681.0000000;14788.0000000;14680.0000000;14771.0000000;26
SPFB.POLY-6.21;60;20210401;170000;14789.0000000;14790.0000000;14789.0000000;14790.0000000;36
SPFB.POLY-6.21;60;20210401;180000;14830.0000000;14900.0000000;14820.0000000;14900.0000000;133
SPFB.POLY-6.21;60;20210401;190000;14812.0000000;14812.0000000;14810.0000000;14810.0000000;20
SPFB.POLY-6.21;60;20210401;200000;14767.0000000;14767.0000000;14760.0000000;14760.0000000;7
SPFB.POLY-6.21;60;20210401;210000;14790.0000000;14874.0000000;14790.0000000;14874.0000000;2
SPFB.POLY-6.21;60;20210401;220000;14800.0000000;14800.0000000;14741.0000000;14741.0000000;5
SPFB.POLY-6.21;60;20210402;000000;14723.0000000;14723.0000000;14723.0000000;14723.0000000;1
SPFB.POLY-6.21;60;20210402;100000;14910.0000000;14910.0000000;14910.0000000;14910.0000000;1
SPFB.POLY-6.21;60;20210402;130000;14900.0000000;14900.0000000;14900.0000000;14900.0000000;1
SPFB.POLY-6.21;60;20210402;180000;14889.0000000;14889.0000000;14889.0000000;14889.0000000;1
SPFB.POLY-6.21;60;20210402;200000;14900.0000000;14920.0000000;14900.0000000;14920.0000000;8
SPFB.POLY-6.21;60;20210402;210000;14918.0000000;14918.0000000;14918.0000000;14918.0000000;2
SPFB.POLY-6.21;60;20210405;080000;14917.0000000;14917.0000000;14917.0000000;14917.0000000;1
SPFB.POLY-6.21;60;20210405;110000;14793.0000000;14833.0000000;14700.0000000;14700.0000000;21
SPFB.POLY-6.21;60;20210405;120000;14670.0000000;14790.0000000;14670.0000000;14790.0000000;19
SPFB.POLY-6.21;60;20210405;130000;14790.0000000;14798.0000000;14790.0000000;14798.0000000;18
SPFB.POLY-6.21;60;20210405;140000;14800.0000000;14820.0000000;14800.0000000;14820.0000000;12
SPFB.POLY-6.21;60;20210405;150000;14830.0000000;14830.0000000;14830.0000000;14830.0000000;2
SPFB.POLY-6.21;60;20210405;160000;14800.0000000;14800.0000000;14760.0000000;14760.0000000;7
SPFB.POLY-6.21;60;20210405;180000;14739.0000000;14739.0000000;14739.0000000;14739.0000000;1
SPFB.POLY-6.21;60;20210405;190000;14670.0000000;14780.0000000;14670.0000000;14780.0000000;31
SPFB.POLY-6.21;60;20210406;110000;14788.0000000;15084.0000000;14775.0000000;15075.0000000;177
SPFB.POLY-6.21;60;20210406;120000;15080.0000000;15080.0000000;14911.0000000;15005.0000000;32
SPFB.POLY-6.21;60;20210406;130000;14977.0000000;14977.0000000;14850.0000000;14928.0000000;10
SPFB.POLY-6.21;60;20210406;140000;14850.0000000;14850.0000000;14850.0000000;14850.0000000;2
SPFB.POLY-6.21;60;20210406;150000;14841.0000000;14941.0000000;14790.0000000;14941.0000000;23
SPFB.POLY-6.21;60;20210406;160000;14941.0000000;14977.0000000;14880.0000000;14920.0000000;30
SPFB.POLY-6.21;60;20210406;170000;15020.0000000;15089.0000000;15020.0000000;15040.0000000;16
SPFB.POLY-6.21;60;20210406;190000;15089.0000000;15090.0000000;15088.0000000;15088.0000000;10
SPFB.POLY-6.21;60;20210406;200000;15064.0000000;15064.0000000;15064.0000000;15064.0000000;3
SPFB.POLY-6.21;60;20210406;210000;15095.0000000;15095.0000000;15095.0000000;15095.0000000;4
SPFB.POLY-6.21;60;20210407;000000;15093.0000000;15093.0000000;15033.0000000;15093.0000000;15
SPFB.POLY-6.21;60;20210407;090000;15094.0000000;15094.0000000;15094.0000000;15094.0000000;2
SPFB.POLY-6.21;60;20210407;110000;15094.0000000;15094.0000000;15003.0000000;15003.0000000;3
SPFB.POLY-6.21;60;20210407;120000;15055.0000000;15055.0000000;15050.0000000;15050.0000000;2
SPFB.POLY-6.21;60;20210407;130000;15095.0000000;15095.0000000;15095.0000000;15095.0000000;3
SPFB.POLY-6.21;60;20210407;140000;15009.0000000;15009.0000000;15009.0000000;15009.0000000;1
SPFB.POLY-6.21;60;20210407;150000;15014.0000000;15026.0000000;15014.0000000;15026.0000000;2
SPFB.POLY-6.21;60;20210407;160000;15005.0000000;15005.0000000;15000.0000000;15000.0000000;12
SPFB.POLY-6.21;60;20210407;170000;15004.0000000;15004.0000000;15003.0000000;15003.0000000;10
SPFB.POLY-6.21;60;20210407;180000;15001.0000000;15058.0000000;14988.0000000;15058.0000000;9
SPFB.POLY-6.21;60;20210407;190000;14967.0000000;15058.0000000;14851.0000000;14860.0000000;34
SPFB.POLY-6.21;60;20210407;200000;14806.0000000;14989.0000000;14806.0000000;14880.0000000;4
SPFB.POLY-6.21;60;20210407;210000;14990.0000000;14990.0000000;14990.0000000;14990.0000000;1
SPFB.POLY-6.21;60;20210407;220000;14986.0000000;14986.0000000;14986.0000000;14986.0000000;1
SPFB.POLY-6.21;60;20210408;080000;14970.0000000;14970.0000000;14970.0000000;14970.0000000;1
SPFB.POLY-6.21;60;20210408;100000;14927.0000000;14927.0000000;14927.0000000;14927.0000000;1
SPFB.POLY-6.21;60;20210408;110000;14969.0000000;15050.0000000;14969.0000000;15050.0000000;56
SPFB.POLY-6.21;60;20210408;120000;15085.0000000;15085.0000000;15085.0000000;15085.0000000;2
SPFB.POLY-6.21;60;20210408;130000;14932.0000000;14932.0000000;14910.0000000;14910.0000000;19
SPFB.POLY-6.21;60;20210408;150000;14980.0000000;15027.0000000;14889.0000000;14980.0000000;27
SPFB.POLY-6.21;60;20210408;160000;14960.0000000;14960.0000000;14960.0000000;14960.0000000;1
SPFB.POLY-6.21;60;20210408;170000;14969.0000000;15084.0000000;14969.0000000;15084.0000000;13
SPFB.POLY-6.21;60;20210408;180000;14980.0000000;15040.0000000;14980.0000000;15040.0000000;17
SPFB.POLY-6.21;60;20210408;190000;15020.0000000;15050.0000000;15020.0000000;15050.0000000;9
SPFB.POLY-6.21;60;20210408;200000;15050.0000000;15050.0000000;15050.0000000;15050.0000000;3
SPFB.POLY-6.21;60;20210408;210000;15005.0000000;15005.0000000;15000.0000000;15000.0000000;19
SPFB.POLY-6.21;60;20210409;110000;14966.0000000;15044.0000000;14965.0000000;15044.0000000;9
SPFB.POLY-6.21;60;20210409;130000;15030.0000000;15055.0000000;15030.0000000;15055.0000000;14
SPFB.POLY-6.21;60;20210409;140000;15085.0000000;15087.0000000;15085.0000000;15087.0000000;16
SPFB.POLY-6.21;60;20210409;150000;15087.0000000;15090.0000000;15080.0000000;15080.0000000;64
SPFB.POLY-6.21;60;20210409;160000;15089.0000000;15090.0000000;15013.0000000;15013.0000000;38
SPFB.POLY-6.21;60;20210409;170000;15019.0000000;15019.0000000;15019.0000000;15019.0000000;1
SPFB.POLY-6.21;60;20210409;180000;15085.0000000;15100.0000000;15085.0000000;15096.0000000;23
SPFB.POLY-6.21;60;20210409;190000;15076.0000000;15145.0000000;15076.0000000;15145.0000000;9
SPFB.POLY-6.21;60;20210409;200000;15107.0000000;15145.0000000;15106.0000000;15145.0000000;5
SPFB.POLY-6.21;60;20210409;210000;15145.0000000;15233.0000000;15109.0000000;15200.0000000;17
SPFB.POLY-6.21;60;20210410;000000;15168.0000000;15168.0000000;15168.0000000;15168.0000000;3
