<TICKER>;<PER>;<DATE>;<TIME>;<OPEN>;<HIGH>;<LOW>;<CLOSE>;<VOL>
SPFB.AFLT-6.21;60;20201214;180000;7283.0000000;7283.0000000;7283.0000000;7283.0000000;1
SPFB.AFLT-6.21;60;20201214;190000;7282.0000000;7282.0000000;7250.0000000;7250.0000000;15
SPFB.AFLT-6.21;60;20201215;230000;7337.0000000;7337.0000000;7327.0000000;7327.0000000;3
SPFB.AFLT-6.21;60;20201216;130000;7278.0000000;7638.0000000;7265.0000000;7277.0000000;41
SPFB.AFLT-6.21;60;20201216;160000;7281.0000000;7281.0000000;7281.0000000;7281.0000000;1
SPFB.AFLT-6.21;60;20201216;220000;7301.0000000;7301.0000000;7301.0000000;7301.0000000;3
SPFB.AFLT-6.21;60;20201217;130000;7305.0000000;7305.0000000;7305.0000000;7305.0000000;2
SPFB.AFLT-6.21;60;20201217;140000;7367.0000000;7382.0000000;7367.0000000;7381.0000000;3
SPFB.AFLT-6.21;60;20201217;150000;7381.0000000;7381.0000000;7381.0000000;7381.0000000;2
SPFB.AFLT-6.21;60;20201217;190000;7310.0000000;7310.0000000;7305.0000000;7305.0000000;13
SPFB.AFLT-6.21;60;20201217;200000;7050.0000000;7050.0000000;7050.0000000;7050.0000000;50
SPFB.AFLT-6.21;60;20201218;120000;7207.0000000;7207.0000000;7207.0000000;7207.0000000;1
SPFB.AFLT-6.21;60;20201218;140000;7324.0000000;7324.0000000;7324.0000000;7324.0000000;1
SPFB.AFLT-6.21;60;20201218;160000;7313.0000000;7314.0000000;7313.0000000;7314.0000000;4
SPFB.AFLT-6.21;60;20201218;180000;7370.0000000;7370.0000000;7370.0000000;7370.0000000;1
SPFB.AFLT-6.21;60;20201218;190000;7314.0000000;7314.0000000;7314.0000000;7314.0000000;2
SPFB.AFLT-6.21;60;20201218;200000;7281.0000000;7281.0000000;7278.0000000;7278.0000000;15
SPFB.AFLT-6.21;60;20201221;110000;7236.0000000;7236.0000000;7051.0000000;7051.0000000;30
SPFB.AFLT-6.21;60;20201221;120000;7045.0000000;7045.0000000;7000.0000000;7025.0000000;33
SPFB.AFLT-6.21;60;20201221;130000;7009.0000000;7053.0000000;6800.0000000;6801.0000000;81
SPFB.AFLT-6.21;60;20201221;140000;6817.0000000;6817.0000000;6815.0000000;6815.0000000;4
SPFB.AFLT-6.21;60;20201221;150000;6851.0000000;6934.0000000;6821.0000000;6934.0000000;22
SPFB.AFLT-6.21;60;20201221;160000;6954.0000000;6974.0000000;6934.0000000;6934.0000000;9
SPFB.AFLT-6.21;60;20201221;180000;6994.0000000;6994.0000000;6994.0000000;6994.0000000;1
SPFB.AFLT-6.21;60;20201221;190000;6994.0000000;6994.0000000;6933.0000000;6933.0000000;3
SPFB.AFLT-6.21;60;20201221;200000;7012.0000000;7074.0000000;7012.0000000;7074.0000000;8
SPFB.AFLT-6.21;60;20201221;220000;6977.0000000;6977.0000000;6907.0000000;6907.0000000;4
SPFB.AFLT-6.21;60;20201222;110000;7050.0000000;7113.0000000;7038.0000000;7113.0000000;16
SPFB.AFLT-6.21;60;20201222;120000;7096.0000000;7114.0000000;7081.0000000;7081.0000000;15
SPFB.AFLT-6.21;60;20201222;130000;7081.0000000;7081.0000000;7081.0000000;7081.0000000;80
SPFB.AFLT-6.21;60;20201222;160000;7081.0000000;7081.0000000;7081.0000000;7081.0000000;1
SPFB.AFLT-6.21;60;20201222;230000;7081.0000000;7089.0000000;7081.0000000;7089.0000000;3
SPFB.AFLT-6.21;60;20201223;120000;7078.0000000;7110.0000000;7078.0000000;7110.0000000;13
SPFB.AFLT-6.21;60;20201223;160000;7063.0000000;7063.0000000;7063.0000000;7063.0000000;2
SPFB.AFLT-6.21;60;20201223;190000;7110.0000000;7117.0000000;7110.0000000;7117.0000000;5
SPFB.AFLT-6.21;60;20201223;200000;7073.0000000;7073.0000000;7073.0000000;7073.0000000;1
SPFB.AFLT-6.21;60;20201223;230000;7134.0000000;7134.0000000;7134.0000000;7134.0000000;1
SPFB.AFLT-6.21;60;20201225;150000;7107.0000000;7107.0000000;7107.0000000;7107.0000000;2
SPFB.AFLT-6.21;60;20201228;110000;7135.0000000;7319.0000000;7105.0000000;7105.0000000;77
SPFB.AFLT-6.21;60;20201228;120000;7120.0000000;7120.0000000;7120.0000000;7120.0000000;2
SPFB.AFLT-6.21;60;20201228;140000;7101.0000000;7101.0000000;7095.0000000;7095.0000000;5
SPFB.AFLT-6.21;60;20201228;150000;7090.0000000;7090.0000000;7088.0000000;7088.0000000;4
SPFB.AFLT-6.21;60;20201228;190000;7125.0000000;7125.0000000;7125.0000000;7125.0000000;5
SPFB.AFLT-6.21;60;20201228;210000;7118.0000000;7118.0000000;7118.0000000;7118.0000000;1
SPFB.AFLT-6.21;60;20201228;230000;7100.0000000;7118.0000000;7100.0000000;7118.0000000;4
SPFB.AFLT-6.21;60;20201229;130000;7174.0000000;7194.0000000;7174.0000000;7179.0000000;5
SPFB.AFLT-6.21;60;20201229;140000;7214.0000000;7214.0000000;7214.0000000;7214.0000000;1
SPFB.AFLT-6.21;60;20201229;150000;7234.0000000;7294.0000000;7234.0000000;7294.0000000;4
SPFB.AFLT-6.21;60;20201229;190000;7232.0000000;7232.0000000;7229.0000000;7229.0000000;3
SPFB.AFLT-6.21;60;20201230;110000;7240.0000000;7240.0000000;7240.0000000;7240.0000000;1
SPFB.AFLT-6.21;60;20201230;120000;7260.0000000;7260.0000000;7260.0000000;7260.0000000;1
SPFB.AFLT-6.21;60;20201230;150000;7314.0000000;7334.0000000;7314.0000000;7334.0000000;2
SPFB.AFLT-6.21;60;20201230;160000;7354.0000000;7354.0000000;7325.0000000;7325.0000000;11
SPFB.AFLT-6.21;60;20201230;180000;7301.0000000;7301.0000000;7301.0000000;7301.0000000;2
SPFB.AFLT-6.21;60;20201230;190000;7309.0000000;7309.0000000;7300.0000000;7300.0000000;5
SPFB.AFLT-6.21;60;20210104;110000;7354.0000000;7394.0000000;7354.0000000;7394.0000000;3
SPFB.AFLT-6.21;60;20210104;120000;7414.0000000;7414.0000000;7414.0000000;7414.0000000;1
SPFB.AFLT-6.21;60;20210104;130000;7434.0000000;7434.0000000;7434.0000000;7434.0000000;1
SPFB.AFLT-6.21;60;20210104;160000;7420.0000000;7420.0000000;7420.0000000;7420.0000000;4
SPFB.AFLT-6.21;60;20210104;180000;7407.0000000;7407.0000000;7400.0000000;7400.0000000;2
SPFB.AFLT-6.21;60;20210104;200000;7350.0000000;7350.0000000;7350.0000000;7350.0000000;10
SPFB.AFLT-6.21;60;20210104;210000;7337.0000000;7337.0000000;7337.0000000;7337.0000000;2
SPFB.AFLT-6.21;60;20210105;000000;7370.0000000;7474.0000000;7370.0000000;7474.0000000;20
SPFB.AFLT-6.21;60;20210105;130000;7385.0000000;7385.0000000;7381.0000000;7381.0000000;5
SPFB.AFLT-6.21;60;20210105;150000;7415.0000000;7415.0000000;7381.0000000;7381.0000000;10
SPFB.AFLT-6.21;60;20210105;170000;7381.0000000;7381.0000000;7381.0000000;7381.0000000;16
SPFB.AFLT-6.21;60;20210106;110000;7474.0000000;7514.0000000;7474.0000000;7499.0000000;12
SPFB.AFLT-6.21;60;20210106;140000;7480.0000000;7480.0000000;7427.0000000;7446.0000000;7
SPFB.AFLT-6.21;60;20210106;180000;7464.0000000;7464.0000000;7464.0000000;7464.0000000;1
SPFB.AFLT-6.21;60;20210106;190000;7476.0000000;7476.0000000;7476.0000000;7476.0000000;10
SPFB.AFLT-6.21;60;20210108;120000;7476.0000000;7476.0000000;7476.0000000;7476.0000000;1
SPFB.AFLT-6.21;60;20210108;140000;7460.0000000;7460.0000000;7450.0000000;7450.0000000;23
SPFB.AFLT-6.21;60;20210108;170000;7476.0000000;7476.0000000;7476.0000000;7476.0000000;1
SPFB.AFLT-6.21;60;20210108;180000;7495.0000000;7495.0000000;7472.0000000;7472.0000000;27
SPFB.AFLT-6.21;60;20210108;190000;7462.0000000;7462.0000000;7460.0000000;7460.0000000;12
SPFB.AFLT-6.21;60;20210108;220000;7437.0000000;7438.0000000;7437.0000000;7438.0000000;3
SPFB.AFLT-6.21;60;20210111;110000;7438.0000000;7464.0000000;7420.0000000;7464.0000000;141
SPFB.AFLT-6.21;60;20210111;120000;7505.0000000;7534.0000000;7505.0000000;7534.0000000;10
SPFB.AFLT-6.21;60;20210111;130000;7554.0000000;7570.0000000;7530.0000000;7570.0000000;179
SPFB.AFLT-6.21;60;20210111;170000;7502.0000000;7502.0000000;7501.0000000;7501.0000000;12
SPFB.AFLT-6.21;60;20210111;180000;7424.0000000;7424.0000000;7424.0000000;7424.0000000;148
SPFB.AFLT-6.21;60;20210112;110000;7540.0000000;7574.0000000;7540.0000000;7574.0000000;23
SPFB.AFLT-6.21;60;20210112;120000;7540.0000000;7540.0000000;7540.0000000;7540.0000000;1
SPFB.AFLT-6.21;60;20210112;130000;7581.0000000;7581.0000000;7581.0000000;7581.0000000;1
SPFB.AFLT-6.21;60;20210112;160000;7540.0000000;7540.0000000;7540.0000000;7540.0000000;4
SPFB.AFLT-6.21;60;20210112;170000;7500.0000000;7500.0000000;7494.0000000;7494.0000000;6
SPFB.AFLT-6.21;60;20210113;000000;7550.0000000;7550.0000000;7550.0000000;7550.0000000;5
SPFB.AFLT-6.21;60;20210113;120000;7465.0000000;7465.0000000;7462.0000000;7462.0000000;4
SPFB.AFLT-6.21;60;20210113;130000;7485.0000000;7485.0000000;7485.0000000;7485.0000000;2
SPFB.AFLT-6.21;60;20210113;140000;7465.0000000;7465.0000000;7465.0000000;7465.0000000;2
SPFB.AFLT-6.21;60;20210113;150000;7462.0000000;7462.0000000;7462.0000000;7462.0000000;5
SPFB.AFLT-6.21;60;20210113;160000;7451.0000000;7451.0000000;7451.0000000;7451.0000000;5
SPFB.AFLT-6.21;60;20210113;190000;7454.0000000;7489.0000000;7454.0000000;7489.0000000;20
SPFB.AFLT-6.21;60;20210113;200000;7530.0000000;7530.0000000;7480.0000000;7480.0000000;32
SPFB.AFLT-6.21;60;20210113;210000;7500.0000000;7500.0000000;7500.0000000;7500.0000000;20
SPFB.AFLT-6.21;60;20210114;110000;7425.0000000;7425.0000000;7424.0000000;7424.0000000;49
SPFB.AFLT-6.21;60;20210114;130000;7425.0000000;7437.0000000;7417.0000000;7421.0000000;84
SPFB.AFLT-6.21;60;20210114;150000;7418.0000000;7418.0000000;7418.0000000;7418.0000000;10
SPFB.AFLT-6.21;60;20210114;160000;7418.0000000;7435.0000000;7418.0000000;7435.0000000;11
SPFB.AFLT-6.21;60;20210114;170000;7437.0000000;7437.0000000;7400.0000000;7400.0000000;40
SPFB.AFLT-6.21;60;20210114;190000;7435.0000000;7453.0000000;7435.0000000;7453.0000000;21
SPFB.AFLT-6.21;60;20210114;200000;7453.0000000;7490.0000000;7453.0000000;7490.0000000;6
SPFB.AFLT-6.21;60;20210114;220000;7453.0000000;7453.0000000;7453.0000000;7453.0000000;20
SPFB.AFLT-6.21;60;20210115;110000;7453.0000000;7453.0000000;7453.0000000;7453.0000000;5
SPFB.AFLT-6.21;60;20210115;120000;7450.0000000;7480.0000000;7450.0000000;7480.0000000;4
SPFB.AFLT-6.21;60;20210115;130000;7507.0000000;7507.0000000;7507.0000000;7507.0000000;2
SPFB.AFLT-6.21;60;20210115;140000;7499.0000000;7499.0000000;7499.0000000;7499.0000000;7
SPFB.AFLT-6.21;60;20210115;160000;7478.0000000;7478.0000000;7400.0000000;7400.0000000;141
SPFB.AFLT-6.21;60;20210115;170000;7368.0000000;7368.0000000;7355.0000000;7355.0000000;11
SPFB.AFLT-6.21;60;20210115;180000;7400.0000000;7400.0000000;7400.0000000;7400.0000000;5
SPFB.AFLT-6.21;60;20210115;190000;7355.0000000;7388.0000000;7355.0000000;7388.0000000;3
SPFB.AFLT-6.21;60;20210115;200000;7382.0000000;7388.0000000;7355.0000000;7355.0000000;7
SPFB.AFLT-6.21;60;20210115;210000;7378.0000000;7378.0000000;7378.0000000;7378.0000000;1
SPFB.AFLT-6.21;60;20210115;230000;7357.0000000;7357.0000000;7357.0000000;7357.0000000;1
SPFB.AFLT-6.21;60;20210118;110000;7405.0000000;7421.0000000;7386.0000000;7386.0000000;42
SPFB.AFLT-6.21;60;20210118;120000;7382.0000000;7382.0000000;7382.0000000;7382.0000000;2
SPFB.AFLT-6.21;60;20210118;130000;7382.0000000;7382.0000000;7370.0000000;7370.0000000;8
SPFB.AFLT-6.21;60;20210118;150000;7398.0000000;7400.0000000;7398.0000000;7400.0000000;76
SPFB.AFLT-6.21;60;20210118;160000;7390.0000000;7390.0000000;7390.0000000;7390.0000000;2
SPFB.AFLT-6.21;60;20210118;190000;7377.0000000;7377.0000000;7377.0000000;7377.0000000;3
SPFB.AFLT-6.21;60;20210118;210000;7399.0000000;7399.0000000;7399.0000000;7399.0000000;3
SPFB.AFLT-6.21;60;20210119;110000;7463.0000000;7494.0000000;7463.0000000;7494.0000000;6
SPFB.AFLT-6.21;60;20210119;130000;7527.0000000;7527.0000000;7527.0000000;7527.0000000;2
SPFB.AFLT-6.21;60;20210119;140000;7515.0000000;7515.0000000;7500.0000000;7500.0000000;9
SPFB.AFLT-6.21;60;20210119;150000;7565.0000000;7565.0000000;7565.0000000;7565.0000000;1
SPFB.AFLT-6.21;60;20210119;160000;7556.0000000;7560.0000000;7556.0000000;7560.0000000;2
SPFB.AFLT-6.21;60;20210119;170000;7550.0000000;7552.0000000;7528.0000000;7528.0000000;35
SPFB.AFLT-6.21;60;20210119;180000;7507.0000000;7532.0000000;7489.0000000;7489.0000000;54
SPFB.AFLT-6.21;60;20210119;190000;7479.0000000;7498.0000000;7471.0000000;7498.0000000;37
SPFB.AFLT-6.21;60;20210119;200000;7471.0000000;7471.0000000;7471.0000000;7471.0000000;5
SPFB.AFLT-6.21;60;20210120;110000;7500.0000000;7500.0000000;7500.0000000;7500.0000000;2
SPFB.AFLT-6.21;60;20210120;120000;7535.0000000;7535.0000000;7535.0000000;7535.0000000;5
SPFB.AFLT-6.21;60;20210120;130000;7529.0000000;7529.0000000;7529.0000000;7529.0000000;5
SPFB.AFLT-6.21;60;20210120;140000;7543.0000000;7554.0000000;7543.0000000;7554.0000000;10
SPFB.AFLT-6.21;60;20210120;150000;7512.0000000;7512.0000000;7480.0000000;7484.0000000;13
SPFB.AFLT-6.21;60;20210120;160000;7474.0000000;7474.0000000;7474.0000000;7474.0000000;9
SPFB.AFLT-6.21;60;20210120;180000;7476.0000000;7497.0000000;7476.0000000;7480.0000000;11
SPFB.AFLT-6.21;60;20210120;190000;7491.0000000;7525.0000000;7486.0000000;7486.0000000;35
SPFB.AFLT-6.21;60;20210121;110000;7478.0000000;7478.0000000;7478.0000000;7478.0000000;5
SPFB.AFLT-6.21;60;20210121;120000;7451.0000000;7451.0000000;7363.0000000;7367.0000000;87
SPFB.AFLT-6.21;60;20210121;130000;7355.0000000;7355.0000000;7300.0000000;7326.0000000;35
SPFB.AFLT-6.21;60;20210121;170000;7396.0000000;7408.0000000;7396.0000000;7408.0000000;17
SPFB.AFLT-6.21;60;20210121;180000;7396.0000000;7396.0000000;7396.0000000;7396.0000000;5
SPFB.AFLT-6.21;60;20210121;190000;7388.0000000;7388.0000000;7388.0000000;7388.0000000;8
SPFB.AFLT-6.21;60;20210121;220000;7391.0000000;7392.0000000;7391.0000000;7392.0000000;26
SPFB.AFLT-6.21;60;20210122;110000;7360.0000000;7360.0000000;7245.0000000;7277.0000000;36
SPFB.AFLT-6.21;60;20210122;120000;7247.0000000;7247.0000000;7247.0000000;7247.0000000;1
SPFB.AFLT-6.21;60;20210122;150000;7300.0000000;7300.0000000;7300.0000000;7300.0000000;10
SPFB.AFLT-6.21;60;20210122;160000;7341.0000000;7341.0000000;7340.0000000;7340.0000000;5
SPFB.AFLT-6.21;60;20210122;170000;7321.0000000;7321.0000000;7317.0000000;7317.0000000;2
SPFB.AFLT-6.21;60;20210122;190000;7371.0000000;7371.0000000;7371.0000000;7371.0000000;2
SPFB.AFLT-6.21;60;20210123;000000;7330.0000000;7330.0000000;7330.0000000;7330.0000000;7
SPFB.AFLT-6.21;60;20210125;110000;7309.0000000;7309.0000000;7234.0000000;7236.0000000;49
SPFB.AFLT-6.21;60;20210125;120000;7230.0000000;7242.0000000;7217.0000000;7236.0000000;63
SPFB.AFLT-6.21;60;20210125;130000;7232.0000000;7238.0000000;7197.0000000;7220.0000000;114
SPFB.AFLT-6.21;60;20210125;140000;7220.0000000;7220.0000000;7203.0000000;7220.0000000;30
SPFB.AFLT-6.21;60;20210125;150000;7232.0000000;7232.0000000;7147.0000000;7147.0000000;19
SPFB.AFLT-6.21;60;20210125;160000;7173.0000000;7199.0000000;7173.0000000;7185.0000000;24
SPFB.AFLT-6.21;60;20210125;170000;7185.0000000;7193.0000000;7185.0000000;7191.0000000;21
SPFB.AFLT-6.21;60;20210125;180000;7205.0000000;7207.0000000;7205.0000000;7207.0000000;10
SPFB.AFLT-6.21;60;20210125;200000;7198.0000000;7198.0000000;7198.0000000;7198.0000000;1
SPFB.AFLT-6.21;60;20210125;220000;7240.0000000;7244.0000000;7240.0000000;7244.0000000;2
SPFB.AFLT-6.21;60;20210126;000000;7244.0000000;7244.0000000;7244.0000000;7244.0000000;3
SPFB.AFLT-6.21;60;20210126;120000;7205.0000000;7205.0000000;7200.0000000;7200.0000000;11
SPFB.AFLT-6.21;60;20210126;130000;7242.0000000;7242.0000000;7242.0000000;7242.0000000;3
SPFB.AFLT-6.21;60;20210126;140000;7190.0000000;7190.0000000;7190.0000000;7190.0000000;2
SPFB.AFLT-6.21;60;20210126;150000;7210.0000000;7212.0000000;7210.0000000;7212.0000000;100
SPFB.AFLT-6.21;60;20210126;160000;7194.0000000;7194.0000000;7194.0000000;7194.0000000;1
SPFB.AFLT-6.21;60;20210126;170000;7218.0000000;7224.0000000;7180.0000000;7180.0000000;30
SPFB.AFLT-6.21;60;20210126;180000;7184.0000000;7198.0000000;7176.0000000;7198.0000000;9
SPFB.AFLT-6.21;60;20210126;190000;7155.0000000;7155.0000000;7152.0000000;7152.0000000;5
SPFB.AFLT-6.21;60;20210126;200000;7205.0000000;7205.0000000;7193.0000000;7198.0000000;8
SPFB.AFLT-6.21;60;20210126;220000;7198.0000000;7198.0000000;7190.0000000;7190.0000000;12
SPFB.AFLT-6.21;60;20210127;110000;7229.0000000;7240.0000000;7210.0000000;7240.0000000;10
SPFB.AFLT-6.21;60;20210127;120000;7232.0000000;7232.0000000;7200.0000000;7200.0000000;24
SPFB.AFLT-6.21;60;20210127;130000;7200.0000000;7200.0000000;7140.0000000;7140.0000000;34
SPFB.AFLT-6.21;60;20210127;140000;7145.0000000;7161.0000000;7135.0000000;7152.0000000;46
SPFB.AFLT-6.21;60;20210127;150000;7141.0000000;7141.0000000;7130.0000000;7130.0000000;2
SPFB.AFLT-6.21;60;20210127;160000;7144.0000000;7144.0000000;7144.0000000;7144.0000000;1
SPFB.AFLT-6.21;60;20210127;170000;7140.0000000;7140.0000000;7128.0000000;7128.0000000;8
SPFB.AFLT-6.21;60;20210127;180000;7128.0000000;7128.0000000;7128.0000000;7128.0000000;1
SPFB.AFLT-6.21;60;20210127;190000;7146.0000000;7171.0000000;7146.0000000;7171.0000000;12
SPFB.AFLT-6.21;60;20210127;200000;7137.0000000;7137.0000000;7137.0000000;7137.0000000;14
SPFB.AFLT-6.21;60;20210127;210000;7137.0000000;7137.0000000;7137.0000000;7137.0000000;1
SPFB.AFLT-6.21;60;20210127;230000;7151.0000000;7155.0000000;7151.0000000;7155.0000000;6
SPFB.AFLT-6.21;60;20210128;000000;7142.0000000;7142.0000000;7125.0000000;7125.0000000;5
SPFB.AFLT-6.21;60;20210128;110000;7116.0000000;7116.0000000;7050.0000000;7061.0000000;315
SPFB.AFLT-6.21;60;20210128;120000;7070.0000000;7070.0000000;7050.0000000;7050.0000000;30
SPFB.AFLT-6.21;60;20210128;130000;7049.0000000;7082.0000000;7037.0000000;7082.0000000;86
SPFB.AFLT-6.21;60;20210128;140000;7076.0000000;7076.0000000;7072.0000000;7074.0000000;9
SPFB.AFLT-6.21;60;20210128;150000;7056.0000000;7056.0000000;7056.0000000;7056.0000000;1
SPFB.AFLT-6.21;60;20210128;160000;7084.0000000;7084.0000000;7084.0000000;7084.0000000;1
SPFB.AFLT-6.21;60;20210128;170000;7120.0000000;7227.0000000;7120.0000000;7227.0000000;75
SPFB.AFLT-6.21;60;20210128;180000;7218.0000000;7233.0000000;7218.0000000;7233.0000000;10
SPFB.AFLT-6.21;60;20210128;190000;7159.0000000;7191.0000000;7150.0000000;7191.0000000;38
SPFB.AFLT-6.21;60;20210128;210000;7192.0000000;7230.0000000;7192.0000000;7229.0000000;20
SPFB.AFLT-6.21;60;20210128;220000;7178.0000000;7178.0000000;7178.0000000;7178.0000000;5
SPFB.AFLT-6.21;60;20210129;000000;7221.0000000;7221.0000000;7221.0000000;7221.0000000;2
SPFB.AFLT-6.21;60;20210129;110000;7188.0000000;7250.0000000;7168.0000000;7250.0000000;42
SPFB.AFLT-6.21;60;20210129;120000;7180.0000000;7180.0000000;7125.0000000;7152.0000000;79
SPFB.AFLT-6.21;60;20210129;130000;7156.0000000;7175.0000000;7141.0000000;7144.0000000;25
SPFB.AFLT-6.21;60;20210129;140000;7144.0000000;7144.0000000;7144.0000000;7144.0000000;1
SPFB.AFLT-6.21;60;20210129;150000;7148.0000000;7178.0000000;7148.0000000;7170.0000000;29
SPFB.AFLT-6.21;60;20210129;160000;7152.0000000;7152.0000000;7152.0000000;7152.0000000;1
SPFB.AFLT-6.21;60;20210129;170000;7119.0000000;7131.0000000;7117.0000000;7131.0000000;37
SPFB.AFLT-6.21;60;20210129;180000;7152.0000000;7152.0000000;7118.0000000;7123.0000000;8
SPFB.AFLT-6.21;60;20210129;190000;7121.0000000;7123.0000000;7091.0000000;7093.0000000;26
SPFB.AFLT-6.21;60;20210129;200000;7144.0000000;7147.0000000;7144.0000000;7146.0000000;63
SPFB.AFLT-6.21;60;20210129;210000;7139.0000000;7139.0000000;7139.0000000;7139.0000000;12
SPFB.AFLT-6.21;60;20210129;220000;7138.0000000;7138.0000000;7138.0000000;7138.0000000;32
SPFB.AFLT-6.21;60;20210129;230000;7110.0000000;7110.0000000;7110.0000000;7110.0000000;2
SPFB.AFLT-6.21;60;20210130;000000;7110.0000000;7110.0000000;7110.0000000;7110.0000000;18
SPFB.AFLT-6.21;60;20210201;110000;7178.0000000;7179.0000000;7096.0000000;7096.0000000;27
SPFB.AFLT-6.21;60;20210201;120000;7076.0000000;7112.0000000;7057.0000000;7112.0000000;164
SPFB.AFLT-6.21;60;20210201;140000;7130.0000000;7130.0000000;7075.0000000;7075.0000000;30
SPFB.AFLT-6.21;60;20210201;150000;7098.0000000;7098.0000000;7098.0000000;7098.0000000;10
SPFB.AFLT-6.21;60;20210201;160000;7118.0000000;7118.0000000;7118.0000000;7118.0000000;9
SPFB.AFLT-6.21;60;20210201;170000;7118.0000000;7130.0000000;7114.0000000;7130.0000000;24
SPFB.AFLT-6.21;60;20210201;180000;7108.0000000;7108.0000000;7108.0000000;7108.0000000;10
SPFB.AFLT-6.21;60;20210201;190000;7085.0000000;7120.0000000;7085.0000000;7120.0000000;12
SPFB.AFLT-6.21;60;20210201;210000;7136.0000000;7136.0000000;7136.0000000;7136.0000000;8
SPFB.AFLT-6.21;60;20210201;220000;7137.0000000;7137.0000000;7137.0000000;7137.0000000;1
SPFB.AFLT-6.21;60;20210201;230000;7121.0000000;7121.0000000;7121.0000000;7121.0000000;1
SPFB.AFLT-6.21;60;20210202;000000;7125.0000000;7150.0000000;7124.0000000;7150.0000000;10
SPFB.AFLT-6.21;60;20210202;110000;7121.0000000;7160.0000000;7121.0000000;7160.0000000;22
SPFB.AFLT-6.21;60;20210202;120000;7173.0000000;7173.0000000;7173.0000000;7173.0000000;1
SPFB.AFLT-6.21;60;20210202;140000;7176.0000000;7178.0000000;7176.0000000;7178.0000000;2
SPFB.AFLT-6.21;60;20210202;180000;7192.0000000;7195.0000000;7186.0000000;7186.0000000;13
SPFB.AFLT-6.21;60;20210202;190000;7170.0000000;7207.0000000;7170.0000000;7189.0000000;23
SPFB.AFLT-6.21;60;20210202;210000;7198.0000000;7198.0000000;7177.0000000;7177.0000000;25
SPFB.AFLT-6.21;60;20210202;220000;7161.0000000;7176.0000000;7161.0000000;7176.0000000;4
SPFB.AFLT-6.21;60;20210202;230000;7130.0000000;7130.0000000;7130.0000000;7130.0000000;10
SPFB.AFLT-6.21;60;20210203;120000;7192.0000000;7196.0000000;7192.0000000;7196.0000000;10
SPFB.AFLT-6.21;60;20210203;130000;7170.0000000;7170.0000000;7170.0000000;7170.0000000;2
SPFB.AFLT-6.21;60;20210203;150000;7175.0000000;7201.0000000;7175.0000000;7201.0000000;20
SPFB.AFLT-6.21;60;20210203;160000;7213.0000000;7213.0000000;7160.0000000;7160.0000000;12
SPFB.AFLT-6.21;60;20210203;180000;7167.0000000;7167.0000000;7167.0000000;7167.0000000;9
SPFB.AFLT-6.21;60;20210203;210000;7173.0000000;7178.0000000;7173.0000000;7178.0000000;40
SPFB.AFLT-6.21;60;20210204;110000;7210.0000000;7210.0000000;7206.0000000;7206.0000000;20
SPFB.AFLT-6.21;60;20210204;120000;7211.0000000;7211.0000000;7211.0000000;7211.0000000;10
SPFB.AFLT-6.21;60;20210204;130000;7199.0000000;7199.0000000;7178.0000000;7178.0000000;2
SPFB.AFLT-6.21;60;20210204;160000;7168.0000000;7168.0000000;7168.0000000;7168.0000000;20
SPFB.AFLT-6.21;60;20210204;170000;7157.0000000;7157.0000000;7148.0000000;7148.0000000;37
SPFB.AFLT-6.21;60;20210204;180000;7149.0000000;7151.0000000;7149.0000000;7151.0000000;2
SPFB.AFLT-6.21;60;20210204;190000;7152.0000000;7152.0000000;7148.0000000;7148.0000000;26
SPFB.AFLT-6.21;60;20210205;000000;7178.0000000;7188.0000000;7150.0000000;7150.0000000;9
SPFB.AFLT-6.21;60;20210205;110000;7195.0000000;7209.0000000;7183.0000000;7185.0000000;9
SPFB.AFLT-6.21;60;20210205;130000;7190.0000000;7190.0000000;7190.0000000;7190.0000000;15
SPFB.AFLT-6.21;60;20210205;140000;7190.0000000;7210.0000000;7190.0000000;7210.0000000;19
SPFB.AFLT-6.21;60;20210205;150000;7210.0000000;7229.0000000;7210.0000000;7229.0000000;60
SPFB.AFLT-6.21;60;20210205;160000;7220.0000000;7220.0000000;7174.0000000;7174.0000000;12
SPFB.AFLT-6.21;60;20210205;170000;7175.0000000;7175.0000000;7175.0000000;7175.0000000;8
SPFB.AFLT-6.21;60;20210205;180000;7190.0000000;7190.0000000;7178.0000000;7178.0000000;7
SPFB.AFLT-6.21;60;20210205;190000;7178.0000000;7178.0000000;7160.0000000;7174.0000000;41
SPFB.AFLT-6.21;60;20210205;200000;7174.0000000;7174.0000000;7151.0000000;7151.0000000;104
SPFB.AFLT-6.21;60;20210205;230000;7188.0000000;7200.0000000;7188.0000000;7200.0000000;48
SPFB.AFLT-6.21;60;20210208;110000;7216.0000000;7250.0000000;7206.0000000;7220.0000000;49
SPFB.AFLT-6.21;60;20210208;120000;7220.0000000;7220.0000000;7220.0000000;7220.0000000;3
SPFB.AFLT-6.21;60;20210208;130000;7220.0000000;7220.0000000;7182.0000000;7182.0000000;15
SPFB.AFLT-6.21;60;20210208;160000;7219.0000000;7250.0000000;7219.0000000;7250.0000000;100
SPFB.AFLT-6.21;60;20210208;170000;7189.0000000;7189.0000000;7189.0000000;7189.0000000;13
SPFB.AFLT-6.21;60;20210208;190000;7236.0000000;7236.0000000;7202.0000000;7202.0000000;22
SPFB.AFLT-6.21;60;20210208;200000;7218.0000000;7218.0000000;7218.0000000;7218.0000000;5
SPFB.AFLT-6.21;60;20210208;210000;7215.0000000;7215.0000000;7215.0000000;7215.0000000;2
SPFB.AFLT-6.21;60;20210208;220000;7221.0000000;7251.0000000;7218.0000000;7251.0000000;75
SPFB.AFLT-6.21;60;20210208;230000;7250.0000000;7250.0000000;7250.0000000;7250.0000000;5
SPFB.AFLT-6.21;60;20210209;000000;7250.0000000;7250.0000000;7250.0000000;7250.0000000;10
SPFB.AFLT-6.21;60;20210209;110000;7220.0000000;7220.0000000;7211.0000000;7211.0000000;26
SPFB.AFLT-6.21;60;20210209;120000;7221.0000000;7221.0000000;7178.0000000;7180.0000000;97
SPFB.AFLT-6.21;60;20210209;130000;7159.0000000;7177.0000000;7150.0000000;7165.0000000;120
SPFB.AFLT-6.21;60;20210209;140000;7177.0000000;7177.0000000;7170.0000000;7170.0000000;33
SPFB.AFLT-6.21;60;20210209;150000;7155.0000000;7155.0000000;7150.0000000;7150.0000000;15
SPFB.AFLT-6.21;60;20210209;160000;7156.0000000;7156.0000000;7156.0000000;7156.0000000;1
SPFB.AFLT-6.21;60;20210209;170000;7155.0000000;7156.0000000;7150.0000000;7150.0000000;8
SPFB.AFLT-6.21;60;20210209;180000;7145.0000000;7150.0000000;7142.0000000;7142.0000000;15
SPFB.AFLT-6.21;60;20210209;190000;7140.0000000;7140.0000000;7125.0000000;7125.0000000;73
SPFB.AFLT-6.21;60;20210209;230000;7160.0000000;7178.0000000;7160.0000000;7178.0000000;10
SPFB.AFLT-6.21;60;20210210;110000;7166.0000000;7181.0000000;7160.0000000;7160.0000000;17
SPFB.AFLT-6.21;60;20210210;120000;7136.0000000;7136.0000000;7100.0000000;7100.0000000;28
SPFB.AFLT-6.21;60;20210210;130000;7122.0000000;7122.0000000;7122.0000000;7122.0000000;1
SPFB.AFLT-6.21;60;20210210;140000;7122.0000000;7122.0000000;7116.0000000;7116.0000000;10
SPFB.AFLT-6.21;60;20210210;150000;7100.0000000;7109.0000000;7061.0000000;7061.0000000;38
SPFB.AFLT-6.21;60;20210210;160000;7077.0000000;7077.0000000;7050.0000000;7050.0000000;38
SPFB.AFLT-6.21;60;20210210;170000;7071.0000000;7075.0000000;7050.0000000;7069.0000000;73
SPFB.AFLT-6.21;60;20210210;180000;7055.0000000;7055.0000000;7012.0000000;7012.0000000;75
SPFB.AFLT-6.21;60;20210210;190000;7020.0000000;7020.0000000;6950.0000000;6960.0000000;236
SPFB.AFLT-6.21;60;20210210;200000;7020.0000000;7045.0000000;7011.0000000;7025.0000000;14
SPFB.AFLT-6.21;60;20210210;210000;7017.0000000;7017.0000000;7017.0000000;7017.0000000;2
SPFB.AFLT-6.21;60;20210210;220000;7045.0000000;7045.0000000;7045.0000000;7045.0000000;2
SPFB.AFLT-6.21;60;20210210;230000;7047.0000000;7050.0000000;7047.0000000;7050.0000000;12
SPFB.AFLT-6.21;60;20210211;110000;7019.0000000;7063.0000000;6990.0000000;6990.0000000;17
SPFB.AFLT-6.21;60;20210211;120000;6999.0000000;7120.0000000;6999.0000000;7013.0000000;77
SPFB.AFLT-6.21;60;20210211;130000;7011.0000000;7012.0000000;7011.0000000;7011.0000000;53
SPFB.AFLT-6.21;60;20210211;140000;7000.0000000;7000.0000000;6993.0000000;6993.0000000;8
SPFB.AFLT-6.21;60;20210211;150000;6993.0000000;6993.0000000;6990.0000000;6990.0000000;7
SPFB.AFLT-6.21;60;20210211;160000;6989.0000000;6997.0000000;6989.0000000;6993.0000000;13
SPFB.AFLT-6.21;60;20210211;170000;6999.0000000;7015.0000000;6993.0000000;7015.0000000;25
SPFB.AFLT-6.21;60;20210211;180000;7019.0000000;7031.0000000;7007.0000000;7016.0000000;50
SPFB.AFLT-6.21;60;20210211;190000;7015.0000000;7015.0000000;6996.0000000;6996.0000000;10
SPFB.AFLT-6.21;60;20210211;200000;7010.0000000;7010.0000000;7000.0000000;7007.0000000;14
SPFB.AFLT-6.21;60;20210211;220000;7007.0000000;7007.0000000;7007.0000000;7007.0000000;5
SPFB.AFLT-6.21;60;20210211;230000;7007.0000000;7007.0000000;6996.0000000;6996.0000000;6
SPFB.AFLT-6.21;60;20210212;110000;6996.0000000;7005.0000000;6950.0000000;6950.0000000;106
SPFB.AFLT-6.21;60;20210212;120000;6951.0000000;6951.0000000;6917.0000000;6930.0000000;50
SPFB.AFLT-6.21;60;20210212;130000;6970.0000000;7000.0000000;6970.0000000;7000.0000000;115
SPFB.AFLT-6.21;60;20210212;150000;6986.0000000;6986.0000000;6985.0000000;6985.0000000;12
SPFB.AFLT-6.21;60;20210212;160000;7000.0000000;7020.0000000;7000.0000000;7020.0000000;13
SPFB.AFLT-6.21;60;20210212;170000;7000.0000000;7000.0000000;7000.0000000;7000.0000000;1
SPFB.AFLT-6.21;60;20210212;180000;6980.0000000;6980.0000000;6980.0000000;6980.0000000;10
SPFB.AFLT-6.21;60;20210212;190000;6990.0000000;7004.0000000;6990.0000000;7004.0000000;8
SPFB.AFLT-6.21;60;20210212;200000;7036.0000000;7037.0000000;7027.0000000;7037.0000000;7
SPFB.AFLT-6.21;60;20210212;210000;7030.0000000;7037.0000000;7030.0000000;7037.0000000;4
SPFB.AFLT-6.21;60;20210212;220000;7036.0000000;7037.0000000;7036.0000000;7037.0000000;3
SPFB.AFLT-6.21;60;20210212;230000;7021.0000000;7037.0000000;7021.0000000;7037.0000000;31
SPFB.AFLT-6.21;60;20210215;110000;7052.0000000;7091.0000000;7002.0000000;7073.0000000;10
SPFB.AFLT-6.21;60;20210215;120000;7073.0000000;7073.0000000;7030.0000000;7055.0000000;82
SPFB.AFLT-6.21;60;20210215;130000;7026.0000000;7026.0000000;7026.0000000;7026.0000000;5
SPFB.AFLT-6.21;60;20210215;140000;7004.0000000;7033.0000000;7000.0000000;7015.0000000;54
SPFB.AFLT-6.21;60;20210215;150000;7005.0000000;7005.0000000;7005.0000000;7005.0000000;2
SPFB.AFLT-6.21;60;20210215;160000;7009.0000000;7009.0000000;7009.0000000;7009.0000000;2
SPFB.AFLT-6.21;60;20210215;170000;7005.0000000;7005.0000000;6995.0000000;6995.0000000;35
SPFB.AFLT-6.21;60;20210215;180000;7000.0000000;7007.0000000;7000.0000000;7007.0000000;2
SPFB.AFLT-6.21;60;20210215;190000;7020.0000000;7023.0000000;7020.0000000;7023.0000000;4
SPFB.AFLT-6.21;60;20210215;200000;7007.0000000;7054.0000000;7007.0000000;7054.0000000;3
SPFB.AFLT-6.21;60;20210215;210000;7030.0000000;7058.0000000;7030.0000000;7058.0000000;111
SPFB.AFLT-6.21;60;20210215;230000;7073.0000000;7073.0000000;7070.0000000;7070.0000000;3
SPFB.AFLT-6.21;60;20210216;000000;7056.0000000;7056.0000000;7056.0000000;7056.0000000;2
SPFB.AFLT-6.21;60;20210216;110000;7032.0000000;7053.0000000;7027.0000000;7049.0000000;44
SPFB.AFLT-6.21;60;20210216;120000;7062.0000000;7062.0000000;7054.0000000;7057.0000000;23
SPFB.AFLT-6.21;60;20210216;130000;7049.0000000;7049.0000000;7049.0000000;7049.0000000;6
SPFB.AFLT-6.21;60;20210216;140000;7024.0000000;7024.0000000;7024.0000000;7024.0000000;1
SPFB.AFLT-6.21;60;20210216;150000;7022.0000000;7022.0000000;7002.0000000;7002.0000000;54
SPFB.AFLT-6.21;60;20210216;160000;7018.0000000;7022.0000000;7018.0000000;7022.0000000;23
SPFB.AFLT-6.21;60;20210216;180000;7002.0000000;7041.0000000;7002.0000000;7026.0000000;40
SPFB.AFLT-6.21;60;20210216;190000;7012.0000000;7026.0000000;7012.0000000;7026.0000000;9
SPFB.AFLT-6.21;60;20210216;210000;7026.0000000;7026.0000000;7017.0000000;7017.0000000;14
SPFB.AFLT-6.21;60;20210216;220000;7016.0000000;7016.0000000;7016.0000000;7016.0000000;3
SPFB.AFLT-6.21;60;20210217;000000;7037.0000000;7067.0000000;7037.0000000;7067.0000000;19
SPFB.AFLT-6.21;60;20210217;110000;7067.0000000;7067.0000000;7030.0000000;7030.0000000;42
SPFB.AFLT-6.21;60;20210217;120000;7035.0000000;7035.0000000;7030.0000000;7030.0000000;40
SPFB.AFLT-6.21;60;20210217;130000;7030.0000000;7030.0000000;7030.0000000;7030.0000000;1
SPFB.AFLT-6.21;60;20210217;150000;7030.0000000;7030.0000000;7030.0000000;7030.0000000;5
SPFB.AFLT-6.21;60;20210217;180000;7011.0000000;7011.0000000;6995.0000000;6995.0000000;35
SPFB.AFLT-6.21;60;20210217;200000;6998.0000000;6998.0000000;6998.0000000;6998.0000000;1
SPFB.AFLT-6.21;60;20210217;210000;6998.0000000;6998.0000000;6998.0000000;6998.0000000;3
SPFB.AFLT-6.21;60;20210217;230000;6998.0000000;7018.0000000;6998.0000000;7018.0000000;6
SPFB.AFLT-6.21;60;20210218;000000;7038.0000000;7038.0000000;7038.0000000;7038.0000000;10
SPFB.AFLT-6.21;60;20210218;110000;7020.0000000;7031.0000000;7020.0000000;7020.0000000;26
SPFB.AFLT-6.21;60;20210218;120000;7014.0000000;7022.0000000;7014.0000000;7022.0000000;2
SPFB.AFLT-6.21;60;20210218;130000;7015.0000000;7015.0000000;7013.0000000;7013.0000000;6
SPFB.AFLT-6.21;60;20210218;150000;7002.0000000;7002.0000000;7002.0000000;7002.0000000;2
SPFB.AFLT-6.21;60;20210218;160000;7001.0000000;7001.0000000;7001.0000000;7001.0000000;1
SPFB.AFLT-6.21;60;20210218;170000;7000.0000000;7000.0000000;6995.0000000;7000.0000000;101
SPFB.AFLT-6.21;60;20210218;180000;6995.0000000;7000.0000000;6988.0000000;6988.0000000;156
SPFB.AFLT-6.21;60;20210218;190000;6988.0000000;6988.0000000;6987.0000000;6988.0000000;16
SPFB.AFLT-6.21;60;20210218;210000;6981.0000000;6981.0000000;6969.0000000;6969.0000000;21
SPFB.AFLT-6.21;60;20210218;220000;6972.0000000;6972.0000000;6972.0000000;6972.0000000;3
SPFB.AFLT-6.21;60;20210218;230000;6972.0000000;6972.0000000;6972.0000000;6972.0000000;1
SPFB.AFLT-6.21;60;20210219;110000;6999.0000000;7012.0000000;6983.0000000;6983.0000000;27
SPFB.AFLT-6.21;60;20210219;120000;7012.0000000;7012.0000000;7012.0000000;7012.0000000;1
SPFB.AFLT-6.21;60;20210219;130000;6997.0000000;6997.0000000;6997.0000000;6997.0000000;1
SPFB.AFLT-6.21;60;20210219;140000;7025.0000000;7025.0000000;7011.0000000;7011.0000000;8
SPFB.AFLT-6.21;60;20210219;150000;7000.0000000;7000.0000000;7000.0000000;7000.0000000;10
SPFB.AFLT-6.21;60;20210219;180000;6989.0000000;7010.0000000;6989.0000000;7008.0000000;5
SPFB.AFLT-6.21;60;20210219;200000;7018.0000000;7021.0000000;7018.0000000;7021.0000000;350
SPFB.AFLT-6.21;60;20210219;210000;7014.0000000;7014.0000000;7014.0000000;7014.0000000;1
SPFB.AFLT-6.21;60;20210220;150000;7029.0000000;7029.0000000;7029.0000000;7029.0000000;1
SPFB.AFLT-6.21;60;20210220;160000;7020.0000000;7023.0000000;7020.0000000;7023.0000000;14
SPFB.AFLT-6.21;60;20210220;190000;7023.0000000;7023.0000000;7023.0000000;7023.0000000;1
SPFB.AFLT-6.21;60;20210222;110000;7035.0000000;7035.0000000;7035.0000000;7035.0000000;10
SPFB.AFLT-6.21;60;20210222;120000;7047.0000000;7047.0000000;7035.0000000;7035.0000000;12
SPFB.AFLT-6.21;60;20210222;130000;7035.0000000;7035.0000000;7031.0000000;7031.0000000;7
SPFB.AFLT-6.21;60;20210222;140000;7031.0000000;7031.0000000;7021.0000000;7021.0000000;22
SPFB.AFLT-6.21;60;20210222;160000;7024.0000000;7024.0000000;7013.0000000;7013.0000000;78
SPFB.AFLT-6.21;60;20210222;170000;7013.0000000;7013.0000000;7013.0000000;7013.0000000;43
SPFB.AFLT-6.21;60;20210222;190000;7013.0000000;7013.0000000;7013.0000000;7013.0000000;24
SPFB.AFLT-6.21;60;20210224;110000;7020.0000000;7020.0000000;7008.0000000;7009.0000000;35
SPFB.AFLT-6.21;60;20210224;140000;7063.0000000;7082.0000000;7063.0000000;7082.0000000;3
SPFB.AFLT-6.21;60;20210224;150000;7102.0000000;7207.0000000;7095.0000000;7207.0000000;295
SPFB.AFLT-6.21;60;20210224;160000;7195.0000000;7195.0000000;7152.0000000;7159.0000000;33
SPFB.AFLT-6.21;60;20210224;170000;7179.0000000;7179.0000000;7138.0000000;7138.0000000;57
SPFB.AFLT-6.21;60;20210224;180000;7124.0000000;7130.0000000;7100.0000000;7100.0000000;148
SPFB.AFLT-6.21;60;20210224;190000;7090.0000000;7090.0000000;7069.0000000;7069.0000000;35
SPFB.AFLT-6.21;60;20210224;200000;7111.0000000;7111.0000000;7111.0000000;7111.0000000;16
SPFB.AFLT-6.21;60;20210224;210000;7133.0000000;7133.0000000;7107.0000000;7115.0000000;35
SPFB.AFLT-6.21;60;20210224;220000;7127.0000000;7127.0000000;7115.0000000;7120.0000000;19
SPFB.AFLT-6.21;60;20210224;230000;7120.0000000;7120.0000000;7120.0000000;7120.0000000;1
SPFB.AFLT-6.21;60;20210225;000000;7140.0000000;7150.0000000;7140.0000000;7150.0000000;14
SPFB.AFLT-6.21;60;20210225;110000;7177.0000000;7180.0000000;7120.0000000;7130.0000000;104
SPFB.AFLT-6.21;60;20210225;120000;7108.0000000;7108.0000000;7107.0000000;7107.0000000;19
SPFB.AFLT-6.21;60;20210225;130000;7115.0000000;7125.0000000;7113.0000000;7119.0000000;576
SPFB.AFLT-6.21;60;20210225;140000;7130.0000000;7135.0000000;7119.0000000;7119.0000000;34
SPFB.AFLT-6.21;60;20210225;150000;7119.0000000;7119.0000000;7070.0000000;7091.0000000;279
SPFB.AFLT-6.21;60;20210225;170000;7087.0000000;7087.0000000;7087.0000000;7087.0000000;5
SPFB.AFLT-6.21;60;20210225;180000;7117.0000000;7126.0000000;7117.0000000;7126.0000000;57
SPFB.AFLT-6.21;60;20210225;190000;7125.0000000;7126.0000000;7107.0000000;7115.0000000;115
SPFB.AFLT-6.21;60;20210225;200000;7107.0000000;7115.0000000;7107.0000000;7115.0000000;13
SPFB.AFLT-6.21;60;20210225;210000;7099.0000000;7099.0000000;7099.0000000;7099.0000000;1
SPFB.AFLT-6.21;60;20210225;220000;7085.0000000;7085.0000000;7085.0000000;7085.0000000;1
SPFB.AFLT-6.21;60;20210225;230000;7068.0000000;7082.0000000;7060.0000000;7082.0000000;14
SPFB.AFLT-6.21;60;20210226;000000;7080.0000000;7080.0000000;7072.0000000;7072.0000000;43
SPFB.AFLT-6.21;60;20210226;110000;7055.0000000;7060.0000000;7016.0000000;7029.0000000;122
SPFB.AFLT-6.21;60;20210226;120000;7057.0000000;7073.0000000;7057.0000000;7068.0000000;97
SPFB.AFLT-6.21;60;20210226;130000;7066.0000000;7078.0000000;7066.0000000;7066.0000000;141
SPFB.AFLT-6.21;60;20210226;140000;7074.0000000;7074.0000000;7074.0000000;7074.0000000;5
SPFB.AFLT-6.21;60;20210226;150000;7070.0000000;7070.0000000;7066.0000000;7066.0000000;3
SPFB.AFLT-6.21;60;20210226;160000;7098.0000000;7118.0000000;7098.0000000;7108.0000000;36
SPFB.AFLT-6.21;60;20210226;170000;7090.0000000;7108.0000000;7090.0000000;7108.0000000;53
SPFB.AFLT-6.21;60;20210226;190000;7052.0000000;7052.0000000;7033.0000000;7033.0000000;9
SPFB.AFLT-6.21;60;20210226;200000;7199.0000000;7199.0000000;7061.0000000;7063.0000000;17
SPFB.AFLT-6.21;60;20210226;210000;7070.0000000;7070.0000000;7068.0000000;7068.0000000;2
SPFB.AFLT-6.21;60;20210226;230000;7068.0000000;7068.0000000;7055.0000000;7055.0000000;5
SPFB.AFLT-6.21;60;20210227;000000;7079.0000000;7079.0000000;7079.0000000;7079.0000000;3
SPFB.AFLT-6.21;60;20210301;080000;7055.0000000;7055.0000000;7055.0000000;7055.0000000;11
SPFB.AFLT-6.21;60;20210301;090000;7055.0000000;7093.0000000;7055.0000000;7093.0000000;6
SPFB.AFLT-6.21;60;20210301;100000;7064.0000000;7064.0000000;7064.0000000;7064.0000000;2
SPFB.AFLT-6.21;60;20210301;110000;7094.0000000;7116.0000000;7088.0000000;7109.0000000;26
SPFB.AFLT-6.21;60;20210301;120000;7107.0000000;7115.0000000;7080.0000000;7115.0000000;84
SPFB.AFLT-6.21;60;20210301;130000;7100.0000000;7100.0000000;7067.0000000;7091.0000000;18
SPFB.AFLT-6.21;60;20210301;140000;7091.0000000;7093.0000000;7074.0000000;7093.0000000;30
SPFB.AFLT-6.21;60;20210301;150000;7094.0000000;7094.0000000;7088.0000000;7088.0000000;11
SPFB.AFLT-6.21;60;20210301;160000;7083.0000000;7083.0000000;7071.0000000;7081.0000000;10
SPFB.AFLT-6.21;60;20210301;170000;7079.0000000;7107.0000000;7063.0000000;7095.0000000;47
SPFB.AFLT-6.21;60;20210301;180000;7103.0000000;7107.0000000;7086.0000000;7107.0000000;18
SPFB.AFLT-6.21;60;20210301;190000;7133.0000000;7134.0000000;7122.0000000;7133.0000000;12
SPFB.AFLT-6.21;60;20210301;200000;7118.0000000;7126.0000000;7106.0000000;7106.0000000;11
SPFB.AFLT-6.21;60;20210301;210000;7124.0000000;7125.0000000;7124.0000000;7125.0000000;2
SPFB.AFLT-6.21;60;20210301;220000;7106.0000000;7131.0000000;7106.0000000;7131.0000000;29
SPFB.AFLT-6.21;60;20210301;230000;7126.0000000;7126.0000000;7126.0000000;7126.0000000;2
SPFB.AFLT-6.21;60;20210302;000000;7106.0000000;7106.0000000;7100.0000000;7100.0000000;232
SPFB.AFLT-6.21;60;20210302;080000;7100.0000000;7101.0000000;7100.0000000;7101.0000000;2
SPFB.AFLT-6.21;60;20210302;100000;7101.0000000;7140.0000000;7101.0000000;7140.0000000;21
SPFB.AFLT-6.21;60;20210302;110000;7116.0000000;7185.0000000;7104.0000000;7183.0000000;225
SPFB.AFLT-6.21;60;20210302;120000;7186.0000000;7207.0000000;7162.0000000;7185.0000000;238
SPFB.AFLT-6.21;60;20210302;130000;7170.0000000;7170.0000000;7170.0000000;7170.0000000;1
SPFB.AFLT-6.21;60;20210302;140000;7183.0000000;7183.0000000;7183.0000000;7183.0000000;1
SPFB.AFLT-6.21;60;20210302;150000;7177.0000000;7177.0000000;7177.0000000;7177.0000000;5
SPFB.AFLT-6.21;60;20210302;160000;7200.0000000;7200.0000000;7188.0000000;7196.0000000;31
SPFB.AFLT-6.21;60;20210302;180000;7192.0000000;7209.0000000;7190.0000000;7190.0000000;74
SPFB.AFLT-6.21;60;20210302;190000;7190.0000000;7190.0000000;7190.0000000;7190.0000000;8
SPFB.AFLT-6.21;60;20210302;200000;7182.0000000;7200.0000000;7182.0000000;7194.0000000;39
SPFB.AFLT-6.21;60;20210302;220000;7192.0000000;7192.0000000;7184.0000000;7185.0000000;9
SPFB.AFLT-6.21;60;20210302;230000;7196.0000000;7203.0000000;7185.0000000;7203.0000000;94
SPFB.AFLT-6.21;60;20210303;000000;7200.0000000;7210.0000000;7200.0000000;7210.0000000;13
SPFB.AFLT-6.21;60;20210303;080000;7175.0000000;7210.0000000;7150.0000000;7210.0000000;26
SPFB.AFLT-6.21;60;20210303;100000;7210.0000000;7210.0000000;7210.0000000;7210.0000000;3
SPFB.AFLT-6.21;60;20210303;110000;7223.0000000;7224.0000000;7198.0000000;7200.0000000;78
SPFB.AFLT-6.21;60;20210303;120000;7214.0000000;7214.0000000;7185.0000000;7185.0000000;71
SPFB.AFLT-6.21;60;20210303;130000;7188.0000000;7220.0000000;7188.0000000;7220.0000000;6
SPFB.AFLT-6.21;60;20210303;140000;7225.0000000;7262.0000000;7225.0000000;7228.0000000;108
SPFB.AFLT-6.21;60;20210303;150000;7238.0000000;7238.0000000;7229.0000000;7229.0000000;60
SPFB.AFLT-6.21;60;20210303;160000;7221.0000000;7221.0000000;7200.0000000;7200.0000000;74
SPFB.AFLT-6.21;60;20210303;170000;7193.0000000;7200.0000000;7111.0000000;7144.0000000;308
SPFB.AFLT-6.21;60;20210303;180000;7140.0000000;7186.0000000;7140.0000000;7186.0000000;158
SPFB.AFLT-6.21;60;20210303;190000;7165.0000000;7191.0000000;7165.0000000;7181.0000000;53
SPFB.AFLT-6.21;60;20210303;200000;7181.0000000;7181.0000000;7168.0000000;7168.0000000;13
SPFB.AFLT-6.21;60;20210303;210000;7168.0000000;7168.0000000;7168.0000000;7168.0000000;2
SPFB.AFLT-6.21;60;20210303;220000;7188.0000000;7188.0000000;7180.0000000;7180.0000000;4
SPFB.AFLT-6.21;60;20210303;230000;7172.0000000;7172.0000000;7172.0000000;7172.0000000;5
SPFB.AFLT-6.21;60;20210304;000000;7180.0000000;7180.0000000;7154.0000000;7154.0000000;56
SPFB.AFLT-6.21;60;20210304;080000;7154.0000000;7226.0000000;7140.0000000;7226.0000000;10
SPFB.AFLT-6.21;60;20210304;090000;7140.0000000;7200.0000000;7140.0000000;7200.0000000;4
SPFB.AFLT-6.21;60;20210304;100000;7140.0000000;7140.0000000;7140.0000000;7140.0000000;1
SPFB.AFLT-6.21;60;20210304;110000;7165.0000000;7165.0000000;7140.0000000;7140.0000000;35
SPFB.AFLT-6.21;60;20210304;120000;7150.0000000;7155.0000000;7115.0000000;7115.0000000;1079
SPFB.AFLT-6.21;60;20210304;130000;7115.0000000;7115.0000000;7042.0000000;7065.0000000;448
SPFB.AFLT-6.21;60;20210304;140000;7065.0000000;7070.0000000;7050.0000000;7070.0000000;114
SPFB.AFLT-6.21;60;20210304;150000;7072.0000000;7072.0000000;7040.0000000;7040.0000000;54
SPFB.AFLT-6.21;60;20210304;160000;7058.0000000;7070.0000000;7050.0000000;7062.0000000;150
SPFB.AFLT-6.21;60;20210304;170000;7055.0000000;7055.0000000;7046.0000000;7050.0000000;46
SPFB.AFLT-6.21;60;20210304;180000;7064.0000000;7072.0000000;7054.0000000;7065.0000000;223
SPFB.AFLT-6.21;60;20210304;190000;7085.0000000;7085.0000000;7065.0000000;7080.0000000;27
SPFB.AFLT-6.21;60;20210304;200000;7080.0000000;7110.0000000;7027.0000000;7110.0000000;302
SPFB.AFLT-6.21;60;20210304;210000;7098.0000000;7108.0000000;7075.0000000;7075.0000000;411
SPFB.AFLT-6.21;60;20210304;220000;7075.0000000;7075.0000000;7047.0000000;7047.0000000;253
SPFB.AFLT-6.21;60;20210304;230000;7047.0000000;7061.0000000;7047.0000000;7061.0000000;56
SPFB.AFLT-6.21;60;20210305;000000;7055.0000000;7055.0000000;7047.0000000;7047.0000000;60
SPFB.AFLT-6.21;60;20210305;080000;7047.0000000;7091.0000000;7047.0000000;7047.0000000;45
SPFB.AFLT-6.21;60;20210305;090000;7075.0000000;7075.0000000;7075.0000000;7075.0000000;4
SPFB.AFLT-6.21;60;20210305;100000;7102.0000000;7115.0000000;7063.0000000;7063.0000000;32
SPFB.AFLT-6.21;60;20210305;110000;7047.0000000;7047.0000000;7030.0000000;7030.0000000;64
SPFB.AFLT-6.21;60;20210305;120000;7037.0000000;7040.0000000;7010.0000000;7010.0000000;138
SPFB.AFLT-6.21;60;20210305;130000;7029.0000000;7029.0000000;7029.0000000;7029.0000000;1
SPFB.AFLT-6.21;60;20210305;140000;7033.0000000;7077.0000000;7033.0000000;7077.0000000;7
SPFB.AFLT-6.21;60;20210305;150000;7061.0000000;7061.0000000;6965.0000000;7001.0000000;442
SPFB.AFLT-6.21;60;20210305;160000;6981.0000000;7017.0000000;6981.0000000;7017.0000000;5
SPFB.AFLT-6.21;60;20210305;170000;7017.0000000;7032.0000000;7017.0000000;7032.0000000;61
SPFB.AFLT-6.21;60;20210305;180000;7028.0000000;7028.0000000;7000.0000000;7000.0000000;70
SPFB.AFLT-6.21;60;20210305;190000;7004.0000000;7006.0000000;7004.0000000;7006.0000000;3
SPFB.AFLT-6.21;60;20210305;200000;7000.0000000;7000.0000000;6980.0000000;6980.0000000;56
SPFB.AFLT-6.21;60;20210305;210000;7013.0000000;7015.0000000;7013.0000000;7015.0000000;13
SPFB.AFLT-6.21;60;20210305;220000;7015.0000000;7041.0000000;7015.0000000;7030.0000000;23
SPFB.AFLT-6.21;60;20210305;230000;7034.0000000;7034.0000000;7022.0000000;7022.0000000;9
SPFB.AFLT-6.21;60;20210306;000000;7025.0000000;7025.0000000;7025.0000000;7025.0000000;5
SPFB.AFLT-6.21;60;20210309;080000;7043.0000000;7100.0000000;7043.0000000;7097.0000000;311
SPFB.AFLT-6.21;60;20210309;100000;7094.0000000;7095.0000000;7094.0000000;7095.0000000;60
SPFB.AFLT-6.21;60;20210309;110000;7051.0000000;7084.0000000;7030.0000000;7053.0000000;278
SPFB.AFLT-6.21;60;20210309;120000;7055.0000000;7055.0000000;7041.0000000;7053.0000000;228
SPFB.AFLT-6.21;60;20210309;130000;7053.0000000;7065.0000000;7049.0000000;7053.0000000;212
SPFB.AFLT-6.21;60;20210309;140000;7053.0000000;7090.0000000;7048.0000000;7051.0000000;346
SPFB.AFLT-6.21;60;20210309;150000;7052.0000000;7052.0000000;7035.0000000;7040.0000000;168
SPFB.AFLT-6.21;60;20210309;160000;7043.0000000;7043.0000000;7032.0000000;7035.0000000;53
SPFB.AFLT-6.21;60;20210309;170000;7040.0000000;7045.0000000;7034.0000000;7040.0000000;72
SPFB.AFLT-6.21;60;20210309;180000;7040.0000000;7041.0000000;7006.0000000;7012.0000000;241
SPFB.AFLT-6.21;60;20210309;190000;7014.0000000;7059.0000000;7010.0000000;7010.0000000;186
SPFB.AFLT-6.21;60;20210309;200000;7030.0000000;7040.0000000;7019.0000000;7030.0000000;37
SPFB.AFLT-6.21;60;20210309;210000;7044.0000000;7044.0000000;7044.0000000;7044.0000000;3
SPFB.AFLT-6.21;60;20210309;220000;7048.0000000;7056.0000000;7044.0000000;7051.0000000;56
SPFB.AFLT-6.21;60;20210309;230000;7058.0000000;7063.0000000;7055.0000000;7062.0000000;95
SPFB.AFLT-6.21;60;20210310;000000;7061.0000000;7061.0000000;7055.0000000;7055.0000000;6
SPFB.AFLT-6.21;60;20210310;080000;7070.0000000;7070.0000000;7047.0000000;7047.0000000;8
SPFB.AFLT-6.21;60;20210310;090000;7069.0000000;7070.0000000;7069.0000000;7070.0000000;29
SPFB.AFLT-6.21;60;20210310;100000;7072.0000000;7072.0000000;7072.0000000;7072.0000000;8
SPFB.AFLT-6.21;60;20210310;110000;7070.0000000;7078.0000000;7040.0000000;7068.0000000;584
SPFB.AFLT-6.21;60;20210310;120000;7071.0000000;7118.0000000;7070.0000000;7113.0000000;482
SPFB.AFLT-6.21;60;20210310;130000;7109.0000000;7113.0000000;7078.0000000;7078.0000000;56
SPFB.AFLT-6.21;60;20210310;140000;7075.0000000;7075.0000000;7044.0000000;7052.0000000;147
SPFB.AFLT-6.21;60;20210310;150000;7069.0000000;7072.0000000;7059.0000000;7066.0000000;30
SPFB.AFLT-6.21;60;20210310;160000;7070.0000000;7078.0000000;7068.0000000;7070.0000000;14
SPFB.AFLT-6.21;60;20210310;170000;7086.0000000;7100.0000000;7082.0000000;7095.0000000;22
SPFB.AFLT-6.21;60;20210310;180000;7094.0000000;7108.0000000;7094.0000000;7099.0000000;204
SPFB.AFLT-6.21;60;20210310;190000;7098.0000000;7100.0000000;7094.0000000;7100.0000000;77
SPFB.AFLT-6.21;60;20210310;200000;7088.0000000;7088.0000000;7088.0000000;7088.0000000;7
SPFB.AFLT-6.21;60;20210310;210000;7086.0000000;7086.0000000;7082.0000000;7083.0000000;24
SPFB.AFLT-6.21;60;20210310;220000;7084.0000000;7088.0000000;7080.0000000;7080.0000000;22
SPFB.AFLT-6.21;60;20210310;230000;7085.0000000;7086.0000000;7083.0000000;7086.0000000;140
SPFB.AFLT-6.21;60;20210311;000000;7086.0000000;7092.0000000;7065.0000000;7065.0000000;73
SPFB.AFLT-6.21;60;20210311;080000;7092.0000000;7092.0000000;7058.0000000;7092.0000000;5
SPFB.AFLT-6.21;60;20210311;090000;7092.0000000;7092.0000000;7067.0000000;7067.0000000;37
SPFB.AFLT-6.21;60;20210311;100000;7092.0000000;7110.0000000;7084.0000000;7084.0000000;72
SPFB.AFLT-6.21;60;20210311;110000;7087.0000000;7100.0000000;7078.0000000;7092.0000000;173
SPFB.AFLT-6.21;60;20210311;120000;7086.0000000;7089.0000000;7035.0000000;7035.0000000;611
SPFB.AFLT-6.21;60;20210311;130000;7043.0000000;7060.0000000;7039.0000000;7045.0000000;250
SPFB.AFLT-6.21;60;20210311;140000;7050.0000000;7058.0000000;7045.0000000;7051.0000000;69
SPFB.AFLT-6.21;60;20210311;150000;7051.0000000;7051.0000000;7047.0000000;7048.0000000;3
SPFB.AFLT-6.21;60;20210311;160000;7048.0000000;7049.0000000;7047.0000000;7047.0000000;46
SPFB.AFLT-6.21;60;20210311;170000;7052.0000000;7068.0000000;7047.0000000;7068.0000000;97
SPFB.AFLT-6.21;60;20210311;180000;7066.0000000;7072.0000000;7047.0000000;7053.0000000;211
SPFB.AFLT-6.21;60;20210311;190000;7061.0000000;7062.0000000;7058.0000000;7061.0000000;42
SPFB.AFLT-6.21;60;20210311;200000;7067.0000000;7080.0000000;7058.0000000;7080.0000000;35
SPFB.AFLT-6.21;60;20210311;210000;7082.0000000;7082.0000000;7075.0000000;7082.0000000;4
SPFB.AFLT-6.21;60;20210311;220000;7085.0000000;7090.0000000;7076.0000000;7078.0000000;62
SPFB.AFLT-6.21;60;20210311;230000;7075.0000000;7075.0000000;7075.0000000;7075.0000000;1
SPFB.AFLT-6.21;60;20210312;000000;7078.0000000;7100.0000000;7078.0000000;7082.0000000;85
SPFB.AFLT-6.21;60;20210312;080000;7089.0000000;7100.0000000;7089.0000000;7100.0000000;15
SPFB.AFLT-6.21;60;20210312;100000;7084.0000000;7095.0000000;7082.0000000;7082.0000000;14
SPFB.AFLT-6.21;60;20210312;110000;7080.0000000;7080.0000000;7052.0000000;7077.0000000;115
SPFB.AFLT-6.21;60;20210312;120000;7078.0000000;7098.0000000;7078.0000000;7078.0000000;11
SPFB.AFLT-6.21;60;20210312;130000;7078.0000000;7080.0000000;7070.0000000;7076.0000000;467
SPFB.AFLT-6.21;60;20210312;140000;7078.0000000;7078.0000000;7048.0000000;7048.0000000;168
SPFB.AFLT-6.21;60;20210312;150000;7045.0000000;7045.0000000;7037.0000000;7044.0000000;316
SPFB.AFLT-6.21;60;20210312;160000;7054.0000000;7054.0000000;7045.0000000;7048.0000000;107
SPFB.AFLT-6.21;60;20210312;170000;7045.0000000;7061.0000000;7041.0000000;7061.0000000;63
SPFB.AFLT-6.21;60;20210312;180000;7062.0000000;7066.0000000;7052.0000000;7055.0000000;83
SPFB.AFLT-6.21;60;20210312;190000;7060.0000000;7074.0000000;7060.0000000;7061.0000000;35
SPFB.AFLT-6.21;60;20210312;200000;7060.0000000;7083.0000000;7060.0000000;7083.0000000;182
SPFB.AFLT-6.21;60;20210312;210000;7078.0000000;7097.0000000;7078.0000000;7087.0000000;107
SPFB.AFLT-6.21;60;20210312;220000;7081.0000000;7088.0000000;7081.0000000;7088.0000000;101
SPFB.AFLT-6.21;60;20210312;230000;7081.0000000;7085.0000000;7075.0000000;7075.0000000;368
SPFB.AFLT-6.21;60;20210313;000000;7085.0000000;7085.0000000;7075.0000000;7078.0000000;16
SPFB.AFLT-6.21;60;20210315;080000;7093.0000000;7145.0000000;7072.0000000;7108.0000000;104
SPFB.AFLT-6.21;60;20210315;090000;7108.0000000;7108.0000000;7081.0000000;7081.0000000;3
SPFB.AFLT-6.21;60;20210315;100000;7081.0000000;7116.0000000;7081.0000000;7081.0000000;87
SPFB.AFLT-6.21;60;20210315;110000;7104.0000000;7111.0000000;7081.0000000;7104.0000000;668
SPFB.AFLT-6.21;60;20210315;120000;7104.0000000;7116.0000000;7083.0000000;7110.0000000;900
SPFB.AFLT-6.21;60;20210315;130000;7111.0000000;7183.0000000;7102.0000000;7175.0000000;734
SPFB.AFLT-6.21;60;20210315;140000;7174.0000000;7188.0000000;7151.0000000;7162.0000000;756
SPFB.AFLT-6.21;60;20210315;150000;7167.0000000;7167.0000000;7154.0000000;7156.0000000;232
SPFB.AFLT-6.21;60;20210315;160000;7165.0000000;7197.0000000;7154.0000000;7161.0000000;701
SPFB.AFLT-6.21;60;20210315;170000;7162.0000000;7169.0000000;7150.0000000;7154.0000000;663
SPFB.AFLT-6.21;60;20210315;180000;7150.0000000;7167.0000000;7137.0000000;7158.0000000;177
SPFB.AFLT-6.21;60;20210315;190000;7168.0000000;7190.0000000;7140.0000000;7172.0000000;1059
SPFB.AFLT-6.21;60;20210315;200000;7142.0000000;7172.0000000;7142.0000000;7171.0000000;399
SPFB.AFLT-6.21;60;20210315;210000;7169.0000000;7180.0000000;7167.0000000;7172.0000000;150
SPFB.AFLT-6.21;60;20210315;220000;7176.0000000;7197.0000000;7174.0000000;7178.0000000;313
SPFB.AFLT-6.21;60;20210315;230000;7178.0000000;7186.0000000;7155.0000000;7156.0000000;432
SPFB.AFLT-6.21;60;20210316;000000;7156.0000000;7174.0000000;7155.0000000;7166.0000000;158
SPFB.AFLT-6.21;60;20210316;080000;7166.0000000;7166.0000000;7166.0000000;7166.0000000;2
SPFB.AFLT-6.21;60;20210316;090000;7172.0000000;7172.0000000;7166.0000000;7172.0000000;9
SPFB.AFLT-6.21;60;20210316;100000;7170.0000000;7190.0000000;7161.0000000;7180.0000000;42
SPFB.AFLT-6.21;60;20210316;110000;7188.0000000;7237.0000000;7186.0000000;7201.0000000;1629
SPFB.AFLT-6.21;60;20210316;120000;7199.0000000;7199.0000000;7108.0000000;7115.0000000;851
SPFB.AFLT-6.21;60;20210316;130000;7120.0000000;7136.0000000;7101.0000000;7117.0000000;400
SPFB.AFLT-6.21;60;20210316;140000;7109.0000000;7126.0000000;7096.0000000;7126.0000000;304
SPFB.AFLT-6.21;60;20210316;150000;7125.0000000;7149.0000000;7118.0000000;7127.0000000;453
SPFB.AFLT-6.21;60;20210316;160000;7133.0000000;7138.0000000;7118.0000000;7120.0000000;679
SPFB.AFLT-6.21;60;20210316;170000;7121.0000000;7136.0000000;7116.0000000;7121.0000000;367
SPFB.AFLT-6.21;60;20210316;180000;7121.0000000;7129.0000000;7117.0000000;7126.0000000;656
SPFB.AFLT-6.21;60;20210316;190000;7129.0000000;7137.0000000;7122.0000000;7135.0000000;593
SPFB.AFLT-6.21;60;20210316;200000;7123.0000000;7196.0000000;7123.0000000;7137.0000000;398
SPFB.AFLT-6.21;60;20210316;210000;7137.0000000;7149.0000000;7132.0000000;7140.0000000;340
SPFB.AFLT-6.21;60;20210316;220000;7136.0000000;7142.0000000;7133.0000000;7142.0000000;245
SPFB.AFLT-6.21;60;20210316;230000;7138.0000000;7141.0000000;7137.0000000;7141.0000000;285
SPFB.AFLT-6.21;60;20210317;000000;7137.0000000;7140.0000000;7136.0000000;7136.0000000;263
SPFB.AFLT-6.21;60;20210317;080000;7131.0000000;7196.0000000;7111.0000000;7111.0000000;307
SPFB.AFLT-6.21;60;20210317;090000;7116.0000000;7193.0000000;7116.0000000;7163.0000000;23
SPFB.AFLT-6.21;60;20210317;100000;7163.0000000;7163.0000000;7160.0000000;7160.0000000;15
SPFB.AFLT-6.21;60;20210317;110000;7130.0000000;7187.0000000;7070.0000000;7099.0000000;4534
SPFB.AFLT-6.21;60;20210317;120000;7096.0000000;7105.0000000;7080.0000000;7085.0000000;1140
SPFB.AFLT-6.21;60;20210317;130000;7082.0000000;7097.0000000;7076.0000000;7090.0000000;965
SPFB.AFLT-6.21;60;20210317;140000;7091.0000000;7095.0000000;7070.0000000;7075.0000000;1342
SPFB.AFLT-6.21;60;20210317;150000;7076.0000000;7077.0000000;7022.0000000;7048.0000000;1987
SPFB.AFLT-6.21;60;20210317;160000;7045.0000000;7045.0000000;7024.0000000;7040.0000000;1395
SPFB.AFLT-6.21;60;20210317;170000;7031.0000000;7071.0000000;7027.0000000;7060.0000000;1326
SPFB.AFLT-6.21;60;20210317;180000;7066.0000000;7086.0000000;7053.0000000;7064.0000000;1019
SPFB.AFLT-6.21;60;20210317;190000;7063.0000000;7070.0000000;7049.0000000;7060.0000000;659
SPFB.AFLT-6.21;60;20210317;200000;7058.0000000;7078.0000000;7056.0000000;7066.0000000;284
SPFB.AFLT-6.21;60;20210317;210000;7066.0000000;7078.0000000;7061.0000000;7078.0000000;277
SPFB.AFLT-6.21;60;20210317;220000;7075.0000000;7097.0000000;7073.0000000;7091.0000000;231
SPFB.AFLT-6.21;60;20210317;230000;7097.0000000;7103.0000000;7087.0000000;7087.0000000;401
SPFB.AFLT-6.21;60;20210318;000000;7087.0000000;7102.0000000;7075.0000000;7079.0000000;506
SPFB.AFLT-6.21;60;20210318;080000;7079.0000000;7119.0000000;7050.0000000;7075.0000000;236
SPFB.AFLT-6.21;60;20210318;090000;7075.0000000;7100.0000000;7061.0000000;7100.0000000;17
SPFB.AFLT-6.21;60;20210318;100000;7085.0000000;7100.0000000;7080.0000000;7090.0000000;30
SPFB.AFLT-6.21;60;20210318;110000;7081.0000000;7097.0000000;7036.0000000;7051.0000000;4493
SPFB.AFLT-6.21;60;20210318;120000;7056.0000000;7078.0000000;7054.0000000;7068.0000000;1008
SPFB.AFLT-6.21;60;20210318;130000;7067.0000000;7078.0000000;7051.0000000;7058.0000000;3189
SPFB.AFLT-6.21;60;20210318;140000;7071.0000000;7094.0000000;7057.0000000;7088.0000000;1893
SPFB.AFLT-6.21;60;20210318;150000;7087.0000000;7089.0000000;7004.0000000;7033.0000000;8408
SPFB.AFLT-6.21;60;20210318;160000;7032.0000000;7070.0000000;7012.0000000;7064.0000000;2587
SPFB.AFLT-6.21;60;20210318;170000;7056.0000000;7066.0000000;7030.0000000;7043.0000000;1151
SPFB.AFLT-6.21;60;20210318;180000;7046.0000000;7070.0000000;7025.0000000;7062.0000000;2422
SPFB.AFLT-6.21;60;20210318;190000;7070.0000000;7076.0000000;7026.0000000;7030.0000000;346
SPFB.AFLT-6.21;60;20210318;200000;7025.0000000;7078.0000000;7025.0000000;7049.0000000;248
SPFB.AFLT-6.21;60;20210318;210000;7047.0000000;7058.0000000;7042.0000000;7048.0000000;21
SPFB.AFLT-6.21;60;20210318;220000;7048.0000000;7048.0000000;6973.0000000;6997.0000000;1383
SPFB.AFLT-6.21;60;20210318;230000;6996.0000000;6996.0000000;6850.0000000;6905.0000000;3305
SPFB.AFLT-6.21;60;20210319;000000;6905.0000000;6951.0000000;6853.0000000;6929.0000000;1137
SPFB.AFLT-6.21;60;20210319;080000;6964.0000000;6991.0000000;6930.0000000;6991.0000000;163
SPFB.AFLT-6.21;60;20210319;090000;6990.0000000;7001.0000000;6944.0000000;6994.0000000;232
SPFB.AFLT-6.21;60;20210319;100000;6992.0000000;7002.0000000;6941.0000000;6941.0000000;308
SPFB.AFLT-6.21;60;20210319;110000;6946.0000000;7088.0000000;6946.0000000;7056.0000000;3977
SPFB.AFLT-6.21;60;20210319;120000;7057.0000000;7078.0000000;7034.0000000;7035.0000000;933
SPFB.AFLT-6.21;60;20210319;130000;7046.0000000;7052.0000000;7027.0000000;7044.0000000;1464
SPFB.AFLT-6.21;60;20210319;140000;7045.0000000;7047.0000000;7028.0000000;7030.0000000;431
SPFB.AFLT-6.21;60;20210319;150000;7032.0000000;7040.0000000;7025.0000000;7038.0000000;108
SPFB.AFLT-6.21;60;20210319;160000;7027.0000000;7041.0000000;7024.0000000;7024.0000000;294
SPFB.AFLT-6.21;60;20210319;170000;7024.0000000;7028.0000000;6983.0000000;6999.0000000;527
SPFB.AFLT-6.21;60;20210319;180000;7003.0000000;7022.0000000;6995.0000000;7016.0000000;147
SPFB.AFLT-6.21;60;20210319;190000;7023.0000000;7041.0000000;7016.0000000;7041.0000000;469
SPFB.AFLT-6.21;60;20210319;200000;7020.0000000;7060.0000000;7020.0000000;7052.0000000;115
SPFB.AFLT-6.21;60;20210319;210000;7046.0000000;7056.0000000;7036.0000000;7048.0000000;103
SPFB.AFLT-6.21;60;20210319;220000;7057.0000000;7060.0000000;7041.0000000;7041.0000000;123
SPFB.AFLT-6.21;60;20210319;230000;7045.0000000;7053.0000000;7043.0000000;7051.0000000;216
SPFB.AFLT-6.21;60;20210320;000000;7051.0000000;7053.0000000;7041.0000000;7045.0000000;91
SPFB.AFLT-6.21;60;20210322;080000;7052.0000000;7097.0000000;7052.0000000;7055.0000000;276
SPFB.AFLT-6.21;60;20210322;090000;7055.0000000;7074.0000000;7050.0000000;7074.0000000;80
SPFB.AFLT-6.21;60;20210322;100000;7074.0000000;7096.0000000;7069.0000000;7069.0000000;168
SPFB.AFLT-6.21;60;20210322;110000;7060.0000000;7062.0000000;7025.0000000;7050.0000000;1756
SPFB.AFLT-6.21;60;20210322;120000;7045.0000000;7058.0000000;7021.0000000;7058.0000000;452
SPFB.AFLT-6.21;60;20210322;130000;7057.0000000;7060.0000000;7050.0000000;7050.0000000;85
SPFB.AFLT-6.21;60;20210322;140000;7053.0000000;7079.0000000;7042.0000000;7042.0000000;732
SPFB.AFLT-6.21;60;20210322;150000;7041.0000000;7054.0000000;7034.0000000;7037.0000000;221
SPFB.AFLT-6.21;60;20210322;160000;7026.0000000;7034.0000000;7009.0000000;7024.0000000;505
SPFB.AFLT-6.21;60;20210322;170000;7022.0000000;7022.0000000;7001.0000000;7012.0000000;311
SPFB.AFLT-6.21;60;20210322;180000;7001.0000000;7008.0000000;6972.0000000;6991.0000000;1127
SPFB.AFLT-6.21;60;20210322;190000;6995.0000000;6997.0000000;6952.0000000;6952.0000000;2002
SPFB.AFLT-6.21;60;20210322;200000;6976.0000000;7000.0000000;6973.0000000;6999.0000000;274
SPFB.AFLT-6.21;60;20210322;210000;6998.0000000;7015.0000000;6997.0000000;7015.0000000;154
SPFB.AFLT-6.21;60;20210322;220000;7011.0000000;7019.0000000;7010.0000000;7018.0000000;190
SPFB.AFLT-6.21;60;20210322;230000;6995.0000000;6999.0000000;6992.0000000;6992.0000000;14
SPFB.AFLT-6.21;60;20210323;000000;6992.0000000;7006.0000000;6991.0000000;7006.0000000;53
SPFB.AFLT-6.21;60;20210323;080000;7006.0000000;7017.0000000;6997.0000000;7005.0000000;121
SPFB.AFLT-6.21;60;20210323;090000;7000.0000000;7000.0000000;7000.0000000;7000.0000000;1
SPFB.AFLT-6.21;60;20210323;100000;6990.0000000;7000.0000000;6981.0000000;7000.0000000;66
SPFB.AFLT-6.21;60;20210323;110000;7000.0000000;7000.0000000;6950.0000000;6984.0000000;588
SPFB.AFLT-6.21;60;20210323;120000;6982.0000000;6987.0000000;6915.0000000;6937.0000000;689
SPFB.AFLT-6.21;60;20210323;130000;6935.0000000;6940.0000000;6837.0000000;6855.0000000;2911
SPFB.AFLT-6.21;60;20210323;140000;6849.0000000;6900.0000000;6842.0000000;6860.0000000;1545
SPFB.AFLT-6.21;60;20210323;150000;6872.0000000;6879.0000000;6858.0000000;6879.0000000;410
SPFB.AFLT-6.21;60;20210323;160000;6874.0000000;6899.0000000;6865.0000000;6879.0000000;1284
SPFB.AFLT-6.21;60;20210323;170000;6885.0000000;6885.0000000;6856.0000000;6872.0000000;1184
SPFB.AFLT-6.21;60;20210323;180000;6867.0000000;6888.0000000;6850.0000000;6851.0000000;645
SPFB.AFLT-6.21;60;20210323;190000;6850.0000000;6850.0000000;6800.0000000;6808.0000000;1949
SPFB.AFLT-6.21;60;20210323;200000;6818.0000000;6870.0000000;6808.0000000;6856.0000000;714
SPFB.AFLT-6.21;60;20210323;210000;6864.0000000;6880.0000000;6856.0000000;6856.0000000;307
SPFB.AFLT-6.21;60;20210323;220000;6852.0000000;6859.0000000;6835.0000000;6849.0000000;510
SPFB.AFLT-6.21;60;20210323;230000;6839.0000000;6866.0000000;6815.0000000;6816.0000000;490
SPFB.AFLT-6.21;60;20210324;000000;6816.0000000;6851.0000000;6815.0000000;6828.0000000;402
SPFB.AFLT-6.21;60;20210324;080000;6850.0000000;6874.0000000;6833.0000000;6835.0000000;2941
SPFB.AFLT-6.21;60;20210324;090000;6836.0000000;6879.0000000;6835.0000000;6867.0000000;320
SPFB.AFLT-6.21;60;20210324;100000;6836.0000000;6870.0000000;6836.0000000;6860.0000000;108
SPFB.AFLT-6.21;60;20210324;110000;6860.0000000;6873.0000000;6805.0000000;6810.0000000;1493
SPFB.AFLT-6.21;60;20210324;120000;6822.0000000;6839.0000000;6755.0000000;6764.0000000;2676
SPFB.AFLT-6.21;60;20210324;130000;6758.0000000;6804.0000000;6756.0000000;6786.0000000;1004
SPFB.AFLT-6.21;60;20210324;140000;6784.0000000;6786.0000000;6617.0000000;6675.0000000;7419
SPFB.AFLT-6.21;60;20210324;150000;6687.0000000;6687.0000000;6634.0000000;6660.0000000;3030
SPFB.AFLT-6.21;60;20210324;160000;6662.0000000;6681.0000000;6655.0000000;6658.0000000;489
SPFB.AFLT-6.21;60;20210324;170000;6658.0000000;6667.0000000;6642.0000000;6655.0000000;1022
SPFB.AFLT-6.21;60;20210324;180000;6660.0000000;6664.0000000;6630.0000000;6642.0000000;1125
SPFB.AFLT-6.21;60;20210324;190000;6643.0000000;6670.0000000;6643.0000000;6659.0000000;1250
SPFB.AFLT-6.21;60;20210324;200000;6660.0000000;6726.0000000;6658.0000000;6714.0000000;1711
SPFB.AFLT-6.21;60;20210324;210000;6714.0000000;6714.0000000;6635.0000000;6675.0000000;814
SPFB.AFLT-6.21;60;20210324;220000;6672.0000000;6698.0000000;6647.0000000;6653.0000000;337
SPFB.AFLT-6.21;60;20210324;230000;6654.0000000;6660.0000000;6638.0000000;6646.0000000;416
SPFB.AFLT-6.21;60;20210325;000000;6650.0000000;6667.0000000;6635.0000000;6667.0000000;355
SPFB.AFLT-6.21;60;20210325;080000;6675.0000000;6698.0000000;6635.0000000;6659.0000000;77
SPFB.AFLT-6.21;60;20210325;090000;6659.0000000;6675.0000000;6635.0000000;6659.0000000;50
SPFB.AFLT-6.21;60;20210325;100000;6673.0000000;6698.0000000;6649.0000000;6698.0000000;97
SPFB.AFLT-6.21;60;20210325;110000;6677.0000000;6739.0000000;6655.0000000;6729.0000000;1455
SPFB.AFLT-6.21;60;20210325;120000;6726.0000000;6739.0000000;6689.0000000;6692.0000000;1492
SPFB.AFLT-6.21;60;20210325;130000;6687.0000000;6691.0000000;6665.0000000;6689.0000000;1495
SPFB.AFLT-6.21;60;20210325;140000;6692.0000000;6713.0000000;6681.0000000;6703.0000000;327
SPFB.AFLT-6.21;60;20210325;150000;6703.0000000;6703.0000000;6597.0000000;6604.0000000;2727
SPFB.AFLT-6.21;60;20210325;160000;6604.0000000;6629.0000000;6593.0000000;6609.0000000;2039
SPFB.AFLT-6.21;60;20210325;170000;6607.0000000;6627.0000000;6602.0000000;6627.0000000;417
SPFB.AFLT-6.21;60;20210325;180000;6624.0000000;6669.0000000;6597.0000000;6631.0000000;2695
SPFB.AFLT-6.21;60;20210325;190000;6633.0000000;6660.0000000;6623.0000000;6640.0000000;631
SPFB.AFLT-6.21;60;20210325;200000;6655.0000000;6715.0000000;6655.0000000;6707.0000000;891
SPFB.AFLT-6.21;60;20210325;210000;6707.0000000;6710.0000000;6658.0000000;6673.0000000;327
SPFB.AFLT-6.21;60;20210325;220000;6671.0000000;6696.0000000;6671.0000000;6693.0000000;61
SPFB.AFLT-6.21;60;20210325;230000;6693.0000000;6693.0000000;6687.0000000;6690.0000000;67
SPFB.AFLT-6.21;60;20210326;000000;6690.0000000;6696.0000000;6684.0000000;6696.0000000;53
SPFB.AFLT-6.21;60;20210326;080000;6699.0000000;6715.0000000;6699.0000000;6704.0000000;65
SPFB.AFLT-6.21;60;20210326;090000;6717.0000000;6733.0000000;6705.0000000;6720.0000000;176
SPFB.AFLT-6.21;60;20210326;100000;6731.0000000;6769.0000000;6701.0000000;6736.0000000;654
SPFB.AFLT-6.21;60;20210326;110000;6725.0000000;6807.0000000;6717.0000000;6790.0000000;2252
SPFB.AFLT-6.21;60;20210326;120000;6785.0000000;6793.0000000;6760.0000000;6773.0000000;1124
SPFB.AFLT-6.21;60;20210326;130000;6778.0000000;6797.0000000;6769.0000000;6781.0000000;496
SPFB.AFLT-6.21;60;20210326;140000;6785.0000000;6830.0000000;6777.0000000;6808.0000000;1947
SPFB.AFLT-6.21;60;20210326;150000;6814.0000000;6870.0000000;6800.0000000;6864.0000000;1113
SPFB.AFLT-6.21;60;20210326;160000;6864.0000000;6878.0000000;6834.0000000;6855.0000000;1006
SPFB.AFLT-6.21;60;20210326;170000;6859.0000000;6909.0000000;6848.0000000;6903.0000000;1092
SPFB.AFLT-6.21;60;20210326;180000;6901.0000000;6907.0000000;6838.0000000;6863.0000000;1119
SPFB.AFLT-6.21;60;20210326;190000;6863.0000000;6897.0000000;6784.0000000;6846.0000000;2124
SPFB.AFLT-6.21;60;20210326;200000;6846.0000000;6855.0000000;6819.0000000;6825.0000000;338
SPFB.AFLT-6.21;60;20210326;210000;6825.0000000;6850.0000000;6821.0000000;6840.0000000;256
SPFB.AFLT-6.21;60;20210326;220000;6839.0000000;6840.0000000;6784.0000000;6818.0000000;590
SPFB.AFLT-6.21;60;20210326;230000;6819.0000000;6869.0000000;6819.0000000;6858.0000000;328
SPFB.AFLT-6.21;60;20210327;000000;6858.0000000;6883.0000000;6857.0000000;6881.0000000;1548
SPFB.AFLT-6.21;60;20210329;080000;6847.0000000;6900.0000000;6826.0000000;6870.0000000;925
SPFB.AFLT-6.21;60;20210329;090000;6873.0000000;6875.0000000;6837.0000000;6866.0000000;189
SPFB.AFLT-6.21;60;20210329;100000;6866.0000000;6880.0000000;6850.0000000;6878.0000000;59
SPFB.AFLT-6.21;60;20210329;110000;6871.0000000;6894.0000000;6787.0000000;6875.0000000;2040
SPFB.AFLT-6.21;60;20210329;120000;6879.0000000;6899.0000000;6834.0000000;6839.0000000;3273
SPFB.AFLT-6.21;60;20210329;130000;6840.0000000;6859.0000000;6813.0000000;6831.0000000;560
SPFB.AFLT-6.21;60;20210329;140000;6829.0000000;6848.0000000;6811.0000000;6843.0000000;357
SPFB.AFLT-6.21;60;20210329;150000;6850.0000000;6856.0000000;6824.0000000;6831.0000000;268
SPFB.AFLT-6.21;60;20210329;160000;6835.0000000;6852.0000000;6816.0000000;6816.0000000;575
SPFB.AFLT-6.21;60;20210329;170000;6820.0000000;6843.0000000;6805.0000000;6841.0000000;186
SPFB.AFLT-6.21;60;20210329;180000;6829.0000000;6837.0000000;6815.0000000;6832.0000000;233
SPFB.AFLT-6.21;60;20210329;190000;6836.0000000;6836.0000000;6794.0000000;6824.0000000;565
SPFB.AFLT-6.21;60;20210329;200000;6814.0000000;6825.0000000;6801.0000000;6820.0000000;560
SPFB.AFLT-6.21;60;20210329;210000;6815.0000000;6824.0000000;6812.0000000;6813.0000000;316
SPFB.AFLT-6.21;60;20210329;220000;6816.0000000;6821.0000000;6815.0000000;6819.0000000;204
SPFB.AFLT-6.21;60;20210329;230000;6822.0000000;6833.0000000;6822.0000000;6827.0000000;485
SPFB.AFLT-6.21;60;20210330;000000;6828.0000000;6835.0000000;6824.0000000;6827.0000000;73
SPFB.AFLT-6.21;60;20210330;080000;6844.0000000;6859.0000000;6826.0000000;6859.0000000;102
SPFB.AFLT-6.21;60;20210330;090000;6840.0000000;6848.0000000;6810.0000000;6835.0000000;272
SPFB.AFLT-6.21;60;20210330;100000;6827.0000000;6849.0000000;6810.0000000;6820.0000000;118
SPFB.AFLT-6.21;60;20210330;110000;6839.0000000;6854.0000000;6750.0000000;6773.0000000;2395
SPFB.AFLT-6.21;60;20210330;120000;6771.0000000;6794.0000000;6726.0000000;6756.0000000;3759
SPFB.AFLT-6.21;60;20210330;130000;6755.0000000;6765.0000000;6718.0000000;6726.0000000;1152
SPFB.AFLT-6.21;60;20210330;140000;6727.0000000;6755.0000000;6704.0000000;6710.0000000;1133
SPFB.AFLT-6.21;60;20210330;150000;6712.0000000;6739.0000000;6712.0000000;6737.0000000;647
SPFB.AFLT-6.21;60;20210330;160000;6739.0000000;6750.0000000;6733.0000000;6734.0000000;415
SPFB.AFLT-6.21;60;20210330;170000;6736.0000000;6739.0000000;6725.0000000;6725.0000000;361
SPFB.AFLT-6.21;60;20210330;180000;6729.0000000;6759.0000000;6723.0000000;6754.0000000;664
SPFB.AFLT-6.21;60;20210330;190000;6744.0000000;6769.0000000;6736.0000000;6758.0000000;800
SPFB.AFLT-6.21;60;20210330;200000;6768.0000000;6768.0000000;6737.0000000;6748.0000000;182
SPFB.AFLT-6.21;60;20210330;210000;6756.0000000;6792.0000000;6750.0000000;6771.0000000;364
SPFB.AFLT-6.21;60;20210330;220000;6771.0000000;6776.0000000;6760.0000000;6772.0000000;358
SPFB.AFLT-6.21;60;20210330;230000;6774.0000000;6776.0000000;6761.0000000;6761.0000000;135
SPFB.AFLT-6.21;60;20210331;000000;6770.0000000;6773.0000000;6750.0000000;6755.0000000;249
SPFB.AFLT-6.21;60;20210331;080000;6753.0000000;6773.0000000;6753.0000000;6773.0000000;32
SPFB.AFLT-6.21;60;20210331;090000;6773.0000000;6773.0000000;6773.0000000;6773.0000000;4
SPFB.AFLT-6.21;60;20210331;100000;6772.0000000;6803.0000000;6770.0000000;6790.0000000;138
SPFB.AFLT-6.21;60;20210331;110000;6767.0000000;6842.0000000;6744.0000000;6785.0000000;1960
SPFB.AFLT-6.21;60;20210331;120000;6785.0000000;6822.0000000;6758.0000000;6813.0000000;1232
SPFB.AFLT-6.21;60;20210331;130000;6810.0000000;6816.0000000;6783.0000000;6798.0000000;867
SPFB.AFLT-6.21;60;20210331;140000;6799.0000000;6807.0000000;6777.0000000;6799.0000000;409
SPFB.AFLT-6.21;60;20210331;150000;6805.0000000;6839.0000000;6802.0000000;6822.0000000;1839
SPFB.AFLT-6.21;60;20210331;160000;6829.0000000;6850.0000000;6815.0000000;6825.0000000;823
SPFB.AFLT-6.21;60;20210331;170000;6826.0000000;6839.0000000;6798.0000000;6805.0000000;598
SPFB.AFLT-6.21;60;20210331;180000;6805.0000000;6815.0000000;6792.0000000;6813.0000000;536
SPFB.AFLT-6.21;60;20210331;190000;6815.0000000;6837.0000000;6805.0000000;6824.0000000;691
SPFB.AFLT-6.21;60;20210331;200000;6806.0000000;6850.0000000;6806.0000000;6828.0000000;238
SPFB.AFLT-6.21;60;20210331;210000;6827.0000000;6836.0000000;6823.0000000;6832.0000000;250
SPFB.AFLT-6.21;60;20210331;220000;6826.0000000;6850.0000000;6826.0000000;6831.0000000;282
SPFB.AFLT-6.21;60;20210331;230000;6835.0000000;6837.0000000;6815.0000000;6823.0000000;225
SPFB.AFLT-6.21;60;20210401;000000;6828.0000000;6834.0000000;6818.0000000;6820.0000000;337
SPFB.AFLT-6.21;60;20210401;080000;6815.0000000;6845.0000000;6815.0000000;6845.0000000;170
SPFB.AFLT-6.21;60;20210401;090000;6844.0000000;6850.0000000;6823.0000000;6850.0000000;55
SPFB.AFLT-6.21;60;20210401;100000;6849.0000000;6905.0000000;6849.0000000;6870.0000000;991
SPFB.AFLT-6.21;60;20210401;110000;6869.0000000;6869.0000000;6803.0000000;6835.0000000;2048
SPFB.AFLT-6.21;60;20210401;120000;6844.0000000;6844.0000000;6792.0000000;6807.0000000;2196
SPFB.AFLT-6.21;60;20210401;130000;6807.0000000;6807.0000000;6769.0000000;6787.0000000;3800
SPFB.AFLT-6.21;60;20210401;140000;6786.0000000;6799.0000000;6770.0000000;6770.0000000;745
SPFB.AFLT-6.21;60;20210401;150000;6780.0000000;6787.0000000;6757.0000000;6773.0000000;726
SPFB.AFLT-6.21;60;20210401;160000;6779.0000000;6799.0000000;6763.0000000;6789.0000000;278
SPFB.AFLT-6.21;60;20210401;170000;6795.0000000;6796.0000000;6757.0000000;6784.0000000;651
SPFB.AFLT-6.21;60;20210401;180000;6775.0000000;6778.0000000;6763.0000000;6765.0000000;438
SPFB.AFLT-6.21;60;20210401;190000;6762.0000000;6773.0000000;6756.0000000;6757.0000000;533
SPFB.AFLT-6.21;60;20210401;200000;6755.0000000;6786.0000000;6755.0000000;6783.0000000;99
SPFB.AFLT-6.21;60;20210401;210000;6785.0000000;6800.0000000;6782.0000000;6792.0000000;254
SPFB.AFLT-6.21;60;20210401;220000;6791.0000000;6795.0000000;6787.0000000;6792.0000000;57
SPFB.AFLT-6.21;60;20210401;230000;6791.0000000;6797.0000000;6780.0000000;6788.0000000;133
SPFB.AFLT-6.21;60;20210402;000000;6782.0000000;6792.0000000;6782.0000000;6786.0000000;42
SPFB.AFLT-6.21;60;20210402;080000;6790.0000000;6841.0000000;6787.0000000;6840.0000000;161
SPFB.AFLT-6.21;60;20210402;090000;6840.0000000;6850.0000000;6810.0000000;6839.0000000;46
SPFB.AFLT-6.21;60;20210402;100000;6812.0000000;6840.0000000;6810.0000000;6840.0000000;71
SPFB.AFLT-6.21;60;20210402;110000;6828.0000000;6828.0000000;6791.0000000;6817.0000000;931
SPFB.AFLT-6.21;60;20210402;120000;6816.0000000;6821.0000000;6801.0000000;6813.0000000;222
SPFB.AFLT-6.21;60;20210402;130000;6814.0000000;6832.0000000;6812.0000000;6825.0000000;297
SPFB.AFLT-6.21;60;20210402;140000;6825.0000000;6834.0000000;6822.0000000;6828.0000000;720
SPFB.AFLT-6.21;60;20210402;150000;6823.0000000;6829.0000000;6800.0000000;6808.0000000;239
SPFB.AFLT-6.21;60;20210402;160000;6803.0000000;6823.0000000;6803.0000000;6819.0000000;341
SPFB.AFLT-6.21;60;20210402;170000;6824.0000000;6824.0000000;6806.0000000;6819.0000000;244
SPFB.AFLT-6.21;60;20210402;180000;6812.0000000;6834.0000000;6807.0000000;6826.0000000;1148
SPFB.AFLT-6.21;60;20210402;190000;6825.0000000;6831.0000000;6816.0000000;6820.0000000;374
SPFB.AFLT-6.21;60;20210402;200000;6805.0000000;6856.0000000;6805.0000000;6827.0000000;202
SPFB.AFLT-6.21;60;20210402;210000;6827.0000000;6827.0000000;6819.0000000;6819.0000000;66
SPFB.AFLT-6.21;60;20210402;220000;6817.0000000;6830.0000000;6817.0000000;6828.0000000;58
SPFB.AFLT-6.21;60;20210402;230000;6823.0000000;6837.0000000;6823.0000000;6826.0000000;345
SPFB.AFLT-6.21;60;20210403;000000;6829.0000000;6829.0000000;6820.0000000;6821.0000000;394
SPFB.AFLT-6.21;60;20210405;080000;6829.0000000;6830.0000000;6823.0000000;6823.0000000;89
SPFB.AFLT-6.21;60;20210405;090000;6820.0000000;6840.0000000;6820.0000000;6839.0000000;100
SPFB.AFLT-6.21;60;20210405;100000;6840.0000000;6840.0000000;6814.0000000;6824.0000000;166
SPFB.AFLT-6.21;60;20210405;110000;6827.0000000;6848.0000000;6784.0000000;6785.0000000;808
SPFB.AFLT-6.21;60;20210405;120000;6789.0000000;6811.0000000;6785.0000000;6807.0000000;804
SPFB.AFLT-6.21;60;20210405;130000;6807.0000000;6866.0000000;6807.0000000;6833.0000000;4187
SPFB.AFLT-6.21;60;20210405;140000;6835.0000000;6848.0000000;6812.0000000;6814.0000000;477
SPFB.AFLT-6.21;60;20210405;150000;6816.0000000;6817.0000000;6802.0000000;6805.0000000;136
SPFB.AFLT-6.21;60;20210405;160000;6806.0000000;6827.0000000;6794.0000000;6820.0000000;1295
SPFB.AFLT-6.21;60;20210405;170000;6817.0000000;6825.0000000;6813.0000000;6821.0000000;99
SPFB.AFLT-6.21;60;20210405;180000;6820.0000000;6822.0000000;6805.0000000;6816.0000000;332
SPFB.AFLT-6.21;60;20210405;190000;6817.0000000;6827.0000000;6806.0000000;6814.0000000;213
SPFB.AFLT-6.21;60;20210405;200000;6822.0000000;6822.0000000;6781.0000000;6792.0000000;296
SPFB.AFLT-6.21;60;20210405;210000;6792.0000000;6815.0000000;6782.0000000;6815.0000000;241
SPFB.AFLT-6.21;60;20210405;220000;6816.0000000;6821.0000000;6807.0000000;6816.0000000;160
SPFB.AFLT-6.21;60;20210405;230000;6821.0000000;6827.0000000;6815.0000000;6821.0000000;67
SPFB.AFLT-6.21;60;20210406;000000;6821.0000000;6822.0000000;6814.0000000;6814.0000000;124
SPFB.AFLT-6.21;60;20210406;080000;6831.0000000;6834.0000000;6828.0000000;6830.0000000;102
SPFB.AFLT-6.21;60;20210406;090000;6830.0000000;6833.0000000;6815.0000000;6833.0000000;66
SPFB.AFLT-6.21;60;20210406;100000;6830.0000000;6845.0000000;6824.0000000;6844.0000000;173
SPFB.AFLT-6.21;60;20210406;110000;6844.0000000;6849.0000000;6786.0000000;6790.0000000;2439
SPFB.AFLT-6.21;60;20210406;120000;6786.0000000;6815.0000000;6785.0000000;6791.0000000;392
SPFB.AFLT-6.21;60;20210406;130000;6795.0000000;6806.0000000;6788.0000000;6795.0000000;328
SPFB.AFLT-6.21;60;20210406;140000;6788.0000000;6806.0000000;6788.0000000;6792.0000000;475
SPFB.AFLT-6.21;60;20210406;150000;6789.0000000;6799.0000000;6775.0000000;6787.0000000;547
SPFB.AFLT-6.21;60;20210406;160000;6782.0000000;6787.0000000;6757.0000000;6759.0000000;1009
SPFB.AFLT-6.21;60;20210406;170000;6752.0000000;6778.0000000;6735.0000000;6772.0000000;2416
SPFB.AFLT-6.21;60;20210406;180000;6778.0000000;6786.0000000;6767.0000000;6775.0000000;200
SPFB.AFLT-6.21;60;20210406;190000;6778.0000000;6778.0000000;6740.0000000;6744.0000000;707
SPFB.AFLT-6.21;60;20210406;200000;6743.0000000;6773.0000000;6743.0000000;6770.0000000;331
SPFB.AFLT-6.21;60;20210406;210000;6764.0000000;6768.0000000;6757.0000000;6767.0000000;176
SPFB.AFLT-6.21;60;20210406;220000;6769.0000000;6773.0000000;6766.0000000;6766.0000000;23
SPFB.AFLT-6.21;60;20210406;230000;6767.0000000;6772.0000000;6762.0000000;6766.0000000;187
SPFB.AFLT-6.21;60;20210407;000000;6768.0000000;6768.0000000;6750.0000000;6752.0000000;528
SPFB.AFLT-6.21;60;20210407;080000;6770.0000000;6776.0000000;6741.0000000;6741.0000000;39
SPFB.AFLT-6.21;60;20210407;090000;6747.0000000;6759.0000000;6747.0000000;6759.0000000;25
SPFB.AFLT-6.21;60;20210407;100000;6747.0000000;6752.0000000;6730.0000000;6752.0000000;88
SPFB.AFLT-6.21;60;20210407;110000;6752.0000000;6787.0000000;6710.0000000;6765.0000000;1518
SPFB.AFLT-6.21;60;20210407;120000;6765.0000000;6784.0000000;6762.0000000;6771.0000000;438
SPFB.AFLT-6.21;60;20210407;130000;6766.0000000;6769.0000000;6755.0000000;6763.0000000;226
SPFB.AFLT-6.21;60;20210407;140000;6763.0000000;6772.0000000;6753.0000000;6768.0000000;331
SPFB.AFLT-6.21;60;20210407;150000;6775.0000000;6783.0000000;6761.0000000;6765.0000000;551
SPFB.AFLT-6.21;60;20210407;160000;6769.0000000;6773.0000000;6759.0000000;6761.0000000;438
SPFB.AFLT-6.21;60;20210407;170000;6759.0000000;6776.0000000;6753.0000000;6774.0000000;299
SPFB.AFLT-6.21;60;20210407;180000;6771.0000000;6779.0000000;6759.0000000;6759.0000000;184
SPFB.AFLT-6.21;60;20210407;190000;6761.0000000;6768.0000000;6753.0000000;6766.0000000;397
SPFB.AFLT-6.21;60;20210407;200000;6770.0000000;6770.0000000;6736.0000000;6766.0000000;438
SPFB.AFLT-6.21;60;20210407;210000;6769.0000000;6772.0000000;6759.0000000;6759.0000000;145
SPFB.AFLT-6.21;60;20210407;220000;6763.0000000;6774.0000000;6763.0000000;6770.0000000;70
SPFB.AFLT-6.21;60;20210407;230000;6767.0000000;6777.0000000;6763.0000000;6776.0000000;187
SPFB.AFLT-6.21;60;20210408;000000;6776.0000000;6794.0000000;6772.0000000;6773.0000000;317
SPFB.AFLT-6.21;60;20210408;080000;6771.0000000;6810.0000000;6760.0000000;6810.0000000;53
SPFB.AFLT-6.21;60;20210408;090000;6809.0000000;6809.0000000;6751.0000000;6768.0000000;206
SPFB.AFLT-6.21;60;20210408;100000;6762.0000000;6830.0000000;6762.0000000;6830.0000000;291
SPFB.AFLT-6.21;60;20210408;110000;6807.0000000;6807.0000000;6745.0000000;6760.0000000;1819
SPFB.AFLT-6.21;60;20210408;120000;6758.0000000;6758.0000000;6744.0000000;6754.0000000;333
SPFB.AFLT-6.21;60;20210408;130000;6753.0000000;6753.0000000;6725.0000000;6738.0000000;1293
SPFB.AFLT-6.21;60;20210408;140000;6737.0000000;6738.0000000;6723.0000000;6731.0000000;625
SPFB.AFLT-6.21;60;20210408;150000;6739.0000000;6745.0000000;6722.0000000;6726.0000000;632
SPFB.AFLT-6.21;60;20210408;160000;6730.0000000;6732.0000000;6718.0000000;6727.0000000;639
SPFB.AFLT-6.21;60;20210408;170000;6726.0000000;6744.0000000;6712.0000000;6712.0000000;1288
SPFB.AFLT-6.21;60;20210408;180000;6713.0000000;6730.0000000;6711.0000000;6723.0000000;251
SPFB.AFLT-6.21;60;20210408;190000;6725.0000000;6737.0000000;6723.0000000;6731.0000000;401
SPFB.AFLT-6.21;60;20210408;200000;6747.0000000;6763.0000000;6719.0000000;6747.0000000;550
SPFB.AFLT-6.21;60;20210408;210000;6745.0000000;6752.0000000;6741.0000000;6746.0000000;117
SPFB.AFLT-6.21;60;20210408;220000;6746.0000000;6758.0000000;6738.0000000;6751.0000000;665
SPFB.AFLT-6.21;60;20210408;230000;6752.0000000;6755.0000000;6750.0000000;6750.0000000;48
SPFB.AFLT-6.21;60;20210409;000000;6746.0000000;6755.0000000;6742.0000000;6755.0000000;183
SPFB.AFLT-6.21;60;20210409;080000;6744.0000000;6768.0000000;6723.0000000;6749.0000000;158
SPFB.AFLT-6.21;60;20210409;090000;6734.0000000;6750.0000000;6734.0000000;6750.0000000;12
SPFB.AFLT-6.21;60;20210409;100000;6741.0000000;6749.0000000;6738.0000000;6749.0000000;13
SPFB.AFLT-6.21;60;20210409;110000;6750.0000000;6753.0000000;6728.0000000;6736.0000000;420
SPFB.AFLT-6.21;60;20210409;120000;6734.0000000;6735.0000000;6716.0000000;6716.0000000;1067
SPFB.AFLT-6.21;60;20210409;130000;6716.0000000;6725.0000000;6710.0000000;6716.0000000;3171
SPFB.AFLT-6.21;60;20210409;140000;6716.0000000;6721.0000000;6697.0000000;6711.0000000;1334
SPFB.AFLT-6.21;60;20210409;150000;6716.0000000;6719.0000000;6677.0000000;6683.0000000;902
SPFB.AFLT-6.21;60;20210409;160000;6680.0000000;6693.0000000;6675.0000000;6682.0000000;413
SPFB.AFLT-6.21;60;20210409;170000;6681.0000000;6705.0000000;6673.0000000;6682.0000000;680
SPFB.AFLT-6.21;60;20210409;180000;6682.0000000;6695.0000000;6678.0000000;6692.0000000;748
SPFB.AFLT-6.21;60;20210409;190000;6685.0000000;6693.0000000;6681.0000000;6690.0000000;259
SPFB.AFLT-6.21;60;20210409;200000;6679.0000000;6702.0000000;6679.0000000;6691.0000000;620
SPFB.AFLT-6.21;60;20210409;210000;6693.0000000;6695.0000000;6687.0000000;6693.0000000;169
SPFB.AFLT-6.21;60;20210409;220000;6693.0000000;6693.0000000;6687.0000000;6689.0000000;67
SPFB.AFLT-6.21;60;20210409;230000;6689.0000000;6694.0000000;6688.0000000;6694.0000000;271
SPFB.AFLT-6.21;60;20210410;000000;6694.0000000;6695.0000000;6691.0000000;6695.0000000;117
