<TICKER>;<PER>;<DATE>;<TIME>;<OPEN>;<HIGH>;<LOW>;<CLOSE>;<VOL>
SPFB.AFLT-12.19;60;20190619;220000;10619.0000000;10619.0000000;10619.0000000;10619.0000000;1
SPFB.AFLT-12.19;60;20190620;110000;10041.0000000;10041.0000000;10041.0000000;10041.0000000;1
SPFB.AFLT-12.19;60;20190621;110000;10288.0000000;10289.0000000;9946.0000000;9946.0000000;4
SPFB.AFLT-12.19;60;20190625;120000;10239.0000000;10240.0000000;10239.0000000;10240.0000000;5
SPFB.AFLT-12.19;60;20190625;140000;10286.0000000;10286.0000000;10286.0000000;10286.0000000;1
SPFB.AFLT-12.19;60;20190625;180000;10023.0000000;10023.0000000;10023.0000000;10023.0000000;1
SPFB.AFLT-12.19;60;20190628;180000;10322.0000000;10322.0000000;10322.0000000;10322.0000000;1
SPFB.AFLT-12.19;60;20190703;130000;10321.0000000;10321.0000000;10321.0000000;10321.0000000;1
SPFB.AFLT-12.19;60;20190703;160000;10260.0000000;10263.0000000;10260.0000000;10263.0000000;21
SPFB.AFLT-12.19;60;20190703;170000;10294.0000000;10296.0000000;10294.0000000;10296.0000000;14
SPFB.AFLT-12.19;60;20190703;180000;10370.0000000;10370.0000000;10370.0000000;10370.0000000;4
SPFB.AFLT-12.19;60;20190703;190000;10370.0000000;10370.0000000;10370.0000000;10370.0000000;4
SPFB.AFLT-12.19;60;20190703;200000;10413.0000000;10413.0000000;10413.0000000;10413.0000000;4
SPFB.AFLT-12.19;60;20190703;210000;10371.0000000;10371.0000000;10370.0000000;10370.0000000;4
SPFB.AFLT-12.19;60;20190703;230000;10372.0000000;10372.0000000;10320.0000000;10322.0000000;4
SPFB.AFLT-12.19;60;20190704;130000;10675.0000000;10676.0000000;10675.0000000;10675.0000000;4
SPFB.AFLT-12.19;60;20190704;150000;10861.0000000;10861.0000000;10861.0000000;10861.0000000;2
SPFB.AFLT-12.19;60;20190704;200000;11189.0000000;11189.0000000;11189.0000000;11189.0000000;2
SPFB.AFLT-12.19;60;20190704;220000;11200.0000000;11200.0000000;11200.0000000;11200.0000000;1
SPFB.AFLT-12.19;60;20190705;000000;11300.0000000;11381.0000000;11300.0000000;11381.0000000;2
SPFB.AFLT-12.19;60;20190705;120000;11202.0000000;11202.0000000;11179.0000000;11179.0000000;5
SPFB.AFLT-12.19;60;20190705;140000;11309.0000000;11309.0000000;11309.0000000;11309.0000000;5
SPFB.AFLT-12.19;60;20190709;230000;10857.0000000;10857.0000000;10857.0000000;10857.0000000;2
SPFB.AFLT-12.19;60;20190710;110000;10790.0000000;10790.0000000;10790.0000000;10790.0000000;1
SPFB.AFLT-12.19;60;20190710;190000;11307.0000000;11307.0000000;11307.0000000;11307.0000000;1
SPFB.AFLT-12.19;60;20190712;130000;11040.0000000;11045.0000000;11040.0000000;11045.0000000;2
SPFB.AFLT-12.19;60;20190715;110000;11191.0000000;11435.0000000;11190.0000000;11213.0000000;20
SPFB.AFLT-12.19;60;20190715;120000;11250.0000000;11353.0000000;11250.0000000;11353.0000000;3
SPFB.AFLT-12.19;60;20190715;150000;11250.0000000;11250.0000000;11232.0000000;11232.0000000;6
SPFB.AFLT-12.19;60;20190715;160000;11253.0000000;11253.0000000;11253.0000000;11253.0000000;1
SPFB.AFLT-12.19;60;20190715;170000;11125.0000000;11125.0000000;11011.0000000;11011.0000000;10
SPFB.AFLT-12.19;60;20190715;180000;11256.0000000;11256.0000000;11256.0000000;11256.0000000;1
SPFB.AFLT-12.19;60;20190718;110000;11144.0000000;11144.0000000;11144.0000000;11144.0000000;2
SPFB.AFLT-12.19;60;20190719;170000;11148.0000000;11245.0000000;11148.0000000;11245.0000000;24
SPFB.AFLT-12.19;60;20190723;110000;11070.0000000;11070.0000000;11070.0000000;11070.0000000;3
SPFB.AFLT-12.19;60;20190723;120000;11064.0000000;11064.0000000;11064.0000000;11064.0000000;2
SPFB.AFLT-12.19;60;20190725;220000;11117.0000000;11117.0000000;11117.0000000;11117.0000000;1
SPFB.AFLT-12.19;60;20190731;210000;10975.0000000;11037.0000000;10875.0000000;10880.0000000;7
SPFB.AFLT-12.19;60;20190731;220000;11000.0000000;11000.0000000;10880.0000000;10880.0000000;4
SPFB.AFLT-12.19;60;20190801;210000;11015.0000000;11015.0000000;11015.0000000;11015.0000000;52
SPFB.AFLT-12.19;60;20190805;170000;10710.0000000;10710.0000000;10710.0000000;10710.0000000;2
SPFB.AFLT-12.19;60;20190805;180000;10620.0000000;10644.0000000;10620.0000000;10644.0000000;3
SPFB.AFLT-12.19;60;20190807;110000;10650.0000000;10650.0000000;10650.0000000;10650.0000000;1
SPFB.AFLT-12.19;60;20190808;180000;10999.0000000;10999.0000000;10999.0000000;10999.0000000;3
SPFB.AFLT-12.19;60;20190808;220000;11017.0000000;11017.0000000;11016.0000000;11016.0000000;3
SPFB.AFLT-12.19;60;20190808;230000;11019.0000000;11019.0000000;11011.0000000;11011.0000000;7
SPFB.AFLT-12.19;60;20190809;110000;11059.0000000;11059.0000000;11059.0000000;11059.0000000;1
SPFB.AFLT-12.19;60;20190809;150000;11060.0000000;11060.0000000;11060.0000000;11060.0000000;2
SPFB.AFLT-12.19;60;20190809;160000;11151.0000000;11151.0000000;11151.0000000;11151.0000000;1
SPFB.AFLT-12.19;60;20190809;180000;11150.0000000;11195.0000000;11150.0000000;11195.0000000;2
SPFB.AFLT-12.19;60;20190809;190000;11150.0000000;11150.0000000;11150.0000000;11150.0000000;4
SPFB.AFLT-12.19;60;20190809;210000;11050.0000000;11050.0000000;10963.0000000;10963.0000000;5
SPFB.AFLT-12.19;60;20190812;120000;11191.0000000;11191.0000000;11191.0000000;11191.0000000;1
SPFB.AFLT-12.19;60;20190813;110000;11310.0000000;11310.0000000;11299.0000000;11299.0000000;4
SPFB.AFLT-12.19;60;20190813;190000;11192.0000000;11194.0000000;11191.0000000;11194.0000000;3
SPFB.AFLT-12.19;60;20190814;120000;11167.0000000;11167.0000000;11167.0000000;11167.0000000;2
SPFB.AFLT-12.19;60;20190814;140000;11153.0000000;11329.0000000;11153.0000000;11329.0000000;2
SPFB.AFLT-12.19;60;20190815;120000;11423.0000000;11423.0000000;11423.0000000;11423.0000000;1
SPFB.AFLT-12.19;60;20190815;160000;11407.0000000;11410.0000000;11407.0000000;11410.0000000;4
SPFB.AFLT-12.19;60;20190816;120000;11400.0000000;11400.0000000;11400.0000000;11400.0000000;1
SPFB.AFLT-12.19;60;20190816;130000;11140.0000000;11282.0000000;11140.0000000;11282.0000000;6
SPFB.AFLT-12.19;60;20190816;180000;11280.0000000;11280.0000000;11280.0000000;11280.0000000;1
SPFB.AFLT-12.19;60;20190820;120000;11101.0000000;11101.0000000;11100.0000000;11100.0000000;11
SPFB.AFLT-12.19;60;20190820;140000;11100.0000000;11100.0000000;11100.0000000;11100.0000000;1
SPFB.AFLT-12.19;60;20190820;190000;11143.0000000;11143.0000000;11143.0000000;11143.0000000;6
SPFB.AFLT-12.19;60;20190820;200000;11190.0000000;11190.0000000;11190.0000000;11190.0000000;1
SPFB.AFLT-12.19;60;20190821;180000;11333.0000000;11333.0000000;11333.0000000;11333.0000000;1
SPFB.AFLT-12.19;60;20190821;200000;11332.0000000;11332.0000000;11332.0000000;11332.0000000;1
SPFB.AFLT-12.19;60;20190822;110000;11118.0000000;11170.0000000;10645.0000000;11170.0000000;127
SPFB.AFLT-12.19;60;20190822;120000;11190.0000000;11215.0000000;11190.0000000;11215.0000000;29
SPFB.AFLT-12.19;60;20190822;140000;11104.0000000;11104.0000000;11104.0000000;11104.0000000;6
SPFB.AFLT-12.19;60;20190822;150000;11122.0000000;11122.0000000;11122.0000000;11122.0000000;6
SPFB.AFLT-12.19;60;20190822;170000;11140.0000000;11157.0000000;11140.0000000;11157.0000000;13
SPFB.AFLT-12.19;60;20190822;220000;11200.0000000;11200.0000000;11200.0000000;11200.0000000;1
SPFB.AFLT-12.19;60;20190823;110000;11211.0000000;11212.0000000;10988.0000000;10988.0000000;4
SPFB.AFLT-12.19;60;20190823;180000;11199.0000000;11200.0000000;11199.0000000;11200.0000000;2
SPFB.AFLT-12.19;60;20190826;130000;11104.0000000;11104.0000000;11104.0000000;11104.0000000;1
SPFB.AFLT-12.19;60;20190826;200000;11014.0000000;11014.0000000;11012.0000000;11012.0000000;2
SPFB.AFLT-12.19;60;20190827;160000;11167.0000000;11167.0000000;11167.0000000;11167.0000000;1
SPFB.AFLT-12.19;60;20190827;190000;11167.0000000;11167.0000000;11167.0000000;11167.0000000;10
SPFB.AFLT-12.19;60;20190828;150000;11145.0000000;11166.0000000;11019.0000000;11019.0000000;12
SPFB.AFLT-12.19;60;20190828;170000;11153.0000000;11153.0000000;11153.0000000;11153.0000000;1
SPFB.AFLT-12.19;60;20190829;110000;11224.0000000;11246.0000000;10964.0000000;10964.0000000;16
SPFB.AFLT-12.19;60;20190829;120000;11135.0000000;11135.0000000;11135.0000000;11135.0000000;1
SPFB.AFLT-12.19;60;20190829;140000;11121.0000000;11121.0000000;11121.0000000;11121.0000000;1
SPFB.AFLT-12.19;60;20190829;200000;11111.0000000;11111.0000000;11111.0000000;11111.0000000;5
SPFB.AFLT-12.19;60;20190830;110000;11104.0000000;11106.0000000;11104.0000000;11106.0000000;4
SPFB.AFLT-12.19;60;20190830;120000;11271.0000000;11271.0000000;11271.0000000;11271.0000000;10
SPFB.AFLT-12.19;60;20190830;140000;11244.0000000;11251.0000000;11227.0000000;11227.0000000;8
SPFB.AFLT-12.19;60;20190830;160000;11111.0000000;11111.0000000;11111.0000000;11111.0000000;3
SPFB.AFLT-12.19;60;20190830;200000;11122.0000000;11122.0000000;11122.0000000;11122.0000000;5
SPFB.AFLT-12.19;60;20190902;120000;11130.0000000;11130.0000000;11130.0000000;11130.0000000;5
SPFB.AFLT-12.19;60;20190902;170000;11046.0000000;11046.0000000;11046.0000000;11046.0000000;5
SPFB.AFLT-12.19;60;20190902;180000;11045.0000000;11060.0000000;11045.0000000;11060.0000000;12
SPFB.AFLT-12.19;60;20190903;110000;10834.0000000;10834.0000000;10834.0000000;10834.0000000;1
SPFB.AFLT-12.19;60;20190903;120000;10944.0000000;10944.0000000;10944.0000000;10944.0000000;10
SPFB.AFLT-12.19;60;20190903;130000;10868.0000000;10868.0000000;10800.0000000;10800.0000000;6
SPFB.AFLT-12.19;60;20190903;140000;10805.0000000;10805.0000000;10734.0000000;10805.0000000;13
SPFB.AFLT-12.19;60;20190903;190000;10820.0000000;10850.0000000;10820.0000000;10850.0000000;14
SPFB.AFLT-12.19;60;20190904;110000;10850.0000000;10850.0000000;10791.0000000;10791.0000000;5
SPFB.AFLT-12.19;60;20190904;120000;10750.0000000;10750.0000000;10730.0000000;10730.0000000;8
SPFB.AFLT-12.19;60;20190904;140000;10760.0000000;10784.0000000;10760.0000000;10784.0000000;21
SPFB.AFLT-12.19;60;20190904;150000;10770.0000000;10808.0000000;10770.0000000;10808.0000000;14
SPFB.AFLT-12.19;60;20190904;160000;10800.0000000;10800.0000000;10800.0000000;10800.0000000;10
SPFB.AFLT-12.19;60;20190904;180000;10780.0000000;10780.0000000;10780.0000000;10780.0000000;10
SPFB.AFLT-12.19;60;20190905;110000;10790.0000000;10790.0000000;10790.0000000;10790.0000000;10
SPFB.AFLT-12.19;60;20190905;160000;10800.0000000;10800.0000000;10800.0000000;10800.0000000;18
SPFB.AFLT-12.19;60;20190905;180000;10800.0000000;10800.0000000;10800.0000000;10800.0000000;1
SPFB.AFLT-12.19;60;20190905;200000;10800.0000000;10800.0000000;10800.0000000;10800.0000000;1
SPFB.AFLT-12.19;60;20190906;110000;10735.0000000;10735.0000000;10730.0000000;10730.0000000;34
SPFB.AFLT-12.19;60;20190906;140000;10774.0000000;10774.0000000;10774.0000000;10774.0000000;5
SPFB.AFLT-12.19;60;20190906;150000;10747.0000000;10747.0000000;10747.0000000;10747.0000000;4
SPFB.AFLT-12.19;60;20190906;180000;10710.0000000;10710.0000000;10652.0000000;10652.0000000;145
SPFB.AFLT-12.19;60;20190906;190000;10670.0000000;10670.0000000;10602.0000000;10602.0000000;16
SPFB.AFLT-12.19;60;20190906;220000;10504.0000000;10504.0000000;10504.0000000;10504.0000000;3
SPFB.AFLT-12.19;60;20190909;110000;10740.0000000;10750.0000000;10740.0000000;10750.0000000;24
SPFB.AFLT-12.19;60;20190909;150000;10739.0000000;10778.0000000;10737.0000000;10778.0000000;85
SPFB.AFLT-12.19;60;20190909;180000;10815.0000000;10815.0000000;10804.0000000;10815.0000000;94
SPFB.AFLT-12.19;60;20190909;190000;10815.0000000;10834.0000000;10815.0000000;10827.0000000;6
SPFB.AFLT-12.19;60;20190910;110000;10890.0000000;10890.0000000;10753.0000000;10816.0000000;13
SPFB.AFLT-12.19;60;20190910;120000;10824.0000000;10825.0000000;10800.0000000;10800.0000000;51
SPFB.AFLT-12.19;60;20190910;130000;10808.0000000;10808.0000000;10808.0000000;10808.0000000;2
SPFB.AFLT-12.19;60;20190910;140000;10794.0000000;10794.0000000;10794.0000000;10794.0000000;3
SPFB.AFLT-12.19;60;20190910;150000;10811.0000000;10811.0000000;10811.0000000;10811.0000000;2
SPFB.AFLT-12.19;60;20190910;170000;10799.0000000;10799.0000000;10799.0000000;10799.0000000;1
SPFB.AFLT-12.19;60;20190910;190000;10798.0000000;10798.0000000;10798.0000000;10798.0000000;1
SPFB.AFLT-12.19;60;20190910;200000;10802.0000000;10802.0000000;10802.0000000;10802.0000000;1
SPFB.AFLT-12.19;60;20190910;210000;10781.0000000;10790.0000000;10781.0000000;10790.0000000;2
SPFB.AFLT-12.19;60;20190911;110000;10832.0000000;10865.0000000;10832.0000000;10850.0000000;4
SPFB.AFLT-12.19;60;20190911;120000;10849.0000000;10869.0000000;10849.0000000;10865.0000000;35
SPFB.AFLT-12.19;60;20190911;130000;10855.0000000;10855.0000000;10845.0000000;10845.0000000;2
SPFB.AFLT-12.19;60;20190911;140000;10845.0000000;10865.0000000;10823.0000000;10823.0000000;48
SPFB.AFLT-12.19;60;20190911;150000;10841.0000000;10859.0000000;10839.0000000;10859.0000000;22
SPFB.AFLT-12.19;60;20190911;180000;10861.0000000;10861.0000000;10820.0000000;10849.0000000;27
SPFB.AFLT-12.19;60;20190911;190000;10855.0000000;10865.0000000;10855.0000000;10865.0000000;3
SPFB.AFLT-12.19;60;20190911;200000;10860.0000000;10860.0000000;10860.0000000;10860.0000000;3
SPFB.AFLT-12.19;60;20190912;110000;10847.0000000;10847.0000000;10805.0000000;10822.0000000;11
SPFB.AFLT-12.19;60;20190912;120000;10802.0000000;10802.0000000;10707.0000000;10770.0000000;5
SPFB.AFLT-12.19;60;20190912;130000;10830.0000000;10830.0000000;10830.0000000;10830.0000000;2
SPFB.AFLT-12.19;60;20190912;140000;10826.0000000;10826.0000000;10826.0000000;10826.0000000;15
SPFB.AFLT-12.19;60;20190912;160000;10827.0000000;10827.0000000;10815.0000000;10820.0000000;18
SPFB.AFLT-12.19;60;20190912;180000;10840.0000000;10844.0000000;10832.0000000;10844.0000000;35
SPFB.AFLT-12.19;60;20190912;190000;10835.0000000;10846.0000000;10835.0000000;10843.0000000;11
SPFB.AFLT-12.19;60;20190913;110000;10857.0000000;10857.0000000;10849.0000000;10849.0000000;12
SPFB.AFLT-12.19;60;20190913;120000;10898.0000000;10898.0000000;10880.0000000;10880.0000000;3
SPFB.AFLT-12.19;60;20190913;140000;10865.0000000;10888.0000000;10865.0000000;10880.0000000;6
SPFB.AFLT-12.19;60;20190913;150000;10888.0000000;10888.0000000;10860.0000000;10860.0000000;44
SPFB.AFLT-12.19;60;20190913;160000;10856.0000000;10856.0000000;10844.0000000;10844.0000000;4
SPFB.AFLT-12.19;60;20190913;200000;10808.0000000;10822.0000000;10686.0000000;10799.0000000;38
SPFB.AFLT-12.19;60;20190916;110000;10795.0000000;10795.0000000;10581.0000000;10630.0000000;561
SPFB.AFLT-12.19;60;20190916;120000;10630.0000000;10650.0000000;10574.0000000;10600.0000000;513
SPFB.AFLT-12.19;60;20190916;130000;10575.0000000;10585.0000000;10468.0000000;10510.0000000;376
SPFB.AFLT-12.19;60;20190916;140000;10504.0000000;10543.0000000;10500.0000000;10516.0000000;171
SPFB.AFLT-12.19;60;20190916;150000;10516.0000000;10547.0000000;10505.0000000;10547.0000000;50
SPFB.AFLT-12.19;60;20190916;160000;10551.0000000;10551.0000000;10475.0000000;10500.0000000;135
SPFB.AFLT-12.19;60;20190916;170000;10480.0000000;10485.0000000;10432.0000000;10438.0000000;269
SPFB.AFLT-12.19;60;20190916;180000;10443.0000000;10457.0000000;10422.0000000;10434.0000000;106
SPFB.AFLT-12.19;60;20190916;190000;10432.0000000;10432.0000000;10400.0000000;10412.0000000;296
SPFB.AFLT-12.19;60;20190916;200000;10419.0000000;10498.0000000;10400.0000000;10400.0000000;43
SPFB.AFLT-12.19;60;20190916;210000;10351.0000000;10378.0000000;10315.0000000;10350.0000000;18
SPFB.AFLT-12.19;60;20190916;220000;10351.0000000;10351.0000000;10350.0000000;10350.0000000;2
SPFB.AFLT-12.19;60;20190916;230000;10369.0000000;10369.0000000;10369.0000000;10369.0000000;1
SPFB.AFLT-12.19;60;20190917;000000;10351.0000000;10359.0000000;10320.0000000;10359.0000000;57
SPFB.AFLT-12.19;60;20190917;110000;10370.0000000;10514.0000000;10250.0000000;10477.0000000;675
SPFB.AFLT-12.19;60;20190917;120000;10456.0000000;10477.0000000;10431.0000000;10459.0000000;210
SPFB.AFLT-12.19;60;20190917;130000;10457.0000000;10488.0000000;10456.0000000;10480.0000000;85
SPFB.AFLT-12.19;60;20190917;140000;10489.0000000;10503.0000000;10476.0000000;10503.0000000;188
SPFB.AFLT-12.19;60;20190917;150000;10513.0000000;10520.0000000;10490.0000000;10505.0000000;154
SPFB.AFLT-12.19;60;20190917;160000;10499.0000000;10518.0000000;10457.0000000;10468.0000000;94
SPFB.AFLT-12.19;60;20190917;170000;10470.0000000;10511.0000000;10460.0000000;10505.0000000;153
SPFB.AFLT-12.19;60;20190917;180000;10487.0000000;10576.0000000;10475.0000000;10545.0000000;350
SPFB.AFLT-12.19;60;20190917;190000;10537.0000000;10540.0000000;10450.0000000;10459.0000000;237
SPFB.AFLT-12.19;60;20190917;200000;10446.0000000;10446.0000000;10445.0000000;10445.0000000;10
SPFB.AFLT-12.19;60;20190917;210000;10518.0000000;10518.0000000;10516.0000000;10516.0000000;6
SPFB.AFLT-12.19;60;20190917;230000;10517.0000000;10538.0000000;10517.0000000;10538.0000000;42
SPFB.AFLT-12.19;60;20190918;000000;10530.0000000;10533.0000000;10530.0000000;10533.0000000;5
SPFB.AFLT-12.19;60;20190918;110000;10494.0000000;10519.0000000;10480.0000000;10500.0000000;151
SPFB.AFLT-12.19;60;20190918;120000;10503.0000000;10503.0000000;10485.0000000;10492.0000000;201
SPFB.AFLT-12.19;60;20190918;130000;10506.0000000;10523.0000000;10480.0000000;10491.0000000;247
SPFB.AFLT-12.19;60;20190918;140000;10504.0000000;10504.0000000;10486.0000000;10490.0000000;73
SPFB.AFLT-12.19;60;20190918;150000;10490.0000000;10490.0000000;10465.0000000;10465.0000000;69
SPFB.AFLT-12.19;60;20190918;160000;10476.0000000;10481.0000000;10456.0000000;10460.0000000;82
SPFB.AFLT-12.19;60;20190918;170000;10469.0000000;10492.0000000;10449.0000000;10469.0000000;191
SPFB.AFLT-12.19;60;20190918;180000;10468.0000000;10468.0000000;10408.0000000;10430.0000000;180
SPFB.AFLT-12.19;60;20190918;190000;10439.0000000;10466.0000000;10408.0000000;10452.0000000;99
SPFB.AFLT-12.19;60;20190918;200000;10376.0000000;10457.0000000;10375.0000000;10457.0000000;52
SPFB.AFLT-12.19;60;20190918;210000;10440.0000000;10441.0000000;10424.0000000;10425.0000000;13
SPFB.AFLT-12.19;60;20190918;220000;10424.0000000;10424.0000000;10401.0000000;10409.0000000;22
SPFB.AFLT-12.19;60;20190919;110000;10444.0000000;10556.0000000;10442.0000000;10475.0000000;2239
SPFB.AFLT-12.19;60;20190919;120000;10472.0000000;10489.0000000;10452.0000000;10464.0000000;241
SPFB.AFLT-12.19;60;20190919;130000;10462.0000000;10467.0000000;10397.0000000;10423.0000000;913
SPFB.AFLT-12.19;60;20190919;140000;10417.0000000;10427.0000000;10390.0000000;10402.0000000;729
SPFB.AFLT-12.19;60;20190919;150000;10403.0000000;10410.0000000;10382.0000000;10385.0000000;622
SPFB.AFLT-12.19;60;20190919;160000;10387.0000000;10440.0000000;10366.0000000;10425.0000000;332
SPFB.AFLT-12.19;60;20190919;170000;10427.0000000;10437.0000000;10396.0000000;10400.0000000;137
SPFB.AFLT-12.19;60;20190919;180000;10392.0000000;10392.0000000;10353.0000000;10360.0000000;108
SPFB.AFLT-12.19;60;20190919;190000;10377.0000000;10385.0000000;10374.0000000;10383.0000000;37
SPFB.AFLT-12.19;60;20190919;200000;10375.0000000;10402.0000000;10357.0000000;10402.0000000;95
SPFB.AFLT-12.19;60;20190919;210000;10401.0000000;10402.0000000;10401.0000000;10402.0000000;17
SPFB.AFLT-12.19;60;20190919;220000;10396.0000000;10437.0000000;10389.0000000;10437.0000000;63
SPFB.AFLT-12.19;60;20190919;230000;10424.0000000;10430.0000000;10408.0000000;10408.0000000;16
SPFB.AFLT-12.19;60;20190920;000000;10411.0000000;10411.0000000;10409.0000000;10409.0000000;3
SPFB.AFLT-12.19;60;20190920;110000;10449.0000000;10449.0000000;10348.0000000;10369.0000000;411
SPFB.AFLT-12.19;60;20190920;120000;10365.0000000;10403.0000000;10362.0000000;10399.0000000;143
SPFB.AFLT-12.19;60;20190920;130000;10401.0000000;10401.0000000;10376.0000000;10391.0000000;25
SPFB.AFLT-12.19;60;20190920;140000;10392.0000000;10413.0000000;10390.0000000;10390.0000000;329
SPFB.AFLT-12.19;60;20190920;150000;10392.0000000;10396.0000000;10386.0000000;10396.0000000;21
SPFB.AFLT-12.19;60;20190920;160000;10394.0000000;10447.0000000;10387.0000000;10434.0000000;195
SPFB.AFLT-12.19;60;20190920;170000;10436.0000000;10480.0000000;10422.0000000;10462.0000000;315
SPFB.AFLT-12.19;60;20190920;180000;10467.0000000;10475.0000000;10451.0000000;10470.0000000;64
SPFB.AFLT-12.19;60;20190920;190000;10470.0000000;10470.0000000;10417.0000000;10452.0000000;112
SPFB.AFLT-12.19;60;20190920;200000;10448.0000000;10463.0000000;10439.0000000;10463.0000000;12
SPFB.AFLT-12.19;60;20190920;210000;10463.0000000;10465.0000000;10406.0000000;10465.0000000;41
SPFB.AFLT-12.19;60;20190920;230000;10460.0000000;10460.0000000;10425.0000000;10460.0000000;12
SPFB.AFLT-12.19;60;20190923;110000;10456.0000000;10456.0000000;10363.0000000;10407.0000000;478
SPFB.AFLT-12.19;60;20190923;120000;10408.0000000;10409.0000000;10363.0000000;10397.0000000;133
SPFB.AFLT-12.19;60;20190923;130000;10400.0000000;10403.0000000;10369.0000000;10389.0000000;77
SPFB.AFLT-12.19;60;20190923;140000;10390.0000000;10414.0000000;10390.0000000;10414.0000000;176
SPFB.AFLT-12.19;60;20190923;150000;10412.0000000;10412.0000000;10395.0000000;10400.0000000;168
SPFB.AFLT-12.19;60;20190923;160000;10402.0000000;10419.0000000;10392.0000000;10418.0000000;154
SPFB.AFLT-12.19;60;20190923;170000;10416.0000000;10416.0000000;10392.0000000;10392.0000000;190
SPFB.AFLT-12.19;60;20190923;180000;10413.0000000;10435.0000000;10400.0000000;10424.0000000;78
SPFB.AFLT-12.19;60;20190923;190000;10424.0000000;10452.0000000;10413.0000000;10421.0000000;107
SPFB.AFLT-12.19;60;20190923;200000;10446.0000000;10452.0000000;10427.0000000;10452.0000000;30
SPFB.AFLT-12.19;60;20190923;210000;10443.0000000;10457.0000000;10443.0000000;10454.0000000;6
SPFB.AFLT-12.19;60;20190923;220000;10453.0000000;10475.0000000;10450.0000000;10475.0000000;6
SPFB.AFLT-12.19;60;20190923;230000;10457.0000000;10457.0000000;10457.0000000;10457.0000000;3
SPFB.AFLT-12.19;60;20190924;000000;10462.0000000;10481.0000000;10462.0000000;10481.0000000;13
SPFB.AFLT-12.19;60;20190924;110000;10452.0000000;10467.0000000;10419.0000000;10460.0000000;237
SPFB.AFLT-12.19;60;20190924;120000;10472.0000000;10474.0000000;10446.0000000;10446.0000000;47
SPFB.AFLT-12.19;60;20190924;130000;10446.0000000;10446.0000000;10420.0000000;10421.0000000;114
SPFB.AFLT-12.19;60;20190924;140000;10416.0000000;10448.0000000;10416.0000000;10443.0000000;28
SPFB.AFLT-12.19;60;20190924;150000;10449.0000000;10471.0000000;10449.0000000;10471.0000000;97
SPFB.AFLT-12.19;60;20190924;160000;10473.0000000;10498.0000000;10470.0000000;10473.0000000;195
SPFB.AFLT-12.19;60;20190924;170000;10473.0000000;10482.0000000;10449.0000000;10456.0000000;137
SPFB.AFLT-12.19;60;20190924;180000;10437.0000000;10440.0000000;10380.0000000;10380.0000000;90
SPFB.AFLT-12.19;60;20190924;190000;10372.0000000;10406.0000000;10367.0000000;10370.0000000;181
SPFB.AFLT-12.19;60;20190924;200000;10380.0000000;10380.0000000;10330.0000000;10352.0000000;69
SPFB.AFLT-12.19;60;20190924;210000;10356.0000000;10371.0000000;10356.0000000;10371.0000000;12
SPFB.AFLT-12.19;60;20190924;220000;10371.0000000;10371.0000000;10297.0000000;10317.0000000;299
SPFB.AFLT-12.19;60;20190924;230000;10314.0000000;10322.0000000;10309.0000000;10313.0000000;14
SPFB.AFLT-12.19;60;20190925;000000;10313.0000000;10350.0000000;10313.0000000;10350.0000000;34
SPFB.AFLT-12.19;60;20190925;110000;10371.0000000;10416.0000000;10305.0000000;10323.0000000;701
SPFB.AFLT-12.19;60;20190925;120000;10315.0000000;10411.0000000;10314.0000000;10395.0000000;279
SPFB.AFLT-12.19;60;20190925;130000;10393.0000000;10424.0000000;10367.0000000;10424.0000000;163
SPFB.AFLT-12.19;60;20190925;140000;10409.0000000;10429.0000000;10401.0000000;10429.0000000;53
SPFB.AFLT-12.19;60;20190925;150000;10431.0000000;10437.0000000;10401.0000000;10415.0000000;40
SPFB.AFLT-12.19;60;20190925;160000;10408.0000000;10417.0000000;10404.0000000;10404.0000000;15
SPFB.AFLT-12.19;60;20190925;170000;10408.0000000;10417.0000000;10375.0000000;10385.0000000;135
SPFB.AFLT-12.19;60;20190925;180000;10401.0000000;10415.0000000;10388.0000000;10413.0000000;29
SPFB.AFLT-12.19;60;20190925;190000;10400.0000000;10417.0000000;10384.0000000;10417.0000000;50
SPFB.AFLT-12.19;60;20190925;210000;10380.0000000;10380.0000000;10380.0000000;10380.0000000;3
SPFB.AFLT-12.19;60;20190925;220000;10380.0000000;10409.0000000;10378.0000000;10409.0000000;103
SPFB.AFLT-12.19;60;20190925;230000;10413.0000000;10413.0000000;10399.0000000;10399.0000000;20
SPFB.AFLT-12.19;60;20190926;000000;10413.0000000;10417.0000000;10402.0000000;10409.0000000;26
SPFB.AFLT-12.19;60;20190926;110000;10409.0000000;10443.0000000;10400.0000000;10424.0000000;182
SPFB.AFLT-12.19;60;20190926;120000;10442.0000000;10457.0000000;10426.0000000;10429.0000000;240
SPFB.AFLT-12.19;60;20190926;130000;10431.0000000;10439.0000000;10417.0000000;10419.0000000;129
SPFB.AFLT-12.19;60;20190926;140000;10425.0000000;10425.0000000;10425.0000000;10425.0000000;1
SPFB.AFLT-12.19;60;20190926;150000;10435.0000000;10500.0000000;10435.0000000;10459.0000000;496
SPFB.AFLT-12.19;60;20190926;160000;10456.0000000;10508.0000000;10456.0000000;10493.0000000;404
SPFB.AFLT-12.19;60;20190926;170000;10489.0000000;10489.0000000;10444.0000000;10444.0000000;213
SPFB.AFLT-12.19;60;20190926;180000;10459.0000000;10506.0000000;10459.0000000;10491.0000000;211
SPFB.AFLT-12.19;60;20190926;190000;10486.0000000;10500.0000000;10434.0000000;10494.0000000;422
SPFB.AFLT-12.19;60;20190926;200000;10498.0000000;10499.0000000;10462.0000000;10462.0000000;3
SPFB.AFLT-12.19;60;20190926;210000;10463.0000000;10463.0000000;10463.0000000;10463.0000000;2
SPFB.AFLT-12.19;60;20190926;220000;10463.0000000;10468.0000000;10461.0000000;10461.0000000;7
SPFB.AFLT-12.19;60;20190926;230000;10455.0000000;10471.0000000;10442.0000000;10449.0000000;18
SPFB.AFLT-12.19;60;20190927;000000;10449.0000000;10449.0000000;10415.0000000;10440.0000000;63
SPFB.AFLT-12.19;60;20190927;110000;10489.0000000;10499.0000000;10444.0000000;10448.0000000;231
SPFB.AFLT-12.19;60;20190927;120000;10460.0000000;10499.0000000;10460.0000000;10499.0000000;105
SPFB.AFLT-12.19;60;20190927;130000;10499.0000000;10503.0000000;10474.0000000;10474.0000000;65
SPFB.AFLT-12.19;60;20190927;140000;10473.0000000;10483.0000000;10465.0000000;10465.0000000;156
SPFB.AFLT-12.19;60;20190927;150000;10484.0000000;10537.0000000;10484.0000000;10532.0000000;178
SPFB.AFLT-12.19;60;20190927;160000;10534.0000000;10599.0000000;10521.0000000;10574.0000000;1195
SPFB.AFLT-12.19;60;20190927;170000;10584.0000000;10587.0000000;10552.0000000;10567.0000000;355
SPFB.AFLT-12.19;60;20190927;180000;10563.0000000;10569.0000000;10538.0000000;10538.0000000;91
SPFB.AFLT-12.19;60;20190927;190000;10545.0000000;10555.0000000;10505.0000000;10505.0000000;86
SPFB.AFLT-12.19;60;20190927;200000;10507.0000000;10539.0000000;10507.0000000;10521.0000000;10
SPFB.AFLT-12.19;60;20190927;210000;10535.0000000;10535.0000000;10480.0000000;10480.0000000;16
SPFB.AFLT-12.19;60;20190927;220000;10501.0000000;10515.0000000;10494.0000000;10495.0000000;13
SPFB.AFLT-12.19;60;20190927;230000;10487.0000000;10487.0000000;10484.0000000;10484.0000000;8
SPFB.AFLT-12.19;60;20190930;110000;10500.0000000;10587.0000000;10500.0000000;10508.0000000;419
SPFB.AFLT-12.19;60;20190930;120000;10492.0000000;10532.0000000;10460.0000000;10525.0000000;146
SPFB.AFLT-12.19;60;20190930;130000;10530.0000000;10538.0000000;10513.0000000;10537.0000000;26
SPFB.AFLT-12.19;60;20190930;140000;10524.0000000;10538.0000000;10513.0000000;10537.0000000;49
SPFB.AFLT-12.19;60;20190930;150000;10536.0000000;10537.0000000;10519.0000000;10530.0000000;10
SPFB.AFLT-12.19;60;20190930;160000;10513.0000000;10523.0000000;10513.0000000;10519.0000000;14
SPFB.AFLT-12.19;60;20190930;170000;10521.0000000;10521.0000000;10467.0000000;10473.0000000;68
SPFB.AFLT-12.19;60;20190930;180000;10460.0000000;10540.0000000;10448.0000000;10492.0000000;265
SPFB.AFLT-12.19;60;20190930;190000;10507.0000000;10544.0000000;10496.0000000;10506.0000000;270
SPFB.AFLT-12.19;60;20190930;200000;10505.0000000;10546.0000000;10499.0000000;10542.0000000;87
SPFB.AFLT-12.19;60;20190930;210000;10540.0000000;10540.0000000;10531.0000000;10531.0000000;6
SPFB.AFLT-12.19;60;20190930;220000;10542.0000000;10542.0000000;10526.0000000;10526.0000000;15
SPFB.AFLT-12.19;60;20190930;230000;10513.0000000;10532.0000000;10513.0000000;10532.0000000;4
SPFB.AFLT-12.19;60;20191001;000000;10533.0000000;10561.0000000;10533.0000000;10561.0000000;11
SPFB.AFLT-12.19;60;20191001;110000;10549.0000000;10555.0000000;10520.0000000;10550.0000000;170
SPFB.AFLT-12.19;60;20191001;120000;10550.0000000;10572.0000000;10530.0000000;10530.0000000;90
SPFB.AFLT-12.19;60;20191001;130000;10535.0000000;10545.0000000;10489.0000000;10516.0000000;166
SPFB.AFLT-12.19;60;20191001;140000;10514.0000000;10537.0000000;10501.0000000;10516.0000000;151
SPFB.AFLT-12.19;60;20191001;150000;10533.0000000;10533.0000000;10515.0000000;10515.0000000;13
SPFB.AFLT-12.19;60;20191001;160000;10512.0000000;10521.0000000;10508.0000000;10511.0000000;33
SPFB.AFLT-12.19;60;20191001;170000;10516.0000000;10532.0000000;10501.0000000;10532.0000000;51
SPFB.AFLT-12.19;60;20191001;180000;10531.0000000;10565.0000000;10527.0000000;10555.0000000;276
SPFB.AFLT-12.19;60;20191001;190000;10550.0000000;10560.0000000;10508.0000000;10511.0000000;178
SPFB.AFLT-12.19;60;20191001;200000;10531.0000000;10531.0000000;10514.0000000;10515.0000000;17
SPFB.AFLT-12.19;60;20191001;210000;10515.0000000;10515.0000000;10515.0000000;10515.0000000;2
SPFB.AFLT-12.19;60;20191001;220000;10529.0000000;10595.0000000;10468.0000000;10526.0000000;107
SPFB.AFLT-12.19;60;20191001;230000;10542.0000000;10542.0000000;10532.0000000;10532.0000000;56
SPFB.AFLT-12.19;60;20191002;000000;10534.0000000;10535.0000000;10520.0000000;10520.0000000;93
SPFB.AFLT-12.19;60;20191002;110000;10515.0000000;10557.0000000;10451.0000000;10479.0000000;324
SPFB.AFLT-12.19;60;20191002;120000;10479.0000000;10504.0000000;10464.0000000;10488.0000000;87
SPFB.AFLT-12.19;60;20191002;130000;10485.0000000;10499.0000000;10485.0000000;10490.0000000;49
SPFB.AFLT-12.19;60;20191002;140000;10485.0000000;10497.0000000;10464.0000000;10468.0000000;48
SPFB.AFLT-12.19;60;20191002;150000;10457.0000000;10492.0000000;10457.0000000;10475.0000000;112
SPFB.AFLT-12.19;60;20191002;160000;10474.0000000;10519.0000000;10464.0000000;10480.0000000;137
SPFB.AFLT-12.19;60;20191002;170000;10488.0000000;10490.0000000;10441.0000000;10441.0000000;295
SPFB.AFLT-12.19;60;20191002;180000;10472.0000000;10474.0000000;10413.0000000;10450.0000000;319
SPFB.AFLT-12.19;60;20191002;190000;10437.0000000;10459.0000000;10390.0000000;10436.0000000;287
SPFB.AFLT-12.19;60;20191002;200000;10425.0000000;10436.0000000;10421.0000000;10435.0000000;12
SPFB.AFLT-12.19;60;20191002;210000;10427.0000000;10427.0000000;10427.0000000;10427.0000000;1
SPFB.AFLT-12.19;60;20191003;110000;10424.0000000;10424.0000000;10224.0000000;10279.0000000;859
SPFB.AFLT-12.19;60;20191003;120000;10297.0000000;10313.0000000;10281.0000000;10287.0000000;114
SPFB.AFLT-12.19;60;20191003;130000;10270.0000000;10298.0000000;10250.0000000;10263.0000000;132
SPFB.AFLT-12.19;60;20191003;140000;10282.0000000;10287.0000000;10252.0000000;10287.0000000;94
SPFB.AFLT-12.19;60;20191003;150000;10279.0000000;10288.0000000;10261.0000000;10261.0000000;24
SPFB.AFLT-12.19;60;20191003;160000;10261.0000000;10264.0000000;10253.0000000;10261.0000000;200
SPFB.AFLT-12.19;60;20191003;170000;10250.0000000;10279.0000000;10240.0000000;10262.0000000;189
SPFB.AFLT-12.19;60;20191003;180000;10256.0000000;10256.0000000;10165.0000000;10181.0000000;610
SPFB.AFLT-12.19;60;20191003;190000;10183.0000000;10221.0000000;10180.0000000;10198.0000000;221
SPFB.AFLT-12.19;60;20191003;200000;10176.0000000;10246.0000000;10176.0000000;10246.0000000;17
SPFB.AFLT-12.19;60;20191003;210000;10235.0000000;10248.0000000;10233.0000000;10233.0000000;11
SPFB.AFLT-12.19;60;20191003;220000;10248.0000000;10250.0000000;10248.0000000;10248.0000000;19
SPFB.AFLT-12.19;60;20191003;230000;10248.0000000;10324.0000000;10248.0000000;10250.0000000;122
SPFB.AFLT-12.19;60;20191004;000000;10274.0000000;10274.0000000;10266.0000000;10266.0000000;11
SPFB.AFLT-12.19;60;20191004;110000;10250.0000000;10296.0000000;10209.0000000;10268.0000000;249
SPFB.AFLT-12.19;60;20191004;120000;10263.0000000;10266.0000000;10216.0000000;10227.0000000;299
SPFB.AFLT-12.19;60;20191004;130000;10229.0000000;10235.0000000;10200.0000000;10211.0000000;44
SPFB.AFLT-12.19;60;20191004;140000;10199.0000000;10199.0000000;10151.0000000;10160.0000000;340
SPFB.AFLT-12.19;60;20191004;150000;10157.0000000;10157.0000000;10098.0000000;10120.0000000;355
SPFB.AFLT-12.19;60;20191004;160000;10141.0000000;10161.0000000;10140.0000000;10140.0000000;61
SPFB.AFLT-12.19;60;20191004;170000;10150.0000000;10164.0000000;10150.0000000;10160.0000000;32
SPFB.AFLT-12.19;60;20191004;180000;10158.0000000;10163.0000000;10111.0000000;10120.0000000;192
SPFB.AFLT-12.19;60;20191004;190000;10122.0000000;10122.0000000;10072.0000000;10092.0000000;394
SPFB.AFLT-12.19;60;20191004;200000;10094.0000000;10094.0000000;10063.0000000;10077.0000000;12
SPFB.AFLT-12.19;60;20191004;210000;10077.0000000;10077.0000000;10023.0000000;10023.0000000;42
SPFB.AFLT-12.19;60;20191004;220000;10045.0000000;10048.0000000;10035.0000000;10048.0000000;15
SPFB.AFLT-12.19;60;20191004;230000;10048.0000000;10075.0000000;10045.0000000;10075.0000000;40
SPFB.AFLT-12.19;60;20191005;000000;10065.0000000;10073.0000000;10063.0000000;10063.0000000;9
SPFB.AFLT-12.19;60;20191007;110000;10099.0000000;10103.0000000;9966.0000000;10030.0000000;708
SPFB.AFLT-12.19;60;20191007;120000;10030.0000000;10080.0000000;10024.0000000;10068.0000000;307
SPFB.AFLT-12.19;60;20191007;130000;10060.0000000;10105.0000000;10054.0000000;10098.0000000;231
SPFB.AFLT-12.19;60;20191007;140000;10114.0000000;10128.0000000;10101.0000000;10122.0000000;100
SPFB.AFLT-12.19;60;20191007;150000;10119.0000000;10155.0000000;10094.0000000;10139.0000000;196
SPFB.AFLT-12.19;60;20191007;160000;10135.0000000;10164.0000000;10135.0000000;10152.0000000;89
SPFB.AFLT-12.19;60;20191007;170000;10151.0000000;10154.0000000;10143.0000000;10148.0000000;38
SPFB.AFLT-12.19;60;20191007;180000;10131.0000000;10137.0000000;10086.0000000;10107.0000000;101
SPFB.AFLT-12.19;60;20191007;190000;10118.0000000;10118.0000000;10059.0000000;10063.0000000;100
SPFB.AFLT-12.19;60;20191007;200000;10073.0000000;10081.0000000;10063.0000000;10081.0000000;24
SPFB.AFLT-12.19;60;20191007;210000;10070.0000000;10076.0000000;10061.0000000;10073.0000000;22
SPFB.AFLT-12.19;60;20191007;220000;10065.0000000;10071.0000000;10065.0000000;10071.0000000;3
SPFB.AFLT-12.19;60;20191007;230000;10075.0000000;10097.0000000;10075.0000000;10081.0000000;10
SPFB.AFLT-12.19;60;20191008;110000;10100.0000000;10212.0000000;10091.0000000;10179.0000000;433
SPFB.AFLT-12.19;60;20191008;120000;10163.0000000;10166.0000000;10133.0000000;10134.0000000;120
SPFB.AFLT-12.19;60;20191008;130000;10137.0000000;10140.0000000;10119.0000000;10129.0000000;42
SPFB.AFLT-12.19;60;20191008;140000;10123.0000000;10124.0000000;10055.0000000;10085.0000000;175
SPFB.AFLT-12.19;60;20191008;150000;10096.0000000;10104.0000000;10079.0000000;10079.0000000;120
SPFB.AFLT-12.19;60;20191008;160000;10075.0000000;10096.0000000;10075.0000000;10087.0000000;60
SPFB.AFLT-12.19;60;20191008;170000;10100.0000000;10111.0000000;10099.0000000;10099.0000000;26
SPFB.AFLT-12.19;60;20191008;180000;10086.0000000;10094.0000000;10082.0000000;10094.0000000;68
SPFB.AFLT-12.19;60;20191008;190000;10080.0000000;10091.0000000;10061.0000000;10084.0000000;30
SPFB.AFLT-12.19;60;20191008;210000;10128.0000000;10128.0000000;10097.0000000;10097.0000000;3
SPFB.AFLT-12.19;60;20191008;220000;10096.0000000;10096.0000000;10062.0000000;10085.0000000;108
SPFB.AFLT-12.19;60;20191008;230000;10073.0000000;10073.0000000;10073.0000000;10073.0000000;1
SPFB.AFLT-12.19;60;20191009;110000;10095.0000000;10193.0000000;10093.0000000;10155.0000000;312
SPFB.AFLT-12.19;60;20191009;120000;10161.0000000;10254.0000000;10161.0000000;10230.0000000;360
SPFB.AFLT-12.19;60;20191009;130000;10218.0000000;10230.0000000;10204.0000000;10206.0000000;53
SPFB.AFLT-12.19;60;20191009;140000;10213.0000000;10242.0000000;10206.0000000;10210.0000000;47
SPFB.AFLT-12.19;60;20191009;150000;10210.0000000;10243.0000000;10202.0000000;10243.0000000;120
SPFB.AFLT-12.19;60;20191009;160000;10244.0000000;10292.0000000;10238.0000000;10257.0000000;149
SPFB.AFLT-12.19;60;20191009;170000;10270.0000000;10286.0000000;10250.0000000;10262.0000000;59
SPFB.AFLT-12.19;60;20191009;180000;10245.0000000;10245.0000000;10124.0000000;10155.0000000;218
SPFB.AFLT-12.19;60;20191009;190000;10155.0000000;10167.0000000;10146.0000000;10163.0000000;80
SPFB.AFLT-12.19;60;20191009;200000;10194.0000000;10194.0000000;10194.0000000;10194.0000000;1
SPFB.AFLT-12.19;60;20191009;210000;10165.0000000;10165.0000000;10165.0000000;10165.0000000;1
SPFB.AFLT-12.19;60;20191009;220000;10181.0000000;10181.0000000;10165.0000000;10165.0000000;3
SPFB.AFLT-12.19;60;20191009;230000;10175.0000000;10199.0000000;10173.0000000;10198.0000000;53
SPFB.AFLT-12.19;60;20191010;000000;10198.0000000;10198.0000000;10185.0000000;10185.0000000;9
SPFB.AFLT-12.19;60;20191010;110000;10163.0000000;10198.0000000;10133.0000000;10198.0000000;178
SPFB.AFLT-12.19;60;20191010;120000;10185.0000000;10188.0000000;10153.0000000;10178.0000000;66
SPFB.AFLT-12.19;60;20191010;130000;10174.0000000;10175.0000000;10152.0000000;10162.0000000;53
SPFB.AFLT-12.19;60;20191010;140000;10161.0000000;10161.0000000;10148.0000000;10148.0000000;6
SPFB.AFLT-12.19;60;20191010;150000;10167.0000000;10183.0000000;10167.0000000;10175.0000000;19
SPFB.AFLT-12.19;60;20191010;160000;10171.0000000;10191.0000000;10171.0000000;10190.0000000;18
SPFB.AFLT-12.19;60;20191010;170000;10180.0000000;10193.0000000;10172.0000000;10192.0000000;23
SPFB.AFLT-12.19;60;20191010;180000;10187.0000000;10242.0000000;10187.0000000;10242.0000000;73
SPFB.AFLT-12.19;60;20191010;190000;10245.0000000;10270.0000000;10228.0000000;10231.0000000;62
SPFB.AFLT-12.19;60;20191010;200000;10256.0000000;10256.0000000;10217.0000000;10217.0000000;65
SPFB.AFLT-12.19;60;20191010;210000;10230.0000000;10230.0000000;10230.0000000;10230.0000000;8
SPFB.AFLT-12.19;60;20191010;220000;10230.0000000;10237.0000000;10230.0000000;10235.0000000;5
SPFB.AFLT-12.19;60;20191010;230000;10235.0000000;10235.0000000;10235.0000000;10235.0000000;3
SPFB.AFLT-12.19;60;20191011;110000;10236.0000000;10300.0000000;10216.0000000;10216.0000000;454
SPFB.AFLT-12.19;60;20191011;120000;10226.0000000;10255.0000000;10214.0000000;10214.0000000;31
SPFB.AFLT-12.19;60;20191011;130000;10194.0000000;10211.0000000;10194.0000000;10202.0000000;65
SPFB.AFLT-12.19;60;20191011;140000;10196.0000000;10221.0000000;10196.0000000;10217.0000000;22
SPFB.AFLT-12.19;60;20191011;150000;10218.0000000;10230.0000000;10203.0000000;10230.0000000;48
SPFB.AFLT-12.19;60;20191011;160000;10220.0000000;10224.0000000;10206.0000000;10206.0000000;84
SPFB.AFLT-12.19;60;20191011;170000;10206.0000000;10214.0000000;10158.0000000;10158.0000000;500
SPFB.AFLT-12.19;60;20191011;180000;10151.0000000;10167.0000000;10142.0000000;10146.0000000;23
SPFB.AFLT-12.19;60;20191011;190000;10146.0000000;10155.0000000;10140.0000000;10140.0000000;29
SPFB.AFLT-12.19;60;20191011;220000;10156.0000000;10156.0000000;10156.0000000;10156.0000000;10
SPFB.AFLT-12.19;60;20191014;110000;10154.0000000;10181.0000000;9996.0000000;10086.0000000;464
SPFB.AFLT-12.19;60;20191014;120000;10074.0000000;10088.0000000;10046.0000000;10051.0000000;210
SPFB.AFLT-12.19;60;20191014;130000;10053.0000000;10080.0000000;10046.0000000;10080.0000000;102
SPFB.AFLT-12.19;60;20191014;140000;10080.0000000;10302.0000000;10068.0000000;10302.0000000;737
SPFB.AFLT-12.19;60;20191014;150000;10288.0000000;10476.0000000;10258.0000000;10458.0000000;904
SPFB.AFLT-12.19;60;20191014;160000;10453.0000000;10453.0000000;10390.0000000;10416.0000000;550
SPFB.AFLT-12.19;60;20191014;170000;10416.0000000;10449.0000000;10292.0000000;10334.0000000;724
SPFB.AFLT-12.19;60;20191014;180000;10343.0000000;10419.0000000;10340.0000000;10417.0000000;180
SPFB.AFLT-12.19;60;20191014;190000;10420.0000000;10420.0000000;10388.0000000;10406.0000000;138
SPFB.AFLT-12.19;60;20191014;200000;10411.0000000;10411.0000000;10315.0000000;10385.0000000;238
SPFB.AFLT-12.19;60;20191014;210000;10385.0000000;10385.0000000;10371.0000000;10371.0000000;13
SPFB.AFLT-12.19;60;20191014;220000;10385.0000000;10385.0000000;10370.0000000;10383.0000000;90
SPFB.AFLT-12.19;60;20191014;230000;10386.0000000;10445.0000000;10383.0000000;10445.0000000;189
SPFB.AFLT-12.19;60;20191015;000000;10438.0000000;10442.0000000;10428.0000000;10431.0000000;99
SPFB.AFLT-12.19;60;20191015;110000;10370.0000000;10500.0000000;10327.0000000;10476.0000000;1181
SPFB.AFLT-12.19;60;20191015;120000;10470.0000000;10484.0000000;10406.0000000;10466.0000000;791
SPFB.AFLT-12.19;60;20191015;130000;10465.0000000;10470.0000000;10409.0000000;10461.0000000;395
SPFB.AFLT-12.19;60;20191015;140000;10450.0000000;10543.0000000;10415.0000000;10543.0000000;458
SPFB.AFLT-12.19;60;20191015;150000;10524.0000000;10527.0000000;10459.0000000;10491.0000000;334
SPFB.AFLT-12.19;60;20191015;160000;10491.0000000;10496.0000000;10455.0000000;10475.0000000;41
SPFB.AFLT-12.19;60;20191015;170000;10470.0000000;10492.0000000;10439.0000000;10447.0000000;207
SPFB.AFLT-12.19;60;20191015;180000;10450.0000000;10475.0000000;10444.0000000;10474.0000000;40
SPFB.AFLT-12.19;60;20191015;190000;10469.0000000;10476.0000000;10444.0000000;10465.0000000;195
SPFB.AFLT-12.19;60;20191015;200000;10465.0000000;10465.0000000;10465.0000000;10465.0000000;1
SPFB.AFLT-12.19;60;20191015;210000;10465.0000000;10467.0000000;10465.0000000;10467.0000000;15
SPFB.AFLT-12.19;60;20191015;220000;10468.0000000;10469.0000000;10453.0000000;10453.0000000;5
SPFB.AFLT-12.19;60;20191015;230000;10456.0000000;10456.0000000;10452.0000000;10452.0000000;2
SPFB.AFLT-12.19;60;20191016;000000;10465.0000000;10471.0000000;10458.0000000;10471.0000000;9
SPFB.AFLT-12.19;60;20191016;110000;10485.0000000;10500.0000000;10415.0000000;10420.0000000;395
SPFB.AFLT-12.19;60;20191016;120000;10420.0000000;10517.0000000;10414.0000000;10506.0000000;270
SPFB.AFLT-12.19;60;20191016;130000;10497.0000000;10533.0000000;10497.0000000;10504.0000000;154
SPFB.AFLT-12.19;60;20191016;140000;10504.0000000;10516.0000000;10497.0000000;10497.0000000;95
SPFB.AFLT-12.19;60;20191016;150000;10502.0000000;10549.0000000;10492.0000000;10502.0000000;238
SPFB.AFLT-12.19;60;20191016;160000;10490.0000000;10518.0000000;10478.0000000;10487.0000000;245
SPFB.AFLT-12.19;60;20191016;170000;10498.0000000;10600.0000000;10496.0000000;10570.0000000;501
SPFB.AFLT-12.19;60;20191016;180000;10575.0000000;10589.0000000;10552.0000000;10576.0000000;230
SPFB.AFLT-12.19;60;20191016;190000;10570.0000000;10594.0000000;10564.0000000;10564.0000000;115
SPFB.AFLT-12.19;60;20191016;200000;10582.0000000;10584.0000000;10564.0000000;10577.0000000;11
SPFB.AFLT-12.19;60;20191016;220000;10582.0000000;10582.0000000;10572.0000000;10572.0000000;5
SPFB.AFLT-12.19;60;20191016;230000;10572.0000000;10582.0000000;10572.0000000;10582.0000000;16
SPFB.AFLT-12.19;60;20191017;000000;10583.0000000;10588.0000000;10571.0000000;10571.0000000;30
SPFB.AFLT-12.19;60;20191017;110000;10572.0000000;10668.0000000;10540.0000000;10662.0000000;1440
SPFB.AFLT-12.19;60;20191017;120000;10650.0000000;10667.0000000;10618.0000000;10648.0000000;250
SPFB.AFLT-12.19;60;20191017;130000;10653.0000000;10739.0000000;10648.0000000;10715.0000000;400
SPFB.AFLT-12.19;60;20191017;140000;10720.0000000;10740.0000000;10697.0000000;10732.0000000;220
SPFB.AFLT-12.19;60;20191017;150000;10742.0000000;10742.0000000;10630.0000000;10649.0000000;704
SPFB.AFLT-12.19;60;20191017;160000;10663.0000000;10675.0000000;10651.0000000;10661.0000000;150
SPFB.AFLT-12.19;60;20191017;170000;10649.0000000;10669.0000000;10649.0000000;10660.0000000;77
SPFB.AFLT-12.19;60;20191017;180000;10653.0000000;10663.0000000;10634.0000000;10663.0000000;105
SPFB.AFLT-12.19;60;20191017;190000;10659.0000000;10688.0000000;10647.0000000;10688.0000000;168
SPFB.AFLT-12.19;60;20191017;200000;10626.0000000;10670.0000000;10610.0000000;10657.0000000;55
SPFB.AFLT-12.19;60;20191017;210000;10658.0000000;10668.0000000;10658.0000000;10660.0000000;3
SPFB.AFLT-12.19;60;20191017;220000;10659.0000000;10665.0000000;10658.0000000;10658.0000000;15
SPFB.AFLT-12.19;60;20191017;230000;10659.0000000;10663.0000000;10659.0000000;10663.0000000;5
SPFB.AFLT-12.19;60;20191018;000000;10662.0000000;10664.0000000;10649.0000000;10649.0000000;15
SPFB.AFLT-12.19;60;20191018;110000;10680.0000000;10728.0000000;10651.0000000;10692.0000000;515
SPFB.AFLT-12.19;60;20191018;120000;10710.0000000;10710.0000000;10621.0000000;10647.0000000;357
SPFB.AFLT-12.19;60;20191018;130000;10640.0000000;10645.0000000;10603.0000000;10618.0000000;583
SPFB.AFLT-12.19;60;20191018;140000;10619.0000000;10624.0000000;10550.0000000;10550.0000000;573
SPFB.AFLT-12.19;60;20191018;150000;10552.0000000;10609.0000000;10547.0000000;10609.0000000;239
SPFB.AFLT-12.19;60;20191018;160000;10607.0000000;10636.0000000;10565.0000000;10565.0000000;258
SPFB.AFLT-12.19;60;20191018;170000;10581.0000000;10591.0000000;10557.0000000;10582.0000000;122
SPFB.AFLT-12.19;60;20191018;180000;10562.0000000;10576.0000000;10558.0000000;10574.0000000;37
SPFB.AFLT-12.19;60;20191018;190000;10569.0000000;10579.0000000;10558.0000000;10570.0000000;26
SPFB.AFLT-12.19;60;20191018;200000;10545.0000000;10569.0000000;10539.0000000;10568.0000000;31
SPFB.AFLT-12.19;60;20191018;210000;10568.0000000;10568.0000000;10561.0000000;10561.0000000;2
SPFB.AFLT-12.19;60;20191018;220000;10561.0000000;10571.0000000;10560.0000000;10571.0000000;7
SPFB.AFLT-12.19;60;20191018;230000;10595.0000000;10595.0000000;10581.0000000;10581.0000000;13
SPFB.AFLT-12.19;60;20191021;110000;10588.0000000;10662.0000000;10537.0000000;10652.0000000;351
SPFB.AFLT-12.19;60;20191021;120000;10629.0000000;10652.0000000;10619.0000000;10648.0000000;506
SPFB.AFLT-12.19;60;20191021;130000;10646.0000000;10656.0000000;10627.0000000;10627.0000000;182
SPFB.AFLT-12.19;60;20191021;140000;10626.0000000;10643.0000000;10591.0000000;10591.0000000;229
SPFB.AFLT-12.19;60;20191021;150000;10592.0000000;10628.0000000;10591.0000000;10628.0000000;341
SPFB.AFLT-12.19;60;20191021;160000;10626.0000000;10638.0000000;10620.0000000;10632.0000000;38
SPFB.AFLT-12.19;60;20191021;170000;10615.0000000;10623.0000000;10613.0000000;10618.0000000;65
SPFB.AFLT-12.19;60;20191021;180000;10611.0000000;10634.0000000;10611.0000000;10627.0000000;19
SPFB.AFLT-12.19;60;20191021;190000;10622.0000000;10622.0000000;10587.0000000;10587.0000000;64
SPFB.AFLT-12.19;60;20191021;200000;10531.0000000;10531.0000000;10434.0000000;10519.0000000;236
SPFB.AFLT-12.19;60;20191021;210000;10519.0000000;10520.0000000;10519.0000000;10520.0000000;57
SPFB.AFLT-12.19;60;20191021;220000;10520.0000000;10520.0000000;10520.0000000;10520.0000000;19
SPFB.AFLT-12.19;60;20191021;230000;10522.0000000;10522.0000000;10512.0000000;10519.0000000;99
SPFB.AFLT-12.19;60;20191022;000000;10520.0000000;10520.0000000;10517.0000000;10520.0000000;52
SPFB.AFLT-12.19;60;20191022;110000;10520.0000000;10642.0000000;10520.0000000;10573.0000000;713
SPFB.AFLT-12.19;60;20191022;120000;10568.0000000;10578.0000000;10551.0000000;10565.0000000;213
SPFB.AFLT-12.19;60;20191022;130000;10573.0000000;10603.0000000;10522.0000000;10522.0000000;142
SPFB.AFLT-12.19;60;20191022;140000;10523.0000000;10528.0000000;10481.0000000;10498.0000000;480
SPFB.AFLT-12.19;60;20191022;150000;10502.0000000;10504.0000000;10490.0000000;10499.0000000;201
SPFB.AFLT-12.19;60;20191022;160000;10497.0000000;10502.0000000;10450.0000000;10490.0000000;442
SPFB.AFLT-12.19;60;20191022;170000;10484.0000000;10492.0000000;10462.0000000;10485.0000000;159
SPFB.AFLT-12.19;60;20191022;180000;10485.0000000;10487.0000000;10474.0000000;10481.0000000;26
SPFB.AFLT-12.19;60;20191022;190000;10481.0000000;10498.0000000;10446.0000000;10446.0000000;81
SPFB.AFLT-12.19;60;20191022;200000;10447.0000000;10484.0000000;10447.0000000;10478.0000000;18
SPFB.AFLT-12.19;60;20191022;210000;10452.0000000;10452.0000000;10449.0000000;10449.0000000;23
SPFB.AFLT-12.19;60;20191022;220000;10449.0000000;10515.0000000;10422.0000000;10430.0000000;84
SPFB.AFLT-12.19;60;20191022;230000;10432.0000000;10459.0000000;10432.0000000;10459.0000000;19
SPFB.AFLT-12.19;60;20191023;000000;10467.0000000;10467.0000000;10467.0000000;10467.0000000;1
SPFB.AFLT-12.19;60;20191023;110000;10450.0000000;10540.0000000;10450.0000000;10540.0000000;232
SPFB.AFLT-12.19;60;20191023;120000;10524.0000000;10535.0000000;10510.0000000;10524.0000000;99
SPFB.AFLT-12.19;60;20191023;130000;10524.0000000;10557.0000000;10524.0000000;10548.0000000;523
SPFB.AFLT-12.19;60;20191023;140000;10548.0000000;10587.0000000;10538.0000000;10555.0000000;268
SPFB.AFLT-12.19;60;20191023;150000;10550.0000000;10560.0000000;10545.0000000;10545.0000000;100
SPFB.AFLT-12.19;60;20191023;160000;10534.0000000;10555.0000000;10500.0000000;10535.0000000;353
SPFB.AFLT-12.19;60;20191023;170000;10535.0000000;10573.0000000;10529.0000000;10573.0000000;68
SPFB.AFLT-12.19;60;20191023;180000;10538.0000000;10540.0000000;10492.0000000;10506.0000000;350
SPFB.AFLT-12.19;60;20191023;190000;10513.0000000;10515.0000000;10450.0000000;10455.0000000;314
SPFB.AFLT-12.19;60;20191023;200000;10458.0000000;10458.0000000;10455.0000000;10455.0000000;7
SPFB.AFLT-12.19;60;20191023;220000;10471.0000000;10505.0000000;10471.0000000;10505.0000000;41
SPFB.AFLT-12.19;60;20191023;230000;10503.0000000;10509.0000000;10503.0000000;10508.0000000;122
SPFB.AFLT-12.19;60;20191024;000000;10515.0000000;10515.0000000;10510.0000000;10510.0000000;7
SPFB.AFLT-12.19;60;20191024;110000;10461.0000000;10499.0000000;10445.0000000;10454.0000000;209
SPFB.AFLT-12.19;60;20191024;120000;10454.0000000;10559.0000000;10454.0000000;10512.0000000;297
SPFB.AFLT-12.19;60;20191024;130000;10507.0000000;10522.0000000;10490.0000000;10490.0000000;34
SPFB.AFLT-12.19;60;20191024;140000;10508.0000000;10510.0000000;10497.0000000;10498.0000000;117
SPFB.AFLT-12.19;60;20191024;150000;10503.0000000;10503.0000000;10467.0000000;10495.0000000;154
SPFB.AFLT-12.19;60;20191024;160000;10488.0000000;10503.0000000;10445.0000000;10467.0000000;115
SPFB.AFLT-12.19;60;20191024;170000;10491.0000000;10495.0000000;10453.0000000;10472.0000000;114
SPFB.AFLT-12.19;60;20191024;180000;10464.0000000;10490.0000000;10424.0000000;10434.0000000;50
SPFB.AFLT-12.19;60;20191024;190000;10432.0000000;10432.0000000;10375.0000000;10389.0000000;188
SPFB.AFLT-12.19;60;20191024;200000;10423.0000000;10437.0000000;10419.0000000;10437.0000000;69
SPFB.AFLT-12.19;60;20191024;210000;10430.0000000;10430.0000000;10410.0000000;10410.0000000;3
SPFB.AFLT-12.19;60;20191024;220000;10435.0000000;10435.0000000;10435.0000000;10435.0000000;1
SPFB.AFLT-12.19;60;20191024;230000;10436.0000000;10469.0000000;10435.0000000;10441.0000000;19
SPFB.AFLT-12.19;60;20191025;000000;10441.0000000;10475.0000000;10440.0000000;10454.0000000;67
SPFB.AFLT-12.19;60;20191025;110000;10435.0000000;10502.0000000;10391.0000000;10394.0000000;462
SPFB.AFLT-12.19;60;20191025;120000;10394.0000000;10405.0000000;10375.0000000;10385.0000000;119
SPFB.AFLT-12.19;60;20191025;130000;10385.0000000;10403.0000000;10343.0000000;10360.0000000;471
SPFB.AFLT-12.19;60;20191025;140000;10360.0000000;10399.0000000;10360.0000000;10399.0000000;76
SPFB.AFLT-12.19;60;20191025;150000;10402.0000000;10440.0000000;10402.0000000;10440.0000000;49
SPFB.AFLT-12.19;60;20191025;160000;10434.0000000;10434.0000000;10368.0000000;10390.0000000;54
SPFB.AFLT-12.19;60;20191025;170000;10387.0000000;10394.0000000;10365.0000000;10382.0000000;88
SPFB.AFLT-12.19;60;20191025;180000;10390.0000000;10391.0000000;10373.0000000;10373.0000000;14
SPFB.AFLT-12.19;60;20191025;190000;10370.0000000;10391.0000000;10366.0000000;10389.0000000;34
SPFB.AFLT-12.19;60;20191025;200000;10373.0000000;10373.0000000;10366.0000000;10366.0000000;2
SPFB.AFLT-12.19;60;20191025;210000;10371.0000000;10371.0000000;10371.0000000;10371.0000000;1
SPFB.AFLT-12.19;60;20191025;220000;10385.0000000;10385.0000000;10385.0000000;10385.0000000;1
SPFB.AFLT-12.19;60;20191025;230000;10385.0000000;10393.0000000;10385.0000000;10393.0000000;3
SPFB.AFLT-12.19;60;20191028;110000;10413.0000000;10426.0000000;10413.0000000;10423.0000000;27
SPFB.AFLT-12.19;60;20191028;120000;10404.0000000;10414.0000000;10389.0000000;10405.0000000;76
SPFB.AFLT-12.19;60;20191028;130000;10403.0000000;10413.0000000;10390.0000000;10393.0000000;61
SPFB.AFLT-12.19;60;20191028;140000;10405.0000000;10413.0000000;10391.0000000;10413.0000000;181
SPFB.AFLT-12.19;60;20191028;150000;10405.0000000;10405.0000000;10385.0000000;10395.0000000;70
SPFB.AFLT-12.19;60;20191028;160000;10399.0000000;10401.0000000;10386.0000000;10401.0000000;14
SPFB.AFLT-12.19;60;20191028;170000;10410.0000000;10410.0000000;10393.0000000;10404.0000000;13
SPFB.AFLT-12.19;60;20191028;180000;10389.0000000;10403.0000000;10359.0000000;10379.0000000;260
SPFB.AFLT-12.19;60;20191028;190000;10388.0000000;10388.0000000;10369.0000000;10370.0000000;63
SPFB.AFLT-12.19;60;20191028;200000;10377.0000000;10440.0000000;10377.0000000;10430.0000000;32
SPFB.AFLT-12.19;60;20191028;210000;10420.0000000;10430.0000000;10403.0000000;10405.0000000;9
SPFB.AFLT-12.19;60;20191028;220000;10410.0000000;10410.0000000;10410.0000000;10410.0000000;1
SPFB.AFLT-12.19;60;20191028;230000;10430.0000000;10430.0000000;10430.0000000;10430.0000000;1
SPFB.AFLT-12.19;60;20191029;000000;10424.0000000;10480.0000000;10424.0000000;10480.0000000;151
SPFB.AFLT-12.19;60;20191029;110000;10429.0000000;10540.0000000;10411.0000000;10539.0000000;510
SPFB.AFLT-12.19;60;20191029;120000;10524.0000000;10614.0000000;10500.0000000;10595.0000000;799
SPFB.AFLT-12.19;60;20191029;130000;10597.0000000;10598.0000000;10515.0000000;10526.0000000;236
SPFB.AFLT-12.19;60;20191029;140000;10517.0000000;10562.0000000;10499.0000000;10561.0000000;161
SPFB.AFLT-12.19;60;20191029;150000;10558.0000000;10585.0000000;10551.0000000;10582.0000000;146
SPFB.AFLT-12.19;60;20191029;160000;10569.0000000;10621.0000000;10569.0000000;10606.0000000;273
SPFB.AFLT-12.19;60;20191029;170000;10610.0000000;10610.0000000;10568.0000000;10579.0000000;149
SPFB.AFLT-12.19;60;20191029;180000;10572.0000000;10579.0000000;10534.0000000;10534.0000000;275
SPFB.AFLT-12.19;60;20191029;190000;10533.0000000;10556.0000000;10516.0000000;10516.0000000;145
SPFB.AFLT-12.19;60;20191029;200000;10565.0000000;10590.0000000;10516.0000000;10516.0000000;50
SPFB.AFLT-12.19;60;20191029;220000;10560.0000000;10561.0000000;10560.0000000;10561.0000000;2
SPFB.AFLT-12.19;60;20191029;230000;10564.0000000;10564.0000000;10550.0000000;10550.0000000;14
SPFB.AFLT-12.19;60;20191030;000000;10559.0000000;10559.0000000;10559.0000000;10559.0000000;1
SPFB.AFLT-12.19;60;20191030;110000;10557.0000000;10560.0000000;10537.0000000;10549.0000000;108
SPFB.AFLT-12.19;60;20191030;120000;10543.0000000;10635.0000000;10543.0000000;10622.0000000;549
SPFB.AFLT-12.19;60;20191030;130000;10616.0000000;10626.0000000;10603.0000000;10603.0000000;156
SPFB.AFLT-12.19;60;20191030;140000;10606.0000000;10680.0000000;10606.0000000;10664.0000000;238
SPFB.AFLT-12.19;60;20191030;150000;10669.0000000;10683.0000000;10626.0000000;10643.0000000;233
SPFB.AFLT-12.19;60;20191030;160000;10646.0000000;10673.0000000;10634.0000000;10673.0000000;69
SPFB.AFLT-12.19;60;20191030;170000;10672.0000000;10678.0000000;10640.0000000;10670.0000000;137
SPFB.AFLT-12.19;60;20191030;180000;10673.0000000;10675.0000000;10648.0000000;10670.0000000;113
SPFB.AFLT-12.19;60;20191030;190000;10665.0000000;10665.0000000;10627.0000000;10645.0000000;190
SPFB.AFLT-12.19;60;20191030;200000;10698.0000000;10698.0000000;10640.0000000;10640.0000000;9
SPFB.AFLT-12.19;60;20191030;210000;10678.0000000;10679.0000000;10678.0000000;10679.0000000;4
SPFB.AFLT-12.19;60;20191030;220000;10676.0000000;10676.0000000;10646.0000000;10646.0000000;2
SPFB.AFLT-12.19;60;20191030;230000;10647.0000000;10673.0000000;10647.0000000;10673.0000000;2
SPFB.AFLT-12.19;60;20191031;000000;10679.0000000;10679.0000000;10661.0000000;10661.0000000;2
SPFB.AFLT-12.19;60;20191031;110000;10679.0000000;10767.0000000;10679.0000000;10761.0000000;384
SPFB.AFLT-12.19;60;20191031;120000;10762.0000000;10820.0000000;10730.0000000;10802.0000000;375
SPFB.AFLT-12.19;60;20191031;130000;10811.0000000;10839.0000000;10721.0000000;10743.0000000;671
SPFB.AFLT-12.19;60;20191031;140000;10728.0000000;10779.0000000;10728.0000000;10779.0000000;41
SPFB.AFLT-12.19;60;20191031;150000;10785.0000000;10879.0000000;10777.0000000;10867.0000000;357
SPFB.AFLT-12.19;60;20191031;160000;10865.0000000;10884.0000000;10775.0000000;10825.0000000;620
SPFB.AFLT-12.19;60;20191031;170000;10809.0000000;10820.0000000;10775.0000000;10783.0000000;75
SPFB.AFLT-12.19;60;20191031;180000;10792.0000000;10803.0000000;10729.0000000;10803.0000000;426
SPFB.AFLT-12.19;60;20191031;190000;10786.0000000;10830.0000000;10746.0000000;10816.0000000;163
SPFB.AFLT-12.19;60;20191031;200000;10801.0000000;10801.0000000;10801.0000000;10801.0000000;1
SPFB.AFLT-12.19;60;20191031;210000;10795.0000000;10795.0000000;10795.0000000;10795.0000000;1
SPFB.AFLT-12.19;60;20191031;220000;10795.0000000;10812.0000000;10792.0000000;10812.0000000;22
SPFB.AFLT-12.19;60;20191031;230000;10814.0000000;10816.0000000;10814.0000000;10816.0000000;10
SPFB.AFLT-12.19;60;20191101;000000;10818.0000000;10819.0000000;10797.0000000;10797.0000000;24
SPFB.AFLT-12.19;60;20191101;110000;10802.0000000;10802.0000000;10699.0000000;10733.0000000;344
SPFB.AFLT-12.19;60;20191101;120000;10740.0000000;10743.0000000;10717.0000000;10735.0000000;106
SPFB.AFLT-12.19;60;20191101;130000;10735.0000000;10738.0000000;10711.0000000;10711.0000000;106
SPFB.AFLT-12.19;60;20191101;140000;10719.0000000;10738.0000000;10684.0000000;10698.0000000;278
SPFB.AFLT-12.19;60;20191101;150000;10694.0000000;10694.0000000;10591.0000000;10647.0000000;322
SPFB.AFLT-12.19;60;20191101;160000;10650.0000000;10691.0000000;10641.0000000;10662.0000000;175
SPFB.AFLT-12.19;60;20191101;170000;10660.0000000;10660.0000000;10610.0000000;10617.0000000;108
SPFB.AFLT-12.19;60;20191101;180000;10610.0000000;10621.0000000;10553.0000000;10571.0000000;216
SPFB.AFLT-12.19;60;20191101;190000;10570.0000000;10681.0000000;10570.0000000;10609.0000000;198
SPFB.AFLT-12.19;60;20191101;200000;10597.0000000;10644.0000000;10597.0000000;10644.0000000;6
SPFB.AFLT-12.19;60;20191101;210000;10645.0000000;10647.0000000;10632.0000000;10647.0000000;12
SPFB.AFLT-12.19;60;20191101;220000;10642.0000000;10642.0000000;10642.0000000;10642.0000000;1
SPFB.AFLT-12.19;60;20191101;230000;10621.0000000;10642.0000000;10620.0000000;10642.0000000;7
SPFB.AFLT-12.19;60;20191102;000000;10648.0000000;10648.0000000;10648.0000000;10648.0000000;1
SPFB.AFLT-12.19;60;20191105;110000;10644.0000000;10763.0000000;10597.0000000;10726.0000000;1424
SPFB.AFLT-12.19;60;20191105;120000;10726.0000000;10746.0000000;10696.0000000;10743.0000000;109
SPFB.AFLT-12.19;60;20191105;130000;10743.0000000;10785.0000000;10743.0000000;10785.0000000;146
SPFB.AFLT-12.19;60;20191105;140000;10790.0000000;10810.0000000;10774.0000000;10785.0000000;248
SPFB.AFLT-12.19;60;20191105;150000;10759.0000000;10769.0000000;10734.0000000;10734.0000000;230
SPFB.AFLT-12.19;60;20191105;160000;10739.0000000;10754.0000000;10739.0000000;10743.0000000;39
SPFB.AFLT-12.19;60;20191105;170000;10745.0000000;10745.0000000;10675.0000000;10698.0000000;107
SPFB.AFLT-12.19;60;20191105;180000;10711.0000000;10759.0000000;10711.0000000;10750.0000000;255
SPFB.AFLT-12.19;60;20191105;190000;10750.0000000;10750.0000000;10677.0000000;10677.0000000;228
SPFB.AFLT-12.19;60;20191105;200000;10720.0000000;10720.0000000;10700.0000000;10700.0000000;8
SPFB.AFLT-12.19;60;20191105;210000;10690.0000000;10690.0000000;10690.0000000;10690.0000000;2
SPFB.AFLT-12.19;60;20191105;220000;10690.0000000;10690.0000000;10690.0000000;10690.0000000;1
SPFB.AFLT-12.19;60;20191105;230000;10688.0000000;10690.0000000;10688.0000000;10690.0000000;10
SPFB.AFLT-12.19;60;20191106;110000;10704.0000000;10748.0000000;10685.0000000;10710.0000000;98
SPFB.AFLT-12.19;60;20191106;120000;10708.0000000;10722.0000000;10692.0000000;10719.0000000;75
SPFB.AFLT-12.19;60;20191106;130000;10768.0000000;10768.0000000;10701.0000000;10703.0000000;87
SPFB.AFLT-12.19;60;20191106;140000;10706.0000000;10721.0000000;10706.0000000;10721.0000000;19
SPFB.AFLT-12.19;60;20191106;150000;10721.0000000;10721.0000000;10653.0000000;10670.0000000;302
SPFB.AFLT-12.19;60;20191106;160000;10670.0000000;10701.0000000;10665.0000000;10701.0000000;46
SPFB.AFLT-12.19;60;20191106;180000;10701.0000000;10703.0000000;10701.0000000;10703.0000000;21
SPFB.AFLT-12.19;60;20191106;190000;10701.0000000;10705.0000000;10688.0000000;10705.0000000;21
SPFB.AFLT-12.19;60;20191106;200000;10699.0000000;10699.0000000;10687.0000000;10687.0000000;11
SPFB.AFLT-12.19;60;20191106;210000;10689.0000000;10708.0000000;10687.0000000;10708.0000000;5
SPFB.AFLT-12.19;60;20191106;220000;10715.0000000;10715.0000000;10715.0000000;10715.0000000;1
SPFB.AFLT-12.19;60;20191106;230000;10718.0000000;10731.0000000;10718.0000000;10731.0000000;6
SPFB.AFLT-12.19;60;20191107;000000;10721.0000000;10721.0000000;10721.0000000;10721.0000000;1
SPFB.AFLT-12.19;60;20191107;110000;10718.0000000;10795.0000000;10718.0000000;10765.0000000;305
SPFB.AFLT-12.19;60;20191107;120000;10761.0000000;10776.0000000;10751.0000000;10764.0000000;118
SPFB.AFLT-12.19;60;20191107;130000;10760.0000000;10771.0000000;10760.0000000;10761.0000000;9
SPFB.AFLT-12.19;60;20191107;140000;10772.0000000;10811.0000000;10766.0000000;10777.0000000;164
SPFB.AFLT-12.19;60;20191107;150000;10777.0000000;10795.0000000;10741.0000000;10760.0000000;143
SPFB.AFLT-12.19;60;20191107;160000;10769.0000000;10769.0000000;10735.0000000;10743.0000000;98
SPFB.AFLT-12.19;60;20191107;170000;10747.0000000;10747.0000000;10739.0000000;10739.0000000;21
SPFB.AFLT-12.19;60;20191107;180000;10735.0000000;10735.0000000;10697.0000000;10703.0000000;68
SPFB.AFLT-12.19;60;20191107;190000;10703.0000000;10738.0000000;10698.0000000;10738.0000000;45
SPFB.AFLT-12.19;60;20191107;200000;10730.0000000;10742.0000000;10730.0000000;10730.0000000;35
SPFB.AFLT-12.19;60;20191107;210000;10726.0000000;10726.0000000;10687.0000000;10687.0000000;2
SPFB.AFLT-12.19;60;20191107;220000;10691.0000000;10691.0000000;10671.0000000;10688.0000000;17
SPFB.AFLT-12.19;60;20191107;230000;10688.0000000;10688.0000000;10673.0000000;10673.0000000;2
SPFB.AFLT-12.19;60;20191108;000000;10686.0000000;10686.0000000;10620.0000000;10620.0000000;45
SPFB.AFLT-12.19;60;20191108;110000;10691.0000000;10757.0000000;10691.0000000;10706.0000000;124
SPFB.AFLT-12.19;60;20191108;120000;10695.0000000;10695.0000000;10634.0000000;10634.0000000;51
SPFB.AFLT-12.19;60;20191108;130000;10638.0000000;10653.0000000;10614.0000000;10653.0000000;64
SPFB.AFLT-12.19;60;20191108;140000;10654.0000000;10660.0000000;10632.0000000;10655.0000000;69
SPFB.AFLT-12.19;60;20191108;150000;10677.0000000;10685.0000000;10671.0000000;10682.0000000;27
SPFB.AFLT-12.19;60;20191108;160000;10679.0000000;10698.0000000;10679.0000000;10686.0000000;49
SPFB.AFLT-12.19;60;20191108;170000;10682.0000000;10693.0000000;10682.0000000;10684.0000000;21
SPFB.AFLT-12.19;60;20191108;180000;10690.0000000;10706.0000000;10668.0000000;10692.0000000;28
SPFB.AFLT-12.19;60;20191108;190000;10710.0000000;10715.0000000;10685.0000000;10695.0000000;76
SPFB.AFLT-12.19;60;20191108;210000;10681.0000000;10681.0000000;10681.0000000;10681.0000000;1
SPFB.AFLT-12.19;60;20191108;220000;10676.0000000;10676.0000000;10675.0000000;10676.0000000;8
SPFB.AFLT-12.19;60;20191108;230000;10661.0000000;10661.0000000;10661.0000000;10661.0000000;3
SPFB.AFLT-12.19;60;20191109;000000;10675.0000000;10716.0000000;10675.0000000;10716.0000000;6
SPFB.AFLT-12.19;60;20191111;110000;10681.0000000;10707.0000000;10640.0000000;10707.0000000;99
SPFB.AFLT-12.19;60;20191111;120000;10709.0000000;10748.0000000;10641.0000000;10654.0000000;107
SPFB.AFLT-12.19;60;20191111;130000;10654.0000000;10655.0000000;10622.0000000;10622.0000000;151
SPFB.AFLT-12.19;60;20191111;140000;10634.0000000;10640.0000000;10606.0000000;10619.0000000;113
SPFB.AFLT-12.19;60;20191111;150000;10619.0000000;10629.0000000;10609.0000000;10609.0000000;109
SPFB.AFLT-12.19;60;20191111;160000;10616.0000000;10633.0000000;10608.0000000;10608.0000000;47
SPFB.AFLT-12.19;60;20191111;170000;10606.0000000;10612.0000000;10605.0000000;10612.0000000;8
SPFB.AFLT-12.19;60;20191111;180000;10619.0000000;10619.0000000;10533.0000000;10577.0000000;209
SPFB.AFLT-12.19;60;20191111;190000;10579.0000000;10579.0000000;10470.0000000;10509.0000000;295
SPFB.AFLT-12.19;60;20191111;200000;10491.0000000;10506.0000000;10487.0000000;10494.0000000;19
SPFB.AFLT-12.19;60;20191111;210000;10478.0000000;10488.0000000;10472.0000000;10488.0000000;16
SPFB.AFLT-12.19;60;20191111;220000;10475.0000000;10490.0000000;10475.0000000;10477.0000000;10
SPFB.AFLT-12.19;60;20191111;230000;10491.0000000;10515.0000000;10477.0000000;10515.0000000;42
SPFB.AFLT-12.19;60;20191112;110000;10504.0000000;10589.0000000;10504.0000000;10589.0000000;306
SPFB.AFLT-12.19;60;20191112;120000;10587.0000000;10600.0000000;10549.0000000;10549.0000000;306
SPFB.AFLT-12.19;60;20191112;130000;10561.0000000;10562.0000000;10479.0000000;10502.0000000;391
SPFB.AFLT-12.19;60;20191112;140000;10513.0000000;10552.0000000;10502.0000000;10518.0000000;212
SPFB.AFLT-12.19;60;20191112;150000;10521.0000000;10548.0000000;10508.0000000;10547.0000000;658
SPFB.AFLT-12.19;60;20191112;160000;10553.0000000;10563.0000000;10525.0000000;10534.0000000;122
SPFB.AFLT-12.19;60;20191112;170000;10523.0000000;10523.0000000;10490.0000000;10516.0000000;248
SPFB.AFLT-12.19;60;20191112;180000;10520.0000000;10520.0000000;10450.0000000;10469.0000000;184
SPFB.AFLT-12.19;60;20191112;190000;10472.0000000;10495.0000000;10456.0000000;10482.0000000;185
SPFB.AFLT-12.19;60;20191112;200000;10442.0000000;10478.0000000;10426.0000000;10427.0000000;83
SPFB.AFLT-12.19;60;20191112;210000;10449.0000000;10470.0000000;10442.0000000;10442.0000000;42
SPFB.AFLT-12.19;60;20191112;220000;10441.0000000;10441.0000000;10441.0000000;10441.0000000;4
SPFB.AFLT-12.19;60;20191112;230000;10453.0000000;10466.0000000;10445.0000000;10445.0000000;33
SPFB.AFLT-12.19;60;20191113;000000;10445.0000000;10445.0000000;10429.0000000;10429.0000000;31
SPFB.AFLT-12.19;60;20191113;110000;10437.0000000;10540.0000000;10428.0000000;10519.0000000;682
SPFB.AFLT-12.19;60;20191113;120000;10517.0000000;10600.0000000;10517.0000000;10544.0000000;460
SPFB.AFLT-12.19;60;20191113;130000;10541.0000000;10571.0000000;10466.0000000;10512.0000000;321
SPFB.AFLT-12.19;60;20191113;140000;10514.0000000;10522.0000000;10489.0000000;10509.0000000;146
SPFB.AFLT-12.19;60;20191113;150000;10498.0000000;10504.0000000;10486.0000000;10491.0000000;69
SPFB.AFLT-12.19;60;20191113;160000;10503.0000000;10503.0000000;10480.0000000;10480.0000000;23
SPFB.AFLT-12.19;60;20191113;170000;10484.0000000;10484.0000000;10466.0000000;10476.0000000;48
SPFB.AFLT-12.19;60;20191113;180000;10474.0000000;10516.0000000;10470.0000000;10489.0000000;90
SPFB.AFLT-12.19;60;20191113;190000;10493.0000000;10497.0000000;10467.0000000;10482.0000000;29
SPFB.AFLT-12.19;60;20191113;200000;10461.0000000;10464.0000000;10460.0000000;10464.0000000;5
SPFB.AFLT-12.19;60;20191113;210000;10465.0000000;10478.0000000;10465.0000000;10475.0000000;12
SPFB.AFLT-12.19;60;20191113;220000;10473.0000000;10483.0000000;10465.0000000;10476.0000000;23
SPFB.AFLT-12.19;60;20191113;230000;10476.0000000;10476.0000000;10465.0000000;10465.0000000;3
SPFB.AFLT-12.19;60;20191114;000000;10462.0000000;10480.0000000;10436.0000000;10480.0000000;30
SPFB.AFLT-12.19;60;20191114;110000;10487.0000000;10543.0000000;10485.0000000;10525.0000000;130
SPFB.AFLT-12.19;60;20191114;120000;10529.0000000;10580.0000000;10521.0000000;10572.0000000;51
SPFB.AFLT-12.19;60;20191114;130000;10574.0000000;10583.0000000;10541.0000000;10568.0000000;123
SPFB.AFLT-12.19;60;20191114;140000;10581.0000000;10607.0000000;10550.0000000;10550.0000000;208
SPFB.AFLT-12.19;60;20191114;150000;10543.0000000;10570.0000000;10520.0000000;10540.0000000;164
SPFB.AFLT-12.19;60;20191114;160000;10523.0000000;10570.0000000;10523.0000000;10550.0000000;51
SPFB.AFLT-12.19;60;20191114;170000;10550.0000000;10554.0000000;10527.0000000;10534.0000000;58
SPFB.AFLT-12.19;60;20191114;180000;10522.0000000;10564.0000000;10517.0000000;10564.0000000;55
SPFB.AFLT-12.19;60;20191114;190000;10560.0000000;10580.0000000;10558.0000000;10558.0000000;65
SPFB.AFLT-12.19;60;20191114;200000;10647.0000000;10649.0000000;10573.0000000;10599.0000000;33
SPFB.AFLT-12.19;60;20191114;210000;10599.0000000;10600.0000000;10586.0000000;10586.0000000;7
SPFB.AFLT-12.19;60;20191114;220000;10600.0000000;10600.0000000;10599.0000000;10599.0000000;2
SPFB.AFLT-12.19;60;20191114;230000;10595.0000000;10600.0000000;10595.0000000;10595.0000000;26
SPFB.AFLT-12.19;60;20191115;000000;10599.0000000;10612.0000000;10599.0000000;10612.0000000;47
SPFB.AFLT-12.19;60;20191115;110000;10612.0000000;10625.0000000;10565.0000000;10584.0000000;149
SPFB.AFLT-12.19;60;20191115;120000;10564.0000000;10585.0000000;10530.0000000;10535.0000000;144
SPFB.AFLT-12.19;60;20191115;130000;10549.0000000;10558.0000000;10528.0000000;10537.0000000;52
SPFB.AFLT-12.19;60;20191115;140000;10536.0000000;10563.0000000;10505.0000000;10563.0000000;116
SPFB.AFLT-12.19;60;20191115;150000;10572.0000000;10676.0000000;10572.0000000;10676.0000000;212
SPFB.AFLT-12.19;60;20191115;160000;10675.0000000;10683.0000000;10626.0000000;10626.0000000;113
SPFB.AFLT-12.19;60;20191115;170000;10629.0000000;10631.0000000;10626.0000000;10626.0000000;15
SPFB.AFLT-12.19;60;20191115;180000;10622.0000000;10623.0000000;10597.0000000;10610.0000000;133
SPFB.AFLT-12.19;60;20191115;190000;10598.0000000;10622.0000000;10598.0000000;10615.0000000;160
SPFB.AFLT-12.19;60;20191115;200000;10613.0000000;10627.0000000;10553.0000000;10597.0000000;21
SPFB.AFLT-12.19;60;20191115;210000;10600.0000000;10608.0000000;10600.0000000;10600.0000000;50
SPFB.AFLT-12.19;60;20191115;230000;10600.0000000;10600.0000000;10600.0000000;10600.0000000;1
SPFB.AFLT-12.19;60;20191116;000000;10600.0000000;10600.0000000;10600.0000000;10600.0000000;5
SPFB.AFLT-12.19;60;20191118;110000;10619.0000000;10676.0000000;10607.0000000;10663.0000000;270
SPFB.AFLT-12.19;60;20191118;120000;10653.0000000;10718.0000000;10643.0000000;10699.0000000;247
SPFB.AFLT-12.19;60;20191118;130000;10704.0000000;10704.0000000;10665.0000000;10691.0000000;162
SPFB.AFLT-12.19;60;20191118;140000;10675.0000000;10687.0000000;10675.0000000;10687.0000000;28
SPFB.AFLT-12.19;60;20191118;150000;10677.0000000;10691.0000000;10675.0000000;10685.0000000;86
SPFB.AFLT-12.19;60;20191118;160000;10685.0000000;10690.0000000;10683.0000000;10684.0000000;19
SPFB.AFLT-12.19;60;20191118;170000;10673.0000000;10673.0000000;10617.0000000;10644.0000000;147
SPFB.AFLT-12.19;60;20191118;180000;10666.0000000;10666.0000000;10642.0000000;10645.0000000;23
SPFB.AFLT-12.19;60;20191118;190000;10633.0000000;10725.0000000;10633.0000000;10725.0000000;112
SPFB.AFLT-12.19;60;20191118;200000;10724.0000000;10725.0000000;10666.0000000;10675.0000000;22
SPFB.AFLT-12.19;60;20191118;210000;10697.0000000;10697.0000000;10679.0000000;10679.0000000;4
SPFB.AFLT-12.19;60;20191118;220000;10678.0000000;10690.0000000;10673.0000000;10690.0000000;8
SPFB.AFLT-12.19;60;20191118;230000;10684.0000000;10700.0000000;10680.0000000;10698.0000000;33
SPFB.AFLT-12.19;60;20191119;110000;10700.0000000;10741.0000000;10685.0000000;10695.0000000;287
SPFB.AFLT-12.19;60;20191119;120000;10709.0000000;10711.0000000;10695.0000000;10711.0000000;185
SPFB.AFLT-12.19;60;20191119;130000;10711.0000000;10731.0000000;10685.0000000;10731.0000000;35
SPFB.AFLT-12.19;60;20191119;140000;10729.0000000;10729.0000000;10700.0000000;10700.0000000;26
SPFB.AFLT-12.19;60;20191119;150000;10687.0000000;10698.0000000;10650.0000000;10694.0000000;163
SPFB.AFLT-12.19;60;20191119;160000;10697.0000000;10697.0000000;10650.0000000;10680.0000000;157
SPFB.AFLT-12.19;60;20191119;170000;10663.0000000;10676.0000000;10657.0000000;10661.0000000;130
SPFB.AFLT-12.19;60;20191119;180000;10657.0000000;10657.0000000;10614.0000000;10650.0000000;305
SPFB.AFLT-12.19;60;20191119;190000;10653.0000000;10685.0000000;10649.0000000;10685.0000000;30
SPFB.AFLT-12.19;60;20191119;200000;10670.0000000;10670.0000000;10650.0000000;10650.0000000;67
SPFB.AFLT-12.19;60;20191119;210000;10651.0000000;10651.0000000;10651.0000000;10651.0000000;1
SPFB.AFLT-12.19;60;20191119;220000;10650.0000000;10663.0000000;10650.0000000;10651.0000000;40
SPFB.AFLT-12.19;60;20191119;230000;10650.0000000;10658.0000000;10640.0000000;10640.0000000;18
SPFB.AFLT-12.19;60;20191120;000000;10637.0000000;10661.0000000;10595.0000000;10629.0000000;75
SPFB.AFLT-12.19;60;20191120;110000;10591.0000000;10591.0000000;10439.0000000;10482.0000000;676
SPFB.AFLT-12.19;60;20191120;120000;10473.0000000;10505.0000000;10427.0000000;10485.0000000;272
SPFB.AFLT-12.19;60;20191120;130000;10472.0000000;10525.0000000;10451.0000000;10513.0000000;535
SPFB.AFLT-12.19;60;20191120;140000;10525.0000000;10529.0000000;10510.0000000;10520.0000000;69
SPFB.AFLT-12.19;60;20191120;150000;10535.0000000;10537.0000000;10505.0000000;10517.0000000;228
SPFB.AFLT-12.19;60;20191120;160000;10509.0000000;10530.0000000;10507.0000000;10530.0000000;73
SPFB.AFLT-12.19;60;20191120;170000;10534.0000000;10534.0000000;10493.0000000;10504.0000000;138
SPFB.AFLT-12.19;60;20191120;180000;10510.0000000;10550.0000000;10507.0000000;10528.0000000;135
SPFB.AFLT-12.19;60;20191120;190000;10522.0000000;10550.0000000;10474.0000000;10526.0000000;289
SPFB.AFLT-12.19;60;20191120;210000;10538.0000000;10538.0000000;10516.0000000;10516.0000000;8
SPFB.AFLT-12.19;60;20191120;220000;10520.0000000;10534.0000000;10507.0000000;10507.0000000;25
SPFB.AFLT-12.19;60;20191120;230000;10505.0000000;10535.0000000;10505.0000000;10535.0000000;15
SPFB.AFLT-12.19;60;20191121;110000;10480.0000000;10526.0000000;10450.0000000;10526.0000000;142
SPFB.AFLT-12.19;60;20191121;120000;10510.0000000;10510.0000000;10488.0000000;10505.0000000;89
SPFB.AFLT-12.19;60;20191121;130000;10497.0000000;10505.0000000;10481.0000000;10481.0000000;30
SPFB.AFLT-12.19;60;20191121;140000;10491.0000000;10515.0000000;10480.0000000;10515.0000000;119
SPFB.AFLT-12.19;60;20191121;150000;10514.0000000;10528.0000000;10512.0000000;10528.0000000;16
SPFB.AFLT-12.19;60;20191121;160000;10510.0000000;10510.0000000;10510.0000000;10510.0000000;1
SPFB.AFLT-12.19;60;20191121;170000;10500.0000000;10500.0000000;10490.0000000;10490.0000000;26
SPFB.AFLT-12.19;60;20191121;180000;10491.0000000;10491.0000000;10475.0000000;10491.0000000;17
SPFB.AFLT-12.19;60;20191121;190000;10495.0000000;10518.0000000;10485.0000000;10500.0000000;45
SPFB.AFLT-12.19;60;20191121;200000;10496.0000000;10496.0000000;10496.0000000;10496.0000000;1
SPFB.AFLT-12.19;60;20191121;210000;10494.0000000;10494.0000000;10494.0000000;10494.0000000;1
SPFB.AFLT-12.19;60;20191121;220000;10477.0000000;10478.0000000;10451.0000000;10452.0000000;29
SPFB.AFLT-12.19;60;20191121;230000;10467.0000000;10470.0000000;10467.0000000;10468.0000000;24
SPFB.AFLT-12.19;60;20191122;000000;10453.0000000;10470.0000000;10441.0000000;10470.0000000;30
SPFB.AFLT-12.19;60;20191122;110000;10470.0000000;10568.0000000;10470.0000000;10522.0000000;199
SPFB.AFLT-12.19;60;20191122;120000;10525.0000000;10554.0000000;10525.0000000;10543.0000000;173
SPFB.AFLT-12.19;60;20191122;130000;10535.0000000;10543.0000000;10518.0000000;10543.0000000;51
SPFB.AFLT-12.19;60;20191122;140000;10551.0000000;10592.0000000;10540.0000000;10547.0000000;133
SPFB.AFLT-12.19;60;20191122;150000;10525.0000000;10539.0000000;10525.0000000;10539.0000000;22
SPFB.AFLT-12.19;60;20191122;160000;10537.0000000;10539.0000000;10529.0000000;10539.0000000;22
SPFB.AFLT-12.19;60;20191122;170000;10534.0000000;10534.0000000;10481.0000000;10481.0000000;87
SPFB.AFLT-12.19;60;20191122;180000;10508.0000000;10550.0000000;10508.0000000;10529.0000000;62
SPFB.AFLT-12.19;60;20191122;190000;10531.0000000;10556.0000000;10518.0000000;10540.0000000;161
SPFB.AFLT-12.19;60;20191122;200000;10486.0000000;10586.0000000;10445.0000000;10480.0000000;17
SPFB.AFLT-12.19;60;20191122;210000;10509.0000000;10511.0000000;10506.0000000;10509.0000000;13
SPFB.AFLT-12.19;60;20191122;230000;10510.0000000;10527.0000000;10485.0000000;10527.0000000;20
SPFB.AFLT-12.19;60;20191123;000000;10484.0000000;10484.0000000;10484.0000000;10484.0000000;3
SPFB.AFLT-12.19;60;20191125;110000;10527.0000000;10624.0000000;10527.0000000;10590.0000000;162
SPFB.AFLT-12.19;60;20191125;120000;10607.0000000;10607.0000000;10576.0000000;10576.0000000;52
SPFB.AFLT-12.19;60;20191125;130000;10566.0000000;10570.0000000;10562.0000000;10564.0000000;12
SPFB.AFLT-12.19;60;20191125;140000;10555.0000000;10562.0000000;10533.0000000;10533.0000000;54
SPFB.AFLT-12.19;60;20191125;150000;10557.0000000;10560.0000000;10548.0000000;10548.0000000;9
SPFB.AFLT-12.19;60;20191125;160000;10579.0000000;10595.0000000;10579.0000000;10595.0000000;16
SPFB.AFLT-12.19;60;20191125;170000;10606.0000000;10608.0000000;10585.0000000;10585.0000000;46
SPFB.AFLT-12.19;60;20191125;180000;10597.0000000;10618.0000000;10593.0000000;10594.0000000;163
SPFB.AFLT-12.19;60;20191125;190000;10599.0000000;10607.0000000;10520.0000000;10520.0000000;105
SPFB.AFLT-12.19;60;20191125;210000;10567.0000000;10587.0000000;10567.0000000;10587.0000000;31
SPFB.AFLT-12.19;60;20191125;220000;10591.0000000;10607.0000000;10583.0000000;10607.0000000;21
SPFB.AFLT-12.19;60;20191125;230000;10608.0000000;10608.0000000;10606.0000000;10606.0000000;3
SPFB.AFLT-12.19;60;20191126;000000;10600.0000000;10608.0000000;10600.0000000;10608.0000000;21
SPFB.AFLT-12.19;60;20191126;110000;10625.0000000;10670.0000000;10614.0000000;10657.0000000;194
SPFB.AFLT-12.19;60;20191126;120000;10662.0000000;10675.0000000;10646.0000000;10665.0000000;182
SPFB.AFLT-12.19;60;20191126;130000;10666.0000000;10666.0000000;10644.0000000;10650.0000000;19
SPFB.AFLT-12.19;60;20191126;140000;10668.0000000;10668.0000000;10650.0000000;10650.0000000;4
SPFB.AFLT-12.19;60;20191126;150000;10645.0000000;10646.0000000;10634.0000000;10646.0000000;35
SPFB.AFLT-12.19;60;20191126;160000;10640.0000000;10640.0000000;10638.0000000;10638.0000000;10
SPFB.AFLT-12.19;60;20191126;170000;10645.0000000;10645.0000000;10645.0000000;10645.0000000;1
SPFB.AFLT-12.19;60;20191126;180000;10648.0000000;10654.0000000;10638.0000000;10638.0000000;30
SPFB.AFLT-12.19;60;20191126;190000;10640.0000000;10640.0000000;10628.0000000;10635.0000000;69
SPFB.AFLT-12.19;60;20191126;200000;10611.0000000;10611.0000000;10550.0000000;10563.0000000;20
SPFB.AFLT-12.19;60;20191126;230000;10581.0000000;10581.0000000;10581.0000000;10581.0000000;4
SPFB.AFLT-12.19;60;20191127;110000;10592.0000000;10641.0000000;10592.0000000;10641.0000000;318
SPFB.AFLT-12.19;60;20191127;120000;10635.0000000;10635.0000000;10615.0000000;10634.0000000;150
SPFB.AFLT-12.19;60;20191127;130000;10620.0000000;10620.0000000;10590.0000000;10602.0000000;72
SPFB.AFLT-12.19;60;20191127;140000;10596.0000000;10597.0000000;10591.0000000;10597.0000000;32
SPFB.AFLT-12.19;60;20191127;150000;10600.0000000;10609.0000000;10590.0000000;10595.0000000;79
SPFB.AFLT-12.19;60;20191127;160000;10592.0000000;10596.0000000;10583.0000000;10587.0000000;77
SPFB.AFLT-12.19;60;20191127;170000;10594.0000000;10595.0000000;10570.0000000;10582.0000000;100
SPFB.AFLT-12.19;60;20191127;180000;10600.0000000;10606.0000000;10593.0000000;10596.0000000;17
SPFB.AFLT-12.19;60;20191127;190000;10600.0000000;10626.0000000;10596.0000000;10626.0000000;40
SPFB.AFLT-12.19;60;20191127;200000;10673.0000000;10674.0000000;10668.0000000;10668.0000000;3
SPFB.AFLT-12.19;60;20191127;210000;10666.0000000;10666.0000000;10666.0000000;10666.0000000;1
SPFB.AFLT-12.19;60;20191127;230000;10618.0000000;10618.0000000;10618.0000000;10618.0000000;1
SPFB.AFLT-12.19;60;20191128;000000;10622.0000000;10622.0000000;10622.0000000;10622.0000000;1
SPFB.AFLT-12.19;60;20191128;110000;10622.0000000;10645.0000000;10588.0000000;10588.0000000;119
SPFB.AFLT-12.19;60;20191128;120000;10593.0000000;10612.0000000;10565.0000000;10565.0000000;32
SPFB.AFLT-12.19;60;20191128;130000;10573.0000000;10583.0000000;10573.0000000;10583.0000000;41
SPFB.AFLT-12.19;60;20191128;140000;10585.0000000;10585.0000000;10573.0000000;10573.0000000;7
SPFB.AFLT-12.19;60;20191128;150000;10575.0000000;10579.0000000;10570.0000000;10570.0000000;18
SPFB.AFLT-12.19;60;20191128;160000;10570.0000000;10571.0000000;10517.0000000;10548.0000000;343
SPFB.AFLT-12.19;60;20191128;170000;10549.0000000;10561.0000000;10539.0000000;10561.0000000;28
SPFB.AFLT-12.19;60;20191128;180000;10543.0000000;10550.0000000;10540.0000000;10550.0000000;37
SPFB.AFLT-12.19;60;20191128;190000;10532.0000000;10542.0000000;10528.0000000;10534.0000000;136
SPFB.AFLT-12.19;60;20191128;210000;10530.0000000;10530.0000000;10525.0000000;10525.0000000;11
SPFB.AFLT-12.19;60;20191128;220000;10509.0000000;10534.0000000;10509.0000000;10534.0000000;7
SPFB.AFLT-12.19;60;20191129;110000;10510.0000000;10572.0000000;10500.0000000;10536.0000000;180
SPFB.AFLT-12.19;60;20191129;120000;10545.0000000;10578.0000000;10545.0000000;10558.0000000;55
SPFB.AFLT-12.19;60;20191129;130000;10580.0000000;10603.0000000;10507.0000000;10508.0000000;362
SPFB.AFLT-12.19;60;20191129;140000;10503.0000000;10513.0000000;10345.0000000;10377.0000000;903
SPFB.AFLT-12.19;60;20191129;150000;10368.0000000;10419.0000000;10368.0000000;10389.0000000;334
SPFB.AFLT-12.19;60;20191129;160000;10392.0000000;10423.0000000;10363.0000000;10408.0000000;99
SPFB.AFLT-12.19;60;20191129;170000;10403.0000000;10411.0000000;10363.0000000;10382.0000000;594
SPFB.AFLT-12.19;60;20191129;180000;10381.0000000;10398.0000000;10361.0000000;10370.0000000;627
SPFB.AFLT-12.19;60;20191129;190000;10370.0000000;10379.0000000;10312.0000000;10348.0000000;391
SPFB.AFLT-12.19;60;20191129;200000;10316.0000000;10394.0000000;10316.0000000;10341.0000000;32
SPFB.AFLT-12.19;60;20191129;210000;10378.0000000;10378.0000000;10342.0000000;10342.0000000;4
SPFB.AFLT-12.19;60;20191129;220000;10351.0000000;10375.0000000;10344.0000000;10375.0000000;30
SPFB.AFLT-12.19;60;20191129;230000;10374.0000000;10375.0000000;10374.0000000;10375.0000000;10
SPFB.AFLT-12.19;60;20191130;000000;10375.0000000;10390.0000000;10346.0000000;10347.0000000;92
SPFB.AFLT-12.19;60;20191202;110000;10348.0000000;10450.0000000;10345.0000000;10439.0000000;526
SPFB.AFLT-12.19;60;20191202;120000;10452.0000000;10456.0000000;10366.0000000;10374.0000000;745
SPFB.AFLT-12.19;60;20191202;130000;10368.0000000;10380.0000000;10297.0000000;10297.0000000;258
SPFB.AFLT-12.19;60;20191202;140000;10311.0000000;10321.0000000;10280.0000000;10293.0000000;224
SPFB.AFLT-12.19;60;20191202;150000;10304.0000000;10312.0000000;10286.0000000;10298.0000000;55
SPFB.AFLT-12.19;60;20191202;160000;10295.0000000;10295.0000000;10269.0000000;10288.0000000;58
SPFB.AFLT-12.19;60;20191202;170000;10286.0000000;10286.0000000;10247.0000000;10267.0000000;111
SPFB.AFLT-12.19;60;20191202;180000;10272.0000000;10275.0000000;10220.0000000;10256.0000000;97
SPFB.AFLT-12.19;60;20191202;190000;10264.0000000;10303.0000000;10262.0000000;10286.0000000;48
SPFB.AFLT-12.19;60;20191202;200000;10253.0000000;10253.0000000;10253.0000000;10253.0000000;2
SPFB.AFLT-12.19;60;20191202;210000;10274.0000000;10275.0000000;10274.0000000;10275.0000000;2
SPFB.AFLT-12.19;60;20191202;220000;10262.0000000;10262.0000000;10262.0000000;10262.0000000;4
SPFB.AFLT-12.19;60;20191202;230000;10260.0000000;10261.0000000;10260.0000000;10261.0000000;2
SPFB.AFLT-12.19;60;20191203;000000;10251.0000000;10251.0000000;10238.0000000;10242.0000000;11
SPFB.AFLT-12.19;60;20191203;110000;10263.0000000;10281.0000000;10181.0000000;10210.0000000;337
SPFB.AFLT-12.19;60;20191203;120000;10204.0000000;10207.0000000;10180.0000000;10191.0000000;205
SPFB.AFLT-12.19;60;20191203;130000;10193.0000000;10207.0000000;10181.0000000;10181.0000000;101
SPFB.AFLT-12.19;60;20191203;140000;10193.0000000;10209.0000000;10185.0000000;10203.0000000;134
SPFB.AFLT-12.19;60;20191203;150000;10210.0000000;10215.0000000;10202.0000000;10213.0000000;43
SPFB.AFLT-12.19;60;20191203;160000;10207.0000000;10207.0000000;10195.0000000;10207.0000000;36
SPFB.AFLT-12.19;60;20191203;170000;10188.0000000;10198.0000000;10174.0000000;10197.0000000;48
SPFB.AFLT-12.19;60;20191203;180000;10189.0000000;10196.0000000;10182.0000000;10193.0000000;49
SPFB.AFLT-12.19;60;20191203;190000;10187.0000000;10187.0000000;10093.0000000;10114.0000000;270
SPFB.AFLT-12.19;60;20191203;200000;10110.0000000;10120.0000000;10109.0000000;10109.0000000;8
SPFB.AFLT-12.19;60;20191203;210000;10145.0000000;10146.0000000;10144.0000000;10146.0000000;7
SPFB.AFLT-12.19;60;20191203;220000;10150.0000000;10150.0000000;10099.0000000;10143.0000000;28
SPFB.AFLT-12.19;60;20191203;230000;10143.0000000;10148.0000000;10124.0000000;10131.0000000;16
SPFB.AFLT-12.19;60;20191204;000000;10149.0000000;10197.0000000;10149.0000000;10157.0000000;16
SPFB.AFLT-12.19;60;20191204;110000;10145.0000000;10172.0000000;10015.0000000;10158.0000000;524
SPFB.AFLT-12.19;60;20191204;120000;10164.0000000;10165.0000000;10093.0000000;10093.0000000;89
SPFB.AFLT-12.19;60;20191204;130000;10100.0000000;10136.0000000;10030.0000000;10055.0000000;259
SPFB.AFLT-12.19;60;20191204;140000;10059.0000000;10119.0000000;10041.0000000;10100.0000000;777
SPFB.AFLT-12.19;60;20191204;150000;10103.0000000;10168.0000000;10103.0000000;10168.0000000;120
SPFB.AFLT-12.19;60;20191204;160000;10179.0000000;10179.0000000;10129.0000000;10148.0000000;177
SPFB.AFLT-12.19;60;20191204;170000;10155.0000000;10158.0000000;10132.0000000;10151.0000000;128
SPFB.AFLT-12.19;60;20191204;180000;10145.0000000;10175.0000000;10078.0000000;10078.0000000;385
SPFB.AFLT-12.19;60;20191204;190000;10078.0000000;10160.0000000;10076.0000000;10154.0000000;341
SPFB.AFLT-12.19;60;20191204;200000;10187.0000000;10187.0000000;10159.0000000;10159.0000000;3
SPFB.AFLT-12.19;60;20191204;210000;10154.0000000;10160.0000000;10151.0000000;10160.0000000;6
SPFB.AFLT-12.19;60;20191204;220000;10185.0000000;10185.0000000;10162.0000000;10162.0000000;7
SPFB.AFLT-12.19;60;20191205;000000;10172.0000000;10172.0000000;10162.0000000;10162.0000000;6
SPFB.AFLT-12.19;60;20191205;110000;10186.0000000;10249.0000000;10153.0000000;10213.0000000;299
SPFB.AFLT-12.19;60;20191205;120000;10226.0000000;10227.0000000;10201.0000000;10223.0000000;39
SPFB.AFLT-12.19;60;20191205;130000;10201.0000000;10204.0000000;10190.0000000;10204.0000000;36
SPFB.AFLT-12.19;60;20191205;140000;10195.0000000;10195.0000000;10195.0000000;10195.0000000;1
SPFB.AFLT-12.19;60;20191205;150000;10195.0000000;10199.0000000;10191.0000000;10191.0000000;16
SPFB.AFLT-12.19;60;20191205;160000;10209.0000000;10274.0000000;10209.0000000;10244.0000000;113
SPFB.AFLT-12.19;60;20191205;170000;10247.0000000;10251.0000000;10213.0000000;10215.0000000;64
SPFB.AFLT-12.19;60;20191205;180000;10223.0000000;10237.0000000;10222.0000000;10237.0000000;17
SPFB.AFLT-12.19;60;20191205;190000;10238.0000000;10249.0000000;10233.0000000;10249.0000000;29
SPFB.AFLT-12.19;60;20191205;210000;10297.0000000;10297.0000000;10181.0000000;10181.0000000;3
SPFB.AFLT-12.19;60;20191205;230000;10221.0000000;10221.0000000;10220.0000000;10220.0000000;10
SPFB.AFLT-12.19;60;20191206;000000;10250.0000000;10270.0000000;10250.0000000;10270.0000000;2
SPFB.AFLT-12.19;60;20191206;110000;10252.0000000;10288.0000000;10229.0000000;10266.0000000;47
SPFB.AFLT-12.19;60;20191206;120000;10272.0000000;10281.0000000;10272.0000000;10281.0000000;3
SPFB.AFLT-12.19;60;20191206;130000;10281.0000000;10281.0000000;10266.0000000;10266.0000000;14
SPFB.AFLT-12.19;60;20191206;140000;10240.0000000;10240.0000000;10218.0000000;10218.0000000;39
SPFB.AFLT-12.19;60;20191206;150000;10206.0000000;10217.0000000;10206.0000000;10206.0000000;33
SPFB.AFLT-12.19;60;20191206;160000;10221.0000000;10226.0000000;10221.0000000;10226.0000000;7
SPFB.AFLT-12.19;60;20191206;170000;10224.0000000;10224.0000000;10215.0000000;10215.0000000;5
SPFB.AFLT-12.19;60;20191206;180000;10219.0000000;10227.0000000;10197.0000000;10221.0000000;191
SPFB.AFLT-12.19;60;20191206;190000;10216.0000000;10230.0000000;10214.0000000;10226.0000000;27
SPFB.AFLT-12.19;60;20191206;200000;10183.0000000;10219.0000000;10181.0000000;10191.0000000;10
SPFB.AFLT-12.19;60;20191206;210000;10217.0000000;10217.0000000;10217.0000000;10217.0000000;1
SPFB.AFLT-12.19;60;20191206;230000;10217.0000000;10220.0000000;10217.0000000;10220.0000000;7
SPFB.AFLT-12.19;60;20191207;000000;10220.0000000;10220.0000000;10220.0000000;10220.0000000;5
SPFB.AFLT-12.19;60;20191209;110000;10245.0000000;10267.0000000;10185.0000000;10235.0000000;81
SPFB.AFLT-12.19;60;20191209;120000;10210.0000000;10222.0000000;10207.0000000;10222.0000000;6
SPFB.AFLT-12.19;60;20191209;130000;10231.0000000;10275.0000000;10231.0000000;10275.0000000;85
SPFB.AFLT-12.19;60;20191209;140000;10280.0000000;10282.0000000;10255.0000000;10255.0000000;50
SPFB.AFLT-12.19;60;20191209;150000;10254.0000000;10262.0000000;10243.0000000;10262.0000000;51
SPFB.AFLT-12.19;60;20191209;160000;10262.0000000;10279.0000000;10262.0000000;10279.0000000;20
SPFB.AFLT-12.19;60;20191209;170000;10275.0000000;10276.0000000;10268.0000000;10270.0000000;8
SPFB.AFLT-12.19;60;20191209;180000;10282.0000000;10315.0000000;10279.0000000;10315.0000000;192
SPFB.AFLT-12.19;60;20191209;190000;10320.0000000;10340.0000000;10315.0000000;10334.0000000;143
SPFB.AFLT-12.19;60;20191209;200000;10334.0000000;10334.0000000;10314.0000000;10314.0000000;2
SPFB.AFLT-12.19;60;20191209;220000;10332.0000000;10332.0000000;10332.0000000;10332.0000000;1
SPFB.AFLT-12.19;60;20191209;230000;10318.0000000;10318.0000000;10310.0000000;10311.0000000;13
SPFB.AFLT-12.19;60;20191210;000000;10292.0000000;10292.0000000;10291.0000000;10291.0000000;4
SPFB.AFLT-12.19;60;20191210;110000;10311.0000000;10326.0000000;10271.0000000;10311.0000000;150
SPFB.AFLT-12.19;60;20191210;120000;10299.0000000;10299.0000000;10249.0000000;10259.0000000;66
SPFB.AFLT-12.19;60;20191210;130000;10258.0000000;10258.0000000;10230.0000000;10243.0000000;16
SPFB.AFLT-12.19;60;20191210;140000;10257.0000000;10257.0000000;10257.0000000;10257.0000000;2
SPFB.AFLT-12.19;60;20191210;150000;10233.0000000;10233.0000000;10187.0000000;10204.0000000;115
SPFB.AFLT-12.19;60;20191210;160000;10188.0000000;10188.0000000;10149.0000000;10164.0000000;153
SPFB.AFLT-12.19;60;20191210;170000;10182.0000000;10209.0000000;10177.0000000;10190.0000000;47
SPFB.AFLT-12.19;60;20191210;180000;10204.0000000;10208.0000000;10192.0000000;10197.0000000;26
SPFB.AFLT-12.19;60;20191210;190000;10203.0000000;10207.0000000;10192.0000000;10197.0000000;65
SPFB.AFLT-12.19;60;20191210;200000;10216.0000000;10245.0000000;10216.0000000;10245.0000000;19
SPFB.AFLT-12.19;60;20191210;210000;10240.0000000;10284.0000000;10187.0000000;10284.0000000;203
SPFB.AFLT-12.19;60;20191210;230000;10260.0000000;10272.0000000;10260.0000000;10272.0000000;32
SPFB.AFLT-12.19;60;20191211;000000;10272.0000000;10272.0000000;10234.0000000;10246.0000000;10
SPFB.AFLT-12.19;60;20191211;110000;10225.0000000;10250.0000000;10221.0000000;10229.0000000;103
SPFB.AFLT-12.19;60;20191211;120000;10230.0000000;10257.0000000;10221.0000000;10257.0000000;41
SPFB.AFLT-12.19;60;20191211;130000;10258.0000000;10280.0000000;10258.0000000;10278.0000000;20
SPFB.AFLT-12.19;60;20191211;140000;10279.0000000;10380.0000000;10275.0000000;10313.0000000;401
SPFB.AFLT-12.19;60;20191211;150000;10327.0000000;10350.0000000;10319.0000000;10324.0000000;380
SPFB.AFLT-12.19;60;20191211;160000;10343.0000000;10370.0000000;10328.0000000;10338.0000000;988
SPFB.AFLT-12.19;60;20191211;170000;10342.0000000;10354.0000000;10332.0000000;10343.0000000;284
SPFB.AFLT-12.19;60;20191211;180000;10360.0000000;10415.0000000;10360.0000000;10374.0000000;235
SPFB.AFLT-12.19;60;20191211;190000;10388.0000000;10440.0000000;10388.0000000;10439.0000000;441
SPFB.AFLT-12.19;60;20191211;200000;10414.0000000;10440.0000000;10371.0000000;10382.0000000;66
SPFB.AFLT-12.19;60;20191211;210000;10379.0000000;10382.0000000;10379.0000000;10382.0000000;16
SPFB.AFLT-12.19;60;20191211;220000;10439.0000000;10440.0000000;10423.0000000;10423.0000000;5
SPFB.AFLT-12.19;60;20191211;230000;10430.0000000;10430.0000000;10430.0000000;10430.0000000;1
SPFB.AFLT-12.19;60;20191212;000000;10420.0000000;10420.0000000;10388.0000000;10388.0000000;3
SPFB.AFLT-12.19;60;20191212;110000;10420.0000000;10583.0000000;10420.0000000;10557.0000000;1749
SPFB.AFLT-12.19;60;20191212;120000;10559.0000000;10597.0000000;10540.0000000;10579.0000000;608
SPFB.AFLT-12.19;60;20191212;130000;10577.0000000;10596.0000000;10539.0000000;10556.0000000;368
SPFB.AFLT-12.19;60;20191212;140000;10555.0000000;10557.0000000;10500.0000000;10510.0000000;1014
SPFB.AFLT-12.19;60;20191212;150000;10497.0000000;10535.0000000;10430.0000000;10535.0000000;638
SPFB.AFLT-12.19;60;20191212;160000;10531.0000000;10533.0000000;10505.0000000;10509.0000000;74
SPFB.AFLT-12.19;60;20191212;170000;10513.0000000;10547.0000000;10486.0000000;10528.0000000;298
SPFB.AFLT-12.19;60;20191212;180000;10521.0000000;10590.0000000;10521.0000000;10579.0000000;166
SPFB.AFLT-12.19;60;20191212;190000;10569.0000000;10595.0000000;10549.0000000;10564.0000000;180
SPFB.AFLT-12.19;60;20191212;200000;10564.0000000;10564.0000000;10564.0000000;10564.0000000;1
SPFB.AFLT-12.19;60;20191212;220000;10556.0000000;10556.0000000;10556.0000000;10556.0000000;2
SPFB.AFLT-12.19;60;20191212;230000;10568.0000000;10570.0000000;10568.0000000;10570.0000000;9
SPFB.AFLT-12.19;60;20191213;000000;10570.0000000;10590.0000000;10570.0000000;10590.0000000;29
SPFB.AFLT-12.19;60;20191213;110000;10569.0000000;10569.0000000;10449.0000000;10474.0000000;218
SPFB.AFLT-12.19;60;20191213;120000;10469.0000000;10493.0000000;10454.0000000;10480.0000000;97
SPFB.AFLT-12.19;60;20191213;130000;10475.0000000;10505.0000000;10453.0000000;10459.0000000;64
SPFB.AFLT-12.19;60;20191213;140000;10456.0000000;10477.0000000;10450.0000000;10456.0000000;155
SPFB.AFLT-12.19;60;20191213;150000;10475.0000000;10579.0000000;10473.0000000;10518.0000000;165
SPFB.AFLT-12.19;60;20191213;160000;10505.0000000;10505.0000000;10485.0000000;10488.0000000;57
SPFB.AFLT-12.19;60;20191213;170000;10486.0000000;10512.0000000;10461.0000000;10479.0000000;166
SPFB.AFLT-12.19;60;20191213;180000;10477.0000000;10482.0000000;10438.0000000;10480.0000000;154
SPFB.AFLT-12.19;60;20191213;190000;10494.0000000;10494.0000000;10476.0000000;10487.0000000;36
SPFB.AFLT-12.19;60;20191216;110000;10525.0000000;10538.0000000;10475.0000000;10493.0000000;178
SPFB.AFLT-12.19;60;20191216;120000;10475.0000000;10501.0000000;10463.0000000;10470.0000000;292
SPFB.AFLT-12.19;60;20191216;130000;10476.0000000;10505.0000000;10447.0000000;10472.0000000;98
SPFB.AFLT-12.19;60;20191216;140000;10488.0000000;10515.0000000;10462.0000000;10515.0000000;72
SPFB.AFLT-12.19;60;20191216;150000;10521.0000000;10527.0000000;10510.0000000;10519.0000000;44
SPFB.AFLT-12.19;60;20191216;160000;10512.0000000;10525.0000000;10512.0000000;10525.0000000;6
SPFB.AFLT-12.19;60;20191216;170000;10530.0000000;10550.0000000;10529.0000000;10549.0000000;49
SPFB.AFLT-12.19;60;20191216;180000;10545.0000000;10550.0000000;10520.0000000;10535.0000000;197
SPFB.AFLT-12.19;60;20191216;190000;10534.0000000;10534.0000000;10499.0000000;10518.0000000;32
SPFB.AFLT-12.19;60;20191216;200000;10554.0000000;10554.0000000;10481.0000000;10481.0000000;4
SPFB.AFLT-12.19;60;20191216;210000;10481.0000000;10487.0000000;10481.0000000;10487.0000000;2
SPFB.AFLT-12.19;60;20191216;230000;10489.0000000;10506.0000000;10488.0000000;10506.0000000;3
SPFB.AFLT-12.19;60;20191217;000000;10506.0000000;10506.0000000;10506.0000000;10506.0000000;1
SPFB.AFLT-12.19;60;20191217;110000;10520.0000000;10602.0000000;10515.0000000;10548.0000000;272
SPFB.AFLT-12.19;60;20191217;120000;10543.0000000;10602.0000000;10535.0000000;10596.0000000;140
SPFB.AFLT-12.19;60;20191217;130000;10594.0000000;10602.0000000;10573.0000000;10574.0000000;62
SPFB.AFLT-12.19;60;20191217;140000;10574.0000000;10575.0000000;10540.0000000;10555.0000000;170
SPFB.AFLT-12.19;60;20191217;150000;10565.0000000;10568.0000000;10551.0000000;10551.0000000;47
SPFB.AFLT-12.19;60;20191217;160000;10565.0000000;10571.0000000;10547.0000000;10556.0000000;96
SPFB.AFLT-12.19;60;20191217;170000;10560.0000000;10574.0000000;10551.0000000;10566.0000000;234
SPFB.AFLT-12.19;60;20191217;180000;10556.0000000;10574.0000000;10556.0000000;10574.0000000;49
SPFB.AFLT-12.19;60;20191217;190000;10549.0000000;10561.0000000;10549.0000000;10561.0000000;22
SPFB.AFLT-12.19;60;20191217;200000;10507.0000000;10598.0000000;10507.0000000;10514.0000000;19
SPFB.AFLT-12.19;60;20191217;210000;10515.0000000;10555.0000000;10511.0000000;10555.0000000;26
SPFB.AFLT-12.19;60;20191217;220000;10588.0000000;10589.0000000;10588.0000000;10588.0000000;6
SPFB.AFLT-12.19;60;20191217;230000;10580.0000000;10589.0000000;10570.0000000;10583.0000000;12
SPFB.AFLT-12.19;60;20191218;000000;10565.0000000;10565.0000000;10564.0000000;10564.0000000;2
SPFB.AFLT-12.19;60;20191218;110000;10565.0000000;10577.0000000;10490.0000000;10496.0000000;1407
SPFB.AFLT-12.19;60;20191218;120000;10497.0000000;10527.0000000;10487.0000000;10527.0000000;553
SPFB.AFLT-12.19;60;20191218;130000;10520.0000000;10542.0000000;10520.0000000;10540.0000000;41
SPFB.AFLT-12.19;60;20191218;140000;10545.0000000;10546.0000000;10515.0000000;10515.0000000;30
SPFB.AFLT-12.19;60;20191218;150000;10520.0000000;10567.0000000;10520.0000000;10524.0000000;63
SPFB.AFLT-12.19;60;20191218;160000;10529.0000000;10532.0000000;10501.0000000;10504.0000000;109
SPFB.AFLT-12.19;60;20191218;170000;10512.0000000;10515.0000000;10499.0000000;10508.0000000;60
SPFB.AFLT-12.19;60;20191218;180000;10511.0000000;10529.0000000;10497.0000000;10513.0000000;98
SPFB.AFLT-12.19;60;20191218;190000;10513.0000000;10517.0000000;10499.0000000;10503.0000000;210
SPFB.AFLT-12.19;60;20191218;200000;10503.0000000;10503.0000000;10430.0000000;10451.0000000;39
SPFB.AFLT-12.19;60;20191218;210000;10455.0000000;10476.0000000;10452.0000000;10463.0000000;6
SPFB.AFLT-12.19;60;20191218;220000;10467.0000000;10477.0000000;10467.0000000;10477.0000000;9
SPFB.AFLT-12.19;60;20191218;230000;10468.0000000;10480.0000000;10459.0000000;10480.0000000;46
SPFB.AFLT-12.19;60;20191219;000000;10468.0000000;10498.0000000;10451.0000000;10498.0000000;103
SPFB.AFLT-12.19;60;20191219;110000;10530.0000000;10541.0000000;10489.0000000;10512.0000000;350
SPFB.AFLT-12.19;60;20191219;120000;10500.0000000;10515.0000000;10477.0000000;10478.0000000;243
SPFB.AFLT-12.19;60;20191219;130000;10479.0000000;10490.0000000;10447.0000000;10447.0000000;184
SPFB.AFLT-12.19;60;20191219;140000;10464.0000000;10475.0000000;10413.0000000;10413.0000000;83
SPFB.AFLT-12.19;60;20191219;150000;10421.0000000;10471.0000000;10408.0000000;10449.0000000;214
SPFB.AFLT-12.19;60;20191219;160000;10444.0000000;10489.0000000;10427.0000000;10468.0000000;477
SPFB.AFLT-12.19;60;20191219;170000;10461.0000000;10461.0000000;10416.0000000;10421.0000000;223
SPFB.AFLT-12.19;60;20191219;180000;10416.0000000;10439.0000000;10404.0000000;10435.0000000;335
SPFB.AFLT-12.19;60;20191219;190000;10427.0000000;10440.0000000;10405.0000000;10405.0000000;216
