<TICKER>;<PER>;<DATE>;<TIME>;<OPEN>;<HIGH>;<LOW>;<CLOSE>;<VOL>
SPFB.AFLT-6.19;60;20181214;150000;10625.0000000;10625.0000000;10625.0000000;10625.0000000;1
SPFB.AFLT-6.19;60;20181214;160000;10409.0000000;10409.0000000;10170.0000000;10179.0000000;3
SPFB.AFLT-6.19;60;20181224;120000;10599.0000000;10599.0000000;10599.0000000;10599.0000000;1
SPFB.AFLT-6.19;60;20181225;120000;10396.0000000;10396.0000000;10396.0000000;10396.0000000;1
SPFB.AFLT-6.19;60;20181227;140000;10552.0000000;10552.0000000;10552.0000000;10552.0000000;2
SPFB.AFLT-6.19;60;20181227;190000;10415.0000000;10415.0000000;10415.0000000;10415.0000000;1
SPFB.AFLT-6.19;60;20181229;120000;10448.0000000;10449.0000000;10448.0000000;10449.0000000;2
SPFB.AFLT-6.19;60;20190109;130000;10545.0000000;10545.0000000;10545.0000000;10545.0000000;1
SPFB.AFLT-6.19;60;20190110;140000;10788.0000000;10788.0000000;10788.0000000;10788.0000000;1
SPFB.AFLT-6.19;60;20190114;110000;10300.0000000;10300.0000000;10300.0000000;10300.0000000;5
SPFB.AFLT-6.19;60;20190114;130000;10893.0000000;11005.0000000;10893.0000000;11005.0000000;5
SPFB.AFLT-6.19;60;20190114;140000;11000.0000000;11049.0000000;11000.0000000;11049.0000000;2
SPFB.AFLT-6.19;60;20190117;120000;11262.0000000;11262.0000000;11262.0000000;11262.0000000;1
SPFB.AFLT-6.19;60;20190121;120000;11088.0000000;11088.0000000;11088.0000000;11088.0000000;4
SPFB.AFLT-6.19;60;20190121;130000;10981.0000000;10981.0000000;10981.0000000;10981.0000000;4
SPFB.AFLT-6.19;60;20190121;180000;10980.0000000;10980.0000000;10980.0000000;10980.0000000;1
SPFB.AFLT-6.19;60;20190130;170000;11185.0000000;11185.0000000;11185.0000000;11185.0000000;2
SPFB.AFLT-6.19;60;20190131;140000;11044.0000000;11044.0000000;11044.0000000;11044.0000000;1
SPFB.AFLT-6.19;60;20190204;150000;10699.0000000;10700.0000000;10693.0000000;10693.0000000;8
SPFB.AFLT-6.19;60;20190204;160000;10637.0000000;10637.0000000;10626.0000000;10626.0000000;7
SPFB.AFLT-6.19;60;20190204;190000;10630.0000000;10680.0000000;10600.0000000;10600.0000000;15
SPFB.AFLT-6.19;60;20190205;000000;10400.0000000;10400.0000000;10400.0000000;10400.0000000;22
SPFB.AFLT-6.19;60;20190205;110000;10400.0000000;10430.0000000;10400.0000000;10430.0000000;2
SPFB.AFLT-6.19;60;20190205;120000;10516.0000000;10547.0000000;10516.0000000;10547.0000000;4
SPFB.AFLT-6.19;60;20190205;140000;10412.0000000;10412.0000000;10287.0000000;10287.0000000;10
SPFB.AFLT-6.19;60;20190205;160000;10360.0000000;10360.0000000;10360.0000000;10360.0000000;1
SPFB.AFLT-6.19;60;20190205;180000;10449.0000000;10450.0000000;10449.0000000;10450.0000000;3
SPFB.AFLT-6.19;60;20190205;190000;10532.0000000;10590.0000000;10532.0000000;10590.0000000;3
SPFB.AFLT-6.19;60;20190206;110000;10550.0000000;10550.0000000;10550.0000000;10550.0000000;1
SPFB.AFLT-6.19;60;20190212;000000;10400.0000000;10400.0000000;10400.0000000;10400.0000000;1
SPFB.AFLT-6.19;60;20190212;180000;10592.0000000;10592.0000000;10592.0000000;10592.0000000;1
SPFB.AFLT-6.19;60;20190213;130000;10420.0000000;10420.0000000;10420.0000000;10420.0000000;1
SPFB.AFLT-6.19;60;20190213;140000;10366.0000000;10366.0000000;10340.0000000;10340.0000000;9
SPFB.AFLT-6.19;60;20190213;230000;10432.0000000;10432.0000000;10305.0000000;10305.0000000;4
SPFB.AFLT-6.19;60;20190214;110000;10341.0000000;10341.0000000;10235.0000000;10235.0000000;4
SPFB.AFLT-6.19;60;20190214;120000;10300.0000000;10342.0000000;10300.0000000;10342.0000000;13
SPFB.AFLT-6.19;60;20190214;150000;10342.0000000;10342.0000000;10342.0000000;10342.0000000;6
SPFB.AFLT-6.19;60;20190214;170000;10424.0000000;10506.0000000;10424.0000000;10506.0000000;13
SPFB.AFLT-6.19;60;20190218;150000;10500.0000000;10531.0000000;10469.0000000;10469.0000000;3
SPFB.AFLT-6.19;60;20190218;170000;10400.0000000;10400.0000000;10400.0000000;10400.0000000;1
SPFB.AFLT-6.19;60;20190219;110000;10233.0000000;10233.0000000;10233.0000000;10233.0000000;1
SPFB.AFLT-6.19;60;20190219;160000;10240.0000000;10240.0000000;10240.0000000;10240.0000000;6
SPFB.AFLT-6.19;60;20190219;170000;10306.0000000;10306.0000000;10306.0000000;10306.0000000;3
SPFB.AFLT-6.19;60;20190219;180000;10240.0000000;10240.0000000;10240.0000000;10240.0000000;5
SPFB.AFLT-6.19;60;20190219;190000;10291.0000000;10291.0000000;10291.0000000;10291.0000000;1
SPFB.AFLT-6.19;60;20190220;140000;10219.0000000;10219.0000000;10218.0000000;10219.0000000;3
SPFB.AFLT-6.19;60;20190220;160000;10201.0000000;10201.0000000;10200.0000000;10200.0000000;2
SPFB.AFLT-6.19;60;20190220;170000;10200.0000000;10200.0000000;10200.0000000;10200.0000000;1
SPFB.AFLT-6.19;60;20190220;180000;10207.0000000;10227.0000000;10207.0000000;10227.0000000;4
SPFB.AFLT-6.19;60;20190221;110000;10201.0000000;10201.0000000;10200.0000000;10200.0000000;5
SPFB.AFLT-6.19;60;20190221;120000;10200.0000000;10200.0000000;10200.0000000;10200.0000000;2
SPFB.AFLT-6.19;60;20190221;140000;10249.0000000;10249.0000000;10249.0000000;10249.0000000;1
SPFB.AFLT-6.19;60;20190221;150000;10249.0000000;10249.0000000;10249.0000000;10249.0000000;1
SPFB.AFLT-6.19;60;20190221;170000;10201.0000000;10233.0000000;10201.0000000;10201.0000000;14
SPFB.AFLT-6.19;60;20190221;220000;10202.0000000;10202.0000000;10202.0000000;10202.0000000;5
SPFB.AFLT-6.19;60;20190222;110000;10300.0000000;10300.0000000;10300.0000000;10300.0000000;1
SPFB.AFLT-6.19;60;20190222;140000;10289.0000000;10289.0000000;10289.0000000;10289.0000000;2
SPFB.AFLT-6.19;60;20190225;110000;10203.0000000;10203.0000000;10203.0000000;10203.0000000;2
SPFB.AFLT-6.19;60;20190225;120000;10201.0000000;10201.0000000;10199.0000000;10200.0000000;17
SPFB.AFLT-6.19;60;20190225;140000;10150.0000000;10276.0000000;10149.0000000;10267.0000000;4
SPFB.AFLT-6.19;60;20190225;180000;10220.0000000;10220.0000000;10220.0000000;10220.0000000;1
SPFB.AFLT-6.19;60;20190225;190000;10190.0000000;10190.0000000;10190.0000000;10190.0000000;1
SPFB.AFLT-6.19;60;20190226;140000;10101.0000000;10102.0000000;10101.0000000;10102.0000000;7
SPFB.AFLT-6.19;60;20190226;150000;10162.0000000;10162.0000000;10162.0000000;10162.0000000;1
SPFB.AFLT-6.19;60;20190226;160000;10102.0000000;10137.0000000;10102.0000000;10110.0000000;8
SPFB.AFLT-6.19;60;20190226;170000;10109.0000000;10109.0000000;10109.0000000;10109.0000000;4
SPFB.AFLT-6.19;60;20190226;180000;10102.0000000;10102.0000000;10102.0000000;10102.0000000;2
SPFB.AFLT-6.19;60;20190226;190000;10148.0000000;10148.0000000;10148.0000000;10148.0000000;1
SPFB.AFLT-6.19;60;20190226;220000;10115.0000000;10115.0000000;10115.0000000;10115.0000000;1
SPFB.AFLT-6.19;60;20190226;230000;10115.0000000;10115.0000000;10115.0000000;10115.0000000;1
SPFB.AFLT-6.19;60;20190227;110000;10100.0000000;10112.0000000;10100.0000000;10100.0000000;16
SPFB.AFLT-6.19;60;20190227;120000;10100.0000000;10100.0000000;10100.0000000;10100.0000000;2
SPFB.AFLT-6.19;60;20190227;130000;10100.0000000;10114.0000000;10000.0000000;10114.0000000;23
SPFB.AFLT-6.19;60;20190227;140000;10113.0000000;10113.0000000;9900.0000000;10024.0000000;56
SPFB.AFLT-6.19;60;20190227;150000;10008.0000000;10008.0000000;9901.0000000;9902.0000000;15
SPFB.AFLT-6.19;60;20190227;160000;9902.0000000;9908.0000000;9902.0000000;9902.0000000;12
SPFB.AFLT-6.19;60;20190227;170000;9914.0000000;9918.0000000;9914.0000000;9918.0000000;11
SPFB.AFLT-6.19;60;20190227;180000;9913.0000000;9914.0000000;9910.0000000;9910.0000000;7
SPFB.AFLT-6.19;60;20190227;190000;9910.0000000;9910.0000000;9910.0000000;9910.0000000;1
SPFB.AFLT-6.19;60;20190227;200000;9912.0000000;9912.0000000;9911.0000000;9911.0000000;8
SPFB.AFLT-6.19;60;20190227;210000;9913.0000000;9975.0000000;9913.0000000;9975.0000000;4
SPFB.AFLT-6.19;60;20190227;230000;9963.0000000;9974.0000000;9963.0000000;9974.0000000;2
SPFB.AFLT-6.19;60;20190228;000000;9911.0000000;9911.0000000;9910.0000000;9910.0000000;4
SPFB.AFLT-6.19;60;20190228;110000;9910.0000000;9910.0000000;9815.0000000;9821.0000000;32
SPFB.AFLT-6.19;60;20190228;120000;9884.0000000;9884.0000000;9884.0000000;9884.0000000;9
SPFB.AFLT-6.19;60;20190228;130000;9880.0000000;9880.0000000;9822.0000000;9822.0000000;3
SPFB.AFLT-6.19;60;20190228;140000;9870.0000000;9873.0000000;9850.0000000;9872.0000000;32
SPFB.AFLT-6.19;60;20190228;160000;9880.0000000;9880.0000000;9822.0000000;9822.0000000;7
SPFB.AFLT-6.19;60;20190228;170000;9874.0000000;9900.0000000;9874.0000000;9900.0000000;33
SPFB.AFLT-6.19;60;20190228;190000;9870.0000000;9870.0000000;9822.0000000;9828.0000000;15
SPFB.AFLT-6.19;60;20190228;220000;9850.0000000;9850.0000000;9850.0000000;9850.0000000;3
SPFB.AFLT-6.19;60;20190228;230000;9805.0000000;9811.0000000;9805.0000000;9811.0000000;2
SPFB.AFLT-6.19;60;20190301;000000;9860.0000000;9860.0000000;9860.0000000;9860.0000000;3
SPFB.AFLT-6.19;60;20190301;110000;9870.0000000;9959.0000000;9870.0000000;9901.0000000;21
SPFB.AFLT-6.19;60;20190301;130000;9900.0000000;9931.0000000;9900.0000000;9931.0000000;20
SPFB.AFLT-6.19;60;20190301;140000;9862.0000000;9862.0000000;9862.0000000;9862.0000000;20
SPFB.AFLT-6.19;60;20190301;150000;9863.0000000;9863.0000000;9863.0000000;9863.0000000;4
SPFB.AFLT-6.19;60;20190301;170000;9900.0000000;9908.0000000;9861.0000000;9861.0000000;6
SPFB.AFLT-6.19;60;20190301;180000;9861.0000000;9861.0000000;9861.0000000;9861.0000000;2
SPFB.AFLT-6.19;60;20190301;190000;9866.0000000;9866.0000000;9863.0000000;9863.0000000;10
SPFB.AFLT-6.19;60;20190304;110000;9861.0000000;10055.0000000;9861.0000000;9864.0000000;7
SPFB.AFLT-6.19;60;20190304;120000;9868.0000000;10025.0000000;9868.0000000;10023.0000000;15
SPFB.AFLT-6.19;60;20190304;130000;9881.0000000;9881.0000000;9881.0000000;9881.0000000;1
SPFB.AFLT-6.19;60;20190304;150000;9895.0000000;9895.0000000;9895.0000000;9895.0000000;2
SPFB.AFLT-6.19;60;20190304;170000;9912.0000000;9912.0000000;9912.0000000;9912.0000000;1
SPFB.AFLT-6.19;60;20190304;180000;9916.0000000;9916.0000000;9903.0000000;9903.0000000;14
SPFB.AFLT-6.19;60;20190304;200000;9913.0000000;9944.0000000;9708.0000000;9741.0000000;90
SPFB.AFLT-6.19;60;20190304;210000;9709.0000000;9709.0000000;9660.0000000;9699.0000000;24
SPFB.AFLT-6.19;60;20190304;220000;9662.0000000;9662.0000000;9660.0000000;9660.0000000;45
SPFB.AFLT-6.19;60;20190304;230000;9660.0000000;9715.0000000;9600.0000000;9650.0000000;18
SPFB.AFLT-6.19;60;20190305;000000;9651.0000000;9659.0000000;9650.0000000;9650.0000000;18
SPFB.AFLT-6.19;60;20190305;110000;9659.0000000;9729.0000000;9659.0000000;9729.0000000;57
SPFB.AFLT-6.19;60;20190305;120000;9700.0000000;9720.0000000;9700.0000000;9720.0000000;27
SPFB.AFLT-6.19;60;20190305;130000;9720.0000000;9739.0000000;9718.0000000;9718.0000000;21
SPFB.AFLT-6.19;60;20190305;140000;9734.0000000;9800.0000000;9734.0000000;9780.0000000;11
SPFB.AFLT-6.19;60;20190305;150000;9800.0000000;9843.0000000;9780.0000000;9780.0000000;30
SPFB.AFLT-6.19;60;20190305;160000;9780.0000000;9800.0000000;9779.0000000;9780.0000000;32
SPFB.AFLT-6.19;60;20190305;170000;9781.0000000;9850.0000000;9780.0000000;9849.0000000;42
SPFB.AFLT-6.19;60;20190305;180000;9850.0000000;9850.0000000;9780.0000000;9780.0000000;8
SPFB.AFLT-6.19;60;20190305;190000;9780.0000000;9780.0000000;9780.0000000;9780.0000000;4
SPFB.AFLT-6.19;60;20190305;210000;9791.0000000;9803.0000000;9791.0000000;9803.0000000;2
SPFB.AFLT-6.19;60;20190305;220000;9809.0000000;9826.0000000;9809.0000000;9826.0000000;10
SPFB.AFLT-6.19;60;20190305;230000;9826.0000000;9826.0000000;9800.0000000;9800.0000000;11
SPFB.AFLT-6.19;60;20190306;110000;9830.0000000;9830.0000000;9830.0000000;9830.0000000;3
SPFB.AFLT-6.19;60;20190306;120000;9860.0000000;9860.0000000;9860.0000000;9860.0000000;2
SPFB.AFLT-6.19;60;20190306;130000;9890.0000000;9937.0000000;9890.0000000;9937.0000000;193
SPFB.AFLT-6.19;60;20190306;140000;9903.0000000;9903.0000000;9902.0000000;9902.0000000;4
SPFB.AFLT-6.19;60;20190306;150000;9899.0000000;9900.0000000;9891.0000000;9891.0000000;23
SPFB.AFLT-6.19;60;20190306;160000;9897.0000000;10072.0000000;9897.0000000;9985.0000000;100
SPFB.AFLT-6.19;60;20190306;170000;9941.0000000;9941.0000000;9940.0000000;9940.0000000;15
SPFB.AFLT-6.19;60;20190306;180000;9960.0000000;9980.0000000;9960.0000000;9980.0000000;9
SPFB.AFLT-6.19;60;20190306;190000;9899.0000000;9997.0000000;9899.0000000;9997.0000000;18
SPFB.AFLT-6.19;60;20190306;210000;9923.0000000;9923.0000000;9923.0000000;9923.0000000;10
SPFB.AFLT-6.19;60;20190306;220000;9921.0000000;9921.0000000;9921.0000000;9921.0000000;5
SPFB.AFLT-6.19;60;20190307;000000;9926.0000000;9926.0000000;9926.0000000;9926.0000000;3
SPFB.AFLT-6.19;60;20190307;110000;9930.0000000;9930.0000000;9920.0000000;9920.0000000;2
SPFB.AFLT-6.19;60;20190307;120000;9997.0000000;9997.0000000;9997.0000000;9997.0000000;8
SPFB.AFLT-6.19;60;20190307;130000;9997.0000000;10030.0000000;9997.0000000;10010.0000000;27
SPFB.AFLT-6.19;60;20190307;140000;10040.0000000;10045.0000000;10040.0000000;10045.0000000;7
SPFB.AFLT-6.19;60;20190307;150000;10087.0000000;10100.0000000;10015.0000000;10015.0000000;55
SPFB.AFLT-6.19;60;20190307;170000;10085.0000000;10087.0000000;10010.0000000;10010.0000000;29
SPFB.AFLT-6.19;60;20190307;180000;10087.0000000;10088.0000000;10013.0000000;10013.0000000;18
SPFB.AFLT-6.19;60;20190307;190000;10050.0000000;10050.0000000;10011.0000000;10011.0000000;80
SPFB.AFLT-6.19;60;20190308;000000;10004.0000000;10004.0000000;10000.0000000;10000.0000000;2
SPFB.AFLT-6.19;60;20190311;110000;10002.0000000;10002.0000000;10002.0000000;10002.0000000;1
SPFB.AFLT-6.19;60;20190311;120000;10003.0000000;10050.0000000;10003.0000000;10026.0000000;18
SPFB.AFLT-6.19;60;20190311;130000;10153.0000000;10154.0000000;10102.0000000;10102.0000000;18
SPFB.AFLT-6.19;60;20190311;140000;10179.0000000;10222.0000000;10179.0000000;10222.0000000;67
SPFB.AFLT-6.19;60;20190311;150000;10219.0000000;10219.0000000;10215.0000000;10215.0000000;3
SPFB.AFLT-6.19;60;20190311;160000;10221.0000000;10301.0000000;10220.0000000;10298.0000000;56
SPFB.AFLT-6.19;60;20190311;170000;10297.0000000;10301.0000000;10197.0000000;10300.0000000;74
SPFB.AFLT-6.19;60;20190311;180000;10300.0000000;10300.0000000;10299.0000000;10299.0000000;10
SPFB.AFLT-6.19;60;20190311;190000;10250.0000000;10250.0000000;10230.0000000;10230.0000000;2
SPFB.AFLT-6.19;60;20190311;230000;10337.0000000;10337.0000000;10306.0000000;10306.0000000;10
SPFB.AFLT-6.19;60;20190312;110000;10250.0000000;10250.0000000;10230.0000000;10230.0000000;6
SPFB.AFLT-6.19;60;20190312;120000;10204.0000000;10204.0000000;10180.0000000;10200.0000000;67
SPFB.AFLT-6.19;60;20190312;130000;10230.0000000;10250.0000000;10230.0000000;10250.0000000;2
SPFB.AFLT-6.19;60;20190312;140000;10231.0000000;10233.0000000;10231.0000000;10233.0000000;4
SPFB.AFLT-6.19;60;20190312;150000;10250.0000000;10275.0000000;10250.0000000;10275.0000000;12
SPFB.AFLT-6.19;60;20190312;160000;10230.0000000;10230.0000000;10230.0000000;10230.0000000;12
SPFB.AFLT-6.19;60;20190312;170000;10235.0000000;10235.0000000;10235.0000000;10235.0000000;1
SPFB.AFLT-6.19;60;20190312;180000;10236.0000000;10236.0000000;10200.0000000;10200.0000000;23
SPFB.AFLT-6.19;60;20190312;190000;10200.0000000;10207.0000000;10200.0000000;10200.0000000;41
SPFB.AFLT-6.19;60;20190312;230000;10182.0000000;10182.0000000;10180.0000000;10180.0000000;10
SPFB.AFLT-6.19;60;20190313;120000;10205.0000000;10205.0000000;10153.0000000;10153.0000000;293
SPFB.AFLT-6.19;60;20190313;130000;10152.0000000;10152.0000000;10141.0000000;10143.0000000;32
SPFB.AFLT-6.19;60;20190313;150000;10160.0000000;10161.0000000;10160.0000000;10161.0000000;20
SPFB.AFLT-6.19;60;20190313;160000;10140.0000000;10140.0000000;10140.0000000;10140.0000000;4
SPFB.AFLT-6.19;60;20190313;170000;10140.0000000;10140.0000000;10140.0000000;10140.0000000;11
SPFB.AFLT-6.19;60;20190313;180000;10146.0000000;10213.0000000;10146.0000000;10159.0000000;44
SPFB.AFLT-6.19;60;20190313;190000;10203.0000000;10203.0000000;10203.0000000;10203.0000000;1
SPFB.AFLT-6.19;60;20190313;210000;10103.0000000;10103.0000000;10103.0000000;10103.0000000;3
SPFB.AFLT-6.19;60;20190313;230000;10123.0000000;10123.0000000;10114.0000000;10114.0000000;30
SPFB.AFLT-6.19;60;20190314;120000;10129.0000000;10205.0000000;10118.0000000;10118.0000000;25
SPFB.AFLT-6.19;60;20190314;140000;10113.0000000;10113.0000000;10100.0000000;10100.0000000;15
SPFB.AFLT-6.19;60;20190314;150000;10100.0000000;10100.0000000;9941.0000000;10086.0000000;53
SPFB.AFLT-6.19;60;20190314;160000;10086.0000000;10086.0000000;10050.0000000;10065.0000000;17
SPFB.AFLT-6.19;60;20190314;170000;10065.0000000;10171.0000000;10050.0000000;10171.0000000;109
SPFB.AFLT-6.19;60;20190314;180000;10171.0000000;10171.0000000;10111.0000000;10111.0000000;3
SPFB.AFLT-6.19;60;20190314;190000;10111.0000000;10111.0000000;10111.0000000;10111.0000000;3
SPFB.AFLT-6.19;60;20190314;220000;10055.0000000;10055.0000000;10055.0000000;10055.0000000;5
SPFB.AFLT-6.19;60;20190315;000000;10057.0000000;10169.0000000;10056.0000000;10064.0000000;5
SPFB.AFLT-6.19;60;20190315;110000;10164.0000000;10218.0000000;10164.0000000;10190.0000000;150
SPFB.AFLT-6.19;60;20190315;120000;10135.0000000;10135.0000000;10135.0000000;10135.0000000;3
SPFB.AFLT-6.19;60;20190315;130000;10119.0000000;10149.0000000;10119.0000000;10149.0000000;6
SPFB.AFLT-6.19;60;20190315;140000;10150.0000000;10193.0000000;10150.0000000;10174.0000000;86
SPFB.AFLT-6.19;60;20190315;150000;10195.0000000;10196.0000000;10170.0000000;10170.0000000;9
SPFB.AFLT-6.19;60;20190315;160000;10158.0000000;10158.0000000;10155.0000000;10155.0000000;44
SPFB.AFLT-6.19;60;20190315;170000;10155.0000000;10177.0000000;10155.0000000;10177.0000000;50
SPFB.AFLT-6.19;60;20190315;190000;10170.0000000;10220.0000000;10170.0000000;10220.0000000;26
SPFB.AFLT-6.19;60;20190315;200000;10234.0000000;10234.0000000;10230.0000000;10230.0000000;11
SPFB.AFLT-6.19;60;20190315;210000;10228.0000000;10316.0000000;10228.0000000;10300.0000000;28
SPFB.AFLT-6.19;60;20190315;220000;10277.0000000;10277.0000000;10277.0000000;10277.0000000;3
SPFB.AFLT-6.19;60;20190315;230000;10254.0000000;10254.0000000;10254.0000000;10254.0000000;5
SPFB.AFLT-6.19;60;20190318;110000;10169.0000000;10169.0000000;10096.0000000;10096.0000000;28
SPFB.AFLT-6.19;60;20190318;120000;10189.0000000;10273.0000000;10189.0000000;10273.0000000;50
SPFB.AFLT-6.19;60;20190318;130000;10170.0000000;10192.0000000;10132.0000000;10132.0000000;107
SPFB.AFLT-6.19;60;20190318;140000;10102.0000000;10131.0000000;10102.0000000;10131.0000000;31
SPFB.AFLT-6.19;60;20190318;150000;10135.0000000;10170.0000000;10135.0000000;10150.0000000;24
SPFB.AFLT-6.19;60;20190318;160000;10161.0000000;10161.0000000;10161.0000000;10161.0000000;1
SPFB.AFLT-6.19;60;20190318;170000;10151.0000000;10151.0000000;10135.0000000;10137.0000000;91
SPFB.AFLT-6.19;60;20190318;180000;10148.0000000;10166.0000000;10148.0000000;10166.0000000;19
SPFB.AFLT-6.19;60;20190318;190000;10156.0000000;10160.0000000;10141.0000000;10149.0000000;18
SPFB.AFLT-6.19;60;20190318;220000;10167.0000000;10167.0000000;10167.0000000;10167.0000000;5
SPFB.AFLT-6.19;60;20190319;110000;10203.0000000;10210.0000000;10203.0000000;10206.0000000;5
SPFB.AFLT-6.19;60;20190319;120000;10206.0000000;10260.0000000;10190.0000000;10259.0000000;114
SPFB.AFLT-6.19;60;20190319;130000;10207.0000000;10207.0000000;10159.0000000;10164.0000000;184
SPFB.AFLT-6.19;60;20190319;140000;10160.0000000;10184.0000000;10159.0000000;10180.0000000;99
SPFB.AFLT-6.19;60;20190319;150000;10170.0000000;10193.0000000;10170.0000000;10175.0000000;110
SPFB.AFLT-6.19;60;20190319;160000;10176.0000000;10176.0000000;10169.0000000;10170.0000000;127
SPFB.AFLT-6.19;60;20190319;170000;10168.0000000;10175.0000000;10168.0000000;10168.0000000;28
SPFB.AFLT-6.19;60;20190319;180000;10168.0000000;10200.0000000;10167.0000000;10200.0000000;77
SPFB.AFLT-6.19;60;20190319;190000;10170.0000000;10200.0000000;10170.0000000;10200.0000000;18
SPFB.AFLT-6.19;60;20190319;200000;10189.0000000;10189.0000000;10188.0000000;10188.0000000;14
SPFB.AFLT-6.19;60;20190319;220000;10189.0000000;10229.0000000;10189.0000000;10229.0000000;41
SPFB.AFLT-6.19;60;20190319;230000;10215.0000000;10250.0000000;10215.0000000;10250.0000000;3
SPFB.AFLT-6.19;60;20190320;000000;10224.0000000;10246.0000000;10216.0000000;10246.0000000;19
SPFB.AFLT-6.19;60;20190320;110000;10215.0000000;10215.0000000;10100.0000000;10134.0000000;281
SPFB.AFLT-6.19;60;20190320;120000;10130.0000000;10141.0000000;10111.0000000;10111.0000000;417
SPFB.AFLT-6.19;60;20190320;130000;10110.0000000;10111.0000000;10094.0000000;10095.0000000;114
SPFB.AFLT-6.19;60;20190320;140000;10086.0000000;10120.0000000;10083.0000000;10101.0000000;177
SPFB.AFLT-6.19;60;20190320;150000;10091.0000000;10091.0000000;10053.0000000;10053.0000000;144
SPFB.AFLT-6.19;60;20190320;160000;10053.0000000;10056.0000000;10011.0000000;10047.0000000;214
SPFB.AFLT-6.19;60;20190320;170000;10035.0000000;10046.0000000;10031.0000000;10042.0000000;470
SPFB.AFLT-6.19;60;20190320;180000;10044.0000000;10071.0000000;10042.0000000;10044.0000000;290
SPFB.AFLT-6.19;60;20190320;190000;10069.0000000;10070.0000000;10022.0000000;10051.0000000;334
SPFB.AFLT-6.19;60;20190320;200000;10076.0000000;10095.0000000;10044.0000000;10044.0000000;431
SPFB.AFLT-6.19;60;20190320;210000;10049.0000000;10064.0000000;10040.0000000;10053.0000000;55
SPFB.AFLT-6.19;60;20190320;220000;10055.0000000;10074.0000000;10055.0000000;10058.0000000;60
SPFB.AFLT-6.19;60;20190320;230000;10077.0000000;10079.0000000;10049.0000000;10072.0000000;442
SPFB.AFLT-6.19;60;20190321;000000;10069.0000000;10069.0000000;10069.0000000;10069.0000000;10
SPFB.AFLT-6.19;60;20190321;110000;10051.0000000;10067.0000000;9950.0000000;9953.0000000;841
SPFB.AFLT-6.19;60;20190321;120000;9967.0000000;9988.0000000;9927.0000000;9934.0000000;150
SPFB.AFLT-6.19;60;20190321;130000;9934.0000000;9946.0000000;9925.0000000;9925.0000000;44
SPFB.AFLT-6.19;60;20190321;140000;9912.0000000;9952.0000000;9904.0000000;9952.0000000;210
SPFB.AFLT-6.19;60;20190321;150000;9951.0000000;9961.0000000;9905.0000000;9912.0000000;631
SPFB.AFLT-6.19;60;20190321;160000;9912.0000000;9936.0000000;9911.0000000;9925.0000000;140
SPFB.AFLT-6.19;60;20190321;170000;9924.0000000;9932.0000000;9911.0000000;9917.0000000;279
SPFB.AFLT-6.19;60;20190321;180000;9911.0000000;9917.0000000;9910.0000000;9911.0000000;134
SPFB.AFLT-6.19;60;20190321;190000;9931.0000000;9952.0000000;9902.0000000;9940.0000000;595
SPFB.AFLT-6.19;60;20190321;200000;9912.0000000;9938.0000000;9888.0000000;9899.0000000;391
SPFB.AFLT-6.19;60;20190321;210000;9895.0000000;9910.0000000;9892.0000000;9892.0000000;28
SPFB.AFLT-6.19;60;20190321;220000;9896.0000000;9913.0000000;9895.0000000;9913.0000000;51
SPFB.AFLT-6.19;60;20190321;230000;9908.0000000;9926.0000000;9908.0000000;9926.0000000;34
SPFB.AFLT-6.19;60;20190322;000000;9927.0000000;9927.0000000;9927.0000000;9927.0000000;2
SPFB.AFLT-6.19;60;20190322;110000;9936.0000000;9940.0000000;9900.0000000;9902.0000000;439
SPFB.AFLT-6.19;60;20190322;120000;9912.0000000;9912.0000000;9860.0000000;9866.0000000;460
SPFB.AFLT-6.19;60;20190322;130000;9867.0000000;9875.0000000;9864.0000000;9867.0000000;146
SPFB.AFLT-6.19;60;20190322;140000;9869.0000000;9906.0000000;9865.0000000;9906.0000000;274
SPFB.AFLT-6.19;60;20190322;150000;9901.0000000;9905.0000000;9881.0000000;9893.0000000;66
SPFB.AFLT-6.19;60;20190322;160000;9893.0000000;9903.0000000;9878.0000000;9903.0000000;31
SPFB.AFLT-6.19;60;20190322;170000;9905.0000000;9953.0000000;9905.0000000;9911.0000000;234
SPFB.AFLT-6.19;60;20190322;180000;9912.0000000;9912.0000000;9884.0000000;9897.0000000;61
SPFB.AFLT-6.19;60;20190322;190000;9889.0000000;9952.0000000;9889.0000000;9952.0000000;216
SPFB.AFLT-6.19;60;20190322;200000;9972.0000000;9989.0000000;9929.0000000;9948.0000000;201
SPFB.AFLT-6.19;60;20190322;210000;9945.0000000;9945.0000000;9945.0000000;9945.0000000;2
SPFB.AFLT-6.19;60;20190322;220000;9934.0000000;9959.0000000;9925.0000000;9940.0000000;277
SPFB.AFLT-6.19;60;20190322;230000;9955.0000000;9989.0000000;9955.0000000;9989.0000000;52
SPFB.AFLT-6.19;60;20190323;000000;9988.0000000;9988.0000000;9988.0000000;9988.0000000;12
SPFB.AFLT-6.19;60;20190325;110000;9934.0000000;9940.0000000;9881.0000000;9917.0000000;545
SPFB.AFLT-6.19;60;20190325;120000;9909.0000000;9960.0000000;9882.0000000;9954.0000000;259
SPFB.AFLT-6.19;60;20190325;130000;9958.0000000;9983.0000000;9954.0000000;9983.0000000;212
SPFB.AFLT-6.19;60;20190325;140000;9981.0000000;10020.0000000;9973.0000000;9999.0000000;336
SPFB.AFLT-6.19;60;20190325;150000;9959.0000000;9961.0000000;9932.0000000;9938.0000000;178
SPFB.AFLT-6.19;60;20190325;160000;9940.0000000;9956.0000000;9908.0000000;9920.0000000;101
SPFB.AFLT-6.19;60;20190325;170000;9920.0000000;9926.0000000;9900.0000000;9901.0000000;249
SPFB.AFLT-6.19;60;20190325;180000;9912.0000000;9933.0000000;9895.0000000;9900.0000000;68
SPFB.AFLT-6.19;60;20190325;190000;9890.0000000;9899.0000000;9870.0000000;9887.0000000;250
SPFB.AFLT-6.19;60;20190325;200000;9887.0000000;9900.0000000;9829.0000000;9829.0000000;298
SPFB.AFLT-6.19;60;20190325;210000;9830.0000000;9836.0000000;9817.0000000;9836.0000000;15
SPFB.AFLT-6.19;60;20190325;220000;9829.0000000;9839.0000000;9820.0000000;9825.0000000;37
SPFB.AFLT-6.19;60;20190325;230000;9822.0000000;9830.0000000;9820.0000000;9820.0000000;41
SPFB.AFLT-6.19;60;20190326;000000;9815.0000000;9824.0000000;9814.0000000;9815.0000000;42
SPFB.AFLT-6.19;60;20190326;110000;9844.0000000;9924.0000000;9844.0000000;9924.0000000;271
SPFB.AFLT-6.19;60;20190326;120000;9906.0000000;9935.0000000;9900.0000000;9926.0000000;40
SPFB.AFLT-6.19;60;20190326;130000;9915.0000000;9915.0000000;9898.0000000;9898.0000000;162
SPFB.AFLT-6.19;60;20190326;140000;9912.0000000;9935.0000000;9909.0000000;9931.0000000;176
SPFB.AFLT-6.19;60;20190326;150000;9927.0000000;9927.0000000;9909.0000000;9912.0000000;82
SPFB.AFLT-6.19;60;20190326;160000;9917.0000000;9926.0000000;9905.0000000;9908.0000000;39
SPFB.AFLT-6.19;60;20190326;170000;9914.0000000;9924.0000000;9900.0000000;9900.0000000;96
SPFB.AFLT-6.19;60;20190326;180000;9909.0000000;9918.0000000;9902.0000000;9918.0000000;36
SPFB.AFLT-6.19;60;20190326;190000;9918.0000000;9918.0000000;9918.0000000;9918.0000000;1
SPFB.AFLT-6.19;60;20190326;200000;9920.0000000;9922.0000000;9873.0000000;9887.0000000;393
SPFB.AFLT-6.19;60;20190326;210000;9893.0000000;9899.0000000;9888.0000000;9899.0000000;46
SPFB.AFLT-6.19;60;20190326;220000;9899.0000000;9899.0000000;9887.0000000;9887.0000000;26
SPFB.AFLT-6.19;60;20190326;230000;9898.0000000;9899.0000000;9898.0000000;9898.0000000;9
SPFB.AFLT-6.19;60;20190327;000000;9899.0000000;9899.0000000;9899.0000000;9899.0000000;5
SPFB.AFLT-6.19;60;20190327;110000;9898.0000000;9921.0000000;9858.0000000;9866.0000000;110
SPFB.AFLT-6.19;60;20190327;120000;9861.0000000;9876.0000000;9837.0000000;9841.0000000;78
SPFB.AFLT-6.19;60;20190327;130000;9853.0000000;9853.0000000;9821.0000000;9821.0000000;89
SPFB.AFLT-6.19;60;20190327;140000;9820.0000000;9820.0000000;9788.0000000;9811.0000000;111
SPFB.AFLT-6.19;60;20190327;150000;9811.0000000;9811.0000000;9790.0000000;9797.0000000;150
SPFB.AFLT-6.19;60;20190327;160000;9802.0000000;9897.0000000;9798.0000000;9866.0000000;140
SPFB.AFLT-6.19;60;20190327;170000;9865.0000000;9865.0000000;9822.0000000;9849.0000000;103
SPFB.AFLT-6.19;60;20190327;180000;9827.0000000;9832.0000000;9804.0000000;9809.0000000;38
SPFB.AFLT-6.19;60;20190327;190000;9802.0000000;9809.0000000;9795.0000000;9795.0000000;33
SPFB.AFLT-6.19;60;20190327;200000;9797.0000000;9819.0000000;9789.0000000;9791.0000000;85
SPFB.AFLT-6.19;60;20190327;210000;9801.0000000;9827.0000000;9770.0000000;9808.0000000;60
SPFB.AFLT-6.19;60;20190327;220000;9809.0000000;9809.0000000;9779.0000000;9779.0000000;14
SPFB.AFLT-6.19;60;20190327;230000;9793.0000000;9800.0000000;9789.0000000;9792.0000000;22
SPFB.AFLT-6.19;60;20190328;000000;9807.0000000;9816.0000000;9760.0000000;9797.0000000;220
SPFB.AFLT-6.19;60;20190328;110000;9784.0000000;9856.0000000;9784.0000000;9845.0000000;261
SPFB.AFLT-6.19;60;20190328;120000;9839.0000000;9851.0000000;9821.0000000;9824.0000000;101
SPFB.AFLT-6.19;60;20190328;130000;9828.0000000;9836.0000000;9827.0000000;9830.0000000;31
SPFB.AFLT-6.19;60;20190328;140000;9825.0000000;9867.0000000;9825.0000000;9850.0000000;70
SPFB.AFLT-6.19;60;20190328;150000;9856.0000000;9856.0000000;9844.0000000;9846.0000000;14
SPFB.AFLT-6.19;60;20190328;170000;9838.0000000;9847.0000000;9831.0000000;9831.0000000;43
SPFB.AFLT-6.19;60;20190328;180000;9840.0000000;9860.0000000;9840.0000000;9860.0000000;40
SPFB.AFLT-6.19;60;20190328;190000;9852.0000000;9861.0000000;9852.0000000;9861.0000000;11
SPFB.AFLT-6.19;60;20190328;200000;9859.0000000;9865.0000000;9842.0000000;9857.0000000;77
SPFB.AFLT-6.19;60;20190328;210000;9850.0000000;9860.0000000;9850.0000000;9851.0000000;32
SPFB.AFLT-6.19;60;20190329;000000;9852.0000000;9852.0000000;9852.0000000;9852.0000000;1
SPFB.AFLT-6.19;60;20190329;110000;9867.0000000;9915.0000000;9860.0000000;9898.0000000;267
SPFB.AFLT-6.19;60;20190329;120000;9909.0000000;9909.0000000;9824.0000000;9825.0000000;125
SPFB.AFLT-6.19;60;20190329;130000;9820.0000000;9823.0000000;9795.0000000;9795.0000000;101
SPFB.AFLT-6.19;60;20190329;140000;9796.0000000;9821.0000000;9786.0000000;9809.0000000;129
SPFB.AFLT-6.19;60;20190329;150000;9814.0000000;9831.0000000;9814.0000000;9831.0000000;21
SPFB.AFLT-6.19;60;20190329;160000;9826.0000000;9858.0000000;9808.0000000;9822.0000000;296
SPFB.AFLT-6.19;60;20190329;170000;9820.0000000;9829.0000000;9819.0000000;9826.0000000;14
SPFB.AFLT-6.19;60;20190329;180000;9821.0000000;9833.0000000;9814.0000000;9824.0000000;28
SPFB.AFLT-6.19;60;20190329;190000;9821.0000000;9821.0000000;9789.0000000;9790.0000000;99
SPFB.AFLT-6.19;60;20190329;200000;9772.0000000;9792.0000000;9772.0000000;9786.0000000;42
SPFB.AFLT-6.19;60;20190329;210000;9789.0000000;9795.0000000;9789.0000000;9794.0000000;24
SPFB.AFLT-6.19;60;20190329;220000;9780.0000000;9780.0000000;9750.0000000;9770.0000000;232
SPFB.AFLT-6.19;60;20190329;230000;9775.0000000;9775.0000000;9757.0000000;9771.0000000;50
SPFB.AFLT-6.19;60;20190330;000000;9782.0000000;9782.0000000;9762.0000000;9762.0000000;13
SPFB.AFLT-6.19;60;20190401;110000;9795.0000000;9825.0000000;9788.0000000;9823.0000000;116
SPFB.AFLT-6.19;60;20190401;120000;9826.0000000;9828.0000000;9819.0000000;9828.0000000;46
SPFB.AFLT-6.19;60;20190401;130000;9828.0000000;9879.0000000;9828.0000000;9877.0000000;213
SPFB.AFLT-6.19;60;20190401;140000;9869.0000000;9925.0000000;9869.0000000;9900.0000000;209
SPFB.AFLT-6.19;60;20190401;150000;9888.0000000;9901.0000000;9888.0000000;9901.0000000;276
SPFB.AFLT-6.19;60;20190401;160000;9900.0000000;9907.0000000;9891.0000000;9907.0000000;191
SPFB.AFLT-6.19;60;20190401;170000;9908.0000000;9930.0000000;9906.0000000;9930.0000000;229
SPFB.AFLT-6.19;60;20190401;180000;9929.0000000;9950.0000000;9920.0000000;9936.0000000;179
SPFB.AFLT-6.19;60;20190401;190000;9946.0000000;9950.0000000;9945.0000000;9950.0000000;79
SPFB.AFLT-6.19;60;20190401;200000;9928.0000000;9950.0000000;9925.0000000;9947.0000000;71
SPFB.AFLT-6.19;60;20190401;210000;9939.0000000;9943.0000000;9925.0000000;9930.0000000;56
SPFB.AFLT-6.19;60;20190401;220000;9929.0000000;9929.0000000;9929.0000000;9929.0000000;4
SPFB.AFLT-6.19;60;20190401;230000;9922.0000000;9943.0000000;9922.0000000;9941.0000000;16
SPFB.AFLT-6.19;60;20190402;000000;9935.0000000;9945.0000000;9930.0000000;9945.0000000;97
SPFB.AFLT-6.19;60;20190402;110000;9945.0000000;10000.0000000;9945.0000000;9987.0000000;133
SPFB.AFLT-6.19;60;20190402;120000;9984.0000000;9984.0000000;9961.0000000;9961.0000000;36
SPFB.AFLT-6.19;60;20190402;130000;9963.0000000;9990.0000000;9963.0000000;9981.0000000;36
SPFB.AFLT-6.19;60;20190402;140000;9985.0000000;9986.0000000;9971.0000000;9978.0000000;34
SPFB.AFLT-6.19;60;20190402;150000;9982.0000000;9984.0000000;9971.0000000;9984.0000000;23
SPFB.AFLT-6.19;60;20190402;160000;9982.0000000;10044.0000000;9980.0000000;10012.0000000;574
SPFB.AFLT-6.19;60;20190402;170000;10019.0000000;10035.0000000;10010.0000000;10035.0000000;156
SPFB.AFLT-6.19;60;20190402;180000;10026.0000000;10035.0000000;9999.0000000;10000.0000000;25
SPFB.AFLT-6.19;60;20190402;190000;9987.0000000;10035.0000000;9987.0000000;10035.0000000;121
SPFB.AFLT-6.19;60;20190402;200000;9990.0000000;10016.0000000;9984.0000000;9984.0000000;152
SPFB.AFLT-6.19;60;20190402;210000;9986.0000000;9996.0000000;9984.0000000;9996.0000000;24
SPFB.AFLT-6.19;60;20190402;220000;9990.0000000;10007.0000000;9985.0000000;10007.0000000;21
SPFB.AFLT-6.19;60;20190402;230000;10006.0000000;10018.0000000;10005.0000000;10007.0000000;41
SPFB.AFLT-6.19;60;20190403;000000;9999.0000000;10008.0000000;9995.0000000;9999.0000000;27
SPFB.AFLT-6.19;60;20190403;110000;10020.0000000;10050.0000000;10020.0000000;10038.0000000;317
SPFB.AFLT-6.19;60;20190403;120000;10042.0000000;10085.0000000;10035.0000000;10040.0000000;166
SPFB.AFLT-6.19;60;20190403;130000;10038.0000000;10065.0000000;10027.0000000;10041.0000000;146
SPFB.AFLT-6.19;60;20190403;140000;10034.0000000;10044.0000000;10007.0000000;10007.0000000;133
SPFB.AFLT-6.19;60;20190403;150000;10014.0000000;10014.0000000;9958.0000000;9967.0000000;144
SPFB.AFLT-6.19;60;20190403;160000;9986.0000000;9990.0000000;9902.0000000;9933.0000000;316
SPFB.AFLT-6.19;60;20190403;170000;9946.0000000;9963.0000000;9919.0000000;9919.0000000;56
SPFB.AFLT-6.19;60;20190403;180000;9925.0000000;10050.0000000;9925.0000000;10049.0000000;271
SPFB.AFLT-6.19;60;20190403;190000;10049.0000000;10050.0000000;10000.0000000;10044.0000000;135
SPFB.AFLT-6.19;60;20190403;200000;10025.0000000;10028.0000000;10008.0000000;10008.0000000;105
SPFB.AFLT-6.19;60;20190403;210000;10008.0000000;10030.0000000;9966.0000000;9966.0000000;58
SPFB.AFLT-6.19;60;20190403;220000;9971.0000000;9988.0000000;9971.0000000;9983.0000000;33
SPFB.AFLT-6.19;60;20190403;230000;9985.0000000;9987.0000000;9965.0000000;9980.0000000;136
SPFB.AFLT-6.19;60;20190404;000000;9973.0000000;10033.0000000;9968.0000000;9980.0000000;163
SPFB.AFLT-6.19;60;20190404;110000;9978.0000000;10006.0000000;9953.0000000;9981.0000000;93
SPFB.AFLT-6.19;60;20190404;120000;9981.0000000;9981.0000000;9950.0000000;9950.0000000;39
SPFB.AFLT-6.19;60;20190404;130000;9952.0000000;9956.0000000;9925.0000000;9946.0000000;221
SPFB.AFLT-6.19;60;20190404;140000;9963.0000000;10000.0000000;9961.0000000;10000.0000000;122
SPFB.AFLT-6.19;60;20190404;150000;10001.0000000;10021.0000000;9910.0000000;9998.0000000;1035
SPFB.AFLT-6.19;60;20190404;160000;9998.0000000;9998.0000000;9989.0000000;9995.0000000;38
SPFB.AFLT-6.19;60;20190404;170000;9995.0000000;10012.0000000;9985.0000000;9985.0000000;230
SPFB.AFLT-6.19;60;20190404;180000;9987.0000000;9987.0000000;9961.0000000;9966.0000000;25
SPFB.AFLT-6.19;60;20190404;190000;9953.0000000;9953.0000000;9942.0000000;9942.0000000;25
SPFB.AFLT-6.19;60;20190404;200000;9928.0000000;9973.0000000;9920.0000000;9965.0000000;165
SPFB.AFLT-6.19;60;20190404;210000;9973.0000000;9988.0000000;9958.0000000;9988.0000000;90
SPFB.AFLT-6.19;60;20190404;220000;9963.0000000;9979.0000000;9963.0000000;9979.0000000;24
SPFB.AFLT-6.19;60;20190404;230000;9972.0000000;9980.0000000;9972.0000000;9980.0000000;6
SPFB.AFLT-6.19;60;20190405;000000;9980.0000000;10009.0000000;9980.0000000;9992.0000000;34
SPFB.AFLT-6.19;60;20190405;110000;9976.0000000;9985.0000000;9944.0000000;9964.0000000;66
SPFB.AFLT-6.19;60;20190405;120000;9968.0000000;9968.0000000;9930.0000000;9938.0000000;134
SPFB.AFLT-6.19;60;20190405;130000;9930.0000000;9995.0000000;9923.0000000;9963.0000000;177
SPFB.AFLT-6.19;60;20190405;140000;9962.0000000;10025.0000000;9962.0000000;10005.0000000;227
SPFB.AFLT-6.19;60;20190405;150000;10003.0000000;10040.0000000;9996.0000000;10026.0000000;97
SPFB.AFLT-6.19;60;20190405;160000;10042.0000000;10091.0000000;10006.0000000;10027.0000000;512
SPFB.AFLT-6.19;60;20190405;170000;10033.0000000;10083.0000000;10032.0000000;10048.0000000;317
SPFB.AFLT-6.19;60;20190405;180000;10056.0000000;10081.0000000;10056.0000000;10073.0000000;152
SPFB.AFLT-6.19;60;20190405;190000;10077.0000000;10101.0000000;10068.0000000;10081.0000000;107
SPFB.AFLT-6.19;60;20190405;200000;10107.0000000;10107.0000000;10055.0000000;10090.0000000;115
SPFB.AFLT-6.19;60;20190405;210000;10066.0000000;10087.0000000;10060.0000000;10080.0000000;59
SPFB.AFLT-6.19;60;20190405;220000;10067.0000000;10067.0000000;10066.0000000;10066.0000000;4
SPFB.AFLT-6.19;60;20190405;230000;10078.0000000;10087.0000000;10077.0000000;10087.0000000;11
SPFB.AFLT-6.19;60;20190406;000000;10085.0000000;10110.0000000;10077.0000000;10100.0000000;100
SPFB.AFLT-6.19;60;20190408;110000;10086.0000000;10120.0000000;10050.0000000;10055.0000000;219
SPFB.AFLT-6.19;60;20190408;120000;10041.0000000;10066.0000000;10021.0000000;10028.0000000;153
SPFB.AFLT-6.19;60;20190408;130000;10023.0000000;10056.0000000;10000.0000000;10018.0000000;664
SPFB.AFLT-6.19;60;20190408;140000;10016.0000000;10016.0000000;9992.0000000;10004.0000000;326
SPFB.AFLT-6.19;60;20190408;150000;10006.0000000;10022.0000000;9998.0000000;10012.0000000;23
SPFB.AFLT-6.19;60;20190408;160000;10012.0000000;10019.0000000;9984.0000000;9998.0000000;87
SPFB.AFLT-6.19;60;20190408;170000;9997.0000000;9997.0000000;9978.0000000;9989.0000000;153
SPFB.AFLT-6.19;60;20190408;180000;9989.0000000;9989.0000000;9988.0000000;9989.0000000;72
SPFB.AFLT-6.19;60;20190408;190000;10002.0000000;10002.0000000;9996.0000000;9996.0000000;14
SPFB.AFLT-6.19;60;20190408;200000;9980.0000000;9981.0000000;9952.0000000;9964.0000000;56
SPFB.AFLT-6.19;60;20190408;210000;9955.0000000;9966.0000000;9951.0000000;9957.0000000;17
SPFB.AFLT-6.19;60;20190408;220000;9966.0000000;9966.0000000;9966.0000000;9966.0000000;3
SPFB.AFLT-6.19;60;20190408;230000;9967.0000000;9967.0000000;9957.0000000;9966.0000000;8
SPFB.AFLT-6.19;60;20190409;000000;9967.0000000;9967.0000000;9966.0000000;9966.0000000;3
SPFB.AFLT-6.19;60;20190409;110000;9988.0000000;10000.0000000;9950.0000000;9956.0000000;168
SPFB.AFLT-6.19;60;20190409;120000;9950.0000000;9968.0000000;9931.0000000;9931.0000000;699
SPFB.AFLT-6.19;60;20190409;130000;9923.0000000;9923.0000000;9881.0000000;9881.0000000;320
SPFB.AFLT-6.19;60;20190409;140000;9895.0000000;9914.0000000;9883.0000000;9899.0000000;97
SPFB.AFLT-6.19;60;20190409;150000;9893.0000000;9895.0000000;9890.0000000;9892.0000000;23
SPFB.AFLT-6.19;60;20190409;160000;9902.0000000;9921.0000000;9870.0000000;9873.0000000;88
SPFB.AFLT-6.19;60;20190409;170000;9874.0000000;9876.0000000;9810.0000000;9821.0000000;120
SPFB.AFLT-6.19;60;20190409;180000;9826.0000000;9831.0000000;9790.0000000;9804.0000000;129
SPFB.AFLT-6.19;60;20190409;190000;9801.0000000;9812.0000000;9798.0000000;9807.0000000;33
SPFB.AFLT-6.19;60;20190409;200000;9808.0000000;9824.0000000;9781.0000000;9800.0000000;87
SPFB.AFLT-6.19;60;20190409;210000;9800.0000000;9811.0000000;9800.0000000;9811.0000000;5
SPFB.AFLT-6.19;60;20190409;220000;9811.0000000;9817.0000000;9811.0000000;9817.0000000;14
SPFB.AFLT-6.19;60;20190409;230000;9817.0000000;9833.0000000;9817.0000000;9833.0000000;15
SPFB.AFLT-6.19;60;20190410;000000;9813.0000000;9824.0000000;9803.0000000;9803.0000000;17
SPFB.AFLT-6.19;60;20190410;110000;9839.0000000;9915.0000000;9839.0000000;9907.0000000;185
SPFB.AFLT-6.19;60;20190410;120000;9907.0000000;9943.0000000;9907.0000000;9928.0000000;57
SPFB.AFLT-6.19;60;20190410;130000;9916.0000000;9926.0000000;9875.0000000;9895.0000000;120
SPFB.AFLT-6.19;60;20190410;140000;9891.0000000;9891.0000000;9867.0000000;9880.0000000;23
SPFB.AFLT-6.19;60;20190410;150000;9875.0000000;9875.0000000;9830.0000000;9844.0000000;155
SPFB.AFLT-6.19;60;20190410;160000;9826.0000000;9830.0000000;9798.0000000;9810.0000000;181
SPFB.AFLT-6.19;60;20190410;170000;9811.0000000;9830.0000000;9808.0000000;9815.0000000;279
SPFB.AFLT-6.19;60;20190410;180000;9811.0000000;9815.0000000;9801.0000000;9810.0000000;224
SPFB.AFLT-6.19;60;20190410;190000;9810.0000000;9847.0000000;9810.0000000;9823.0000000;170
SPFB.AFLT-6.19;60;20190410;200000;9818.0000000;9845.0000000;9818.0000000;9845.0000000;37
SPFB.AFLT-6.19;60;20190410;210000;9840.0000000;9845.0000000;9836.0000000;9836.0000000;37
SPFB.AFLT-6.19;60;20190410;220000;9836.0000000;9836.0000000;9831.0000000;9831.0000000;9
SPFB.AFLT-6.19;60;20190410;230000;9829.0000000;9829.0000000;9817.0000000;9817.0000000;5
SPFB.AFLT-6.19;60;20190411;000000;9840.0000000;9840.0000000;9839.0000000;9839.0000000;4
SPFB.AFLT-6.19;60;20190411;110000;9821.0000000;9886.0000000;9818.0000000;9871.0000000;193
SPFB.AFLT-6.19;60;20190411;120000;9870.0000000;9878.0000000;9849.0000000;9856.0000000;82
SPFB.AFLT-6.19;60;20190411;130000;9851.0000000;9864.0000000;9831.0000000;9854.0000000;72
SPFB.AFLT-6.19;60;20190411;140000;9869.0000000;9874.0000000;9859.0000000;9867.0000000;33
SPFB.AFLT-6.19;60;20190411;150000;9872.0000000;9916.0000000;9872.0000000;9879.0000000;121
SPFB.AFLT-6.19;60;20190411;160000;9883.0000000;9904.0000000;9878.0000000;9900.0000000;84
SPFB.AFLT-6.19;60;20190411;170000;9900.0000000;9940.0000000;9900.0000000;9940.0000000;70
SPFB.AFLT-6.19;60;20190411;180000;9941.0000000;9950.0000000;9925.0000000;9943.0000000;162
SPFB.AFLT-6.19;60;20190411;190000;9941.0000000;9990.0000000;9941.0000000;9979.0000000;242
SPFB.AFLT-6.19;60;20190411;200000;9959.0000000;9976.0000000;9913.0000000;9932.0000000;349
SPFB.AFLT-6.19;60;20190411;210000;9944.0000000;9944.0000000;9920.0000000;9920.0000000;11
SPFB.AFLT-6.19;60;20190411;220000;9939.0000000;9939.0000000;9931.0000000;9931.0000000;2
SPFB.AFLT-6.19;60;20190411;230000;9935.0000000;9937.0000000;9926.0000000;9932.0000000;23
SPFB.AFLT-6.19;60;20190412;110000;9943.0000000;9996.0000000;9850.0000000;9896.0000000;177
SPFB.AFLT-6.19;60;20190412;120000;9888.0000000;9911.0000000;9880.0000000;9911.0000000;18
SPFB.AFLT-6.19;60;20190412;130000;9918.0000000;9940.0000000;9900.0000000;9907.0000000;48
SPFB.AFLT-6.19;60;20190412;140000;9914.0000000;9965.0000000;9909.0000000;9965.0000000;23
SPFB.AFLT-6.19;60;20190412;150000;9953.0000000;9965.0000000;9945.0000000;9945.0000000;34
SPFB.AFLT-6.19;60;20190412;160000;9947.0000000;9949.0000000;9901.0000000;9901.0000000;92
SPFB.AFLT-6.19;60;20190412;170000;9882.0000000;9890.0000000;9869.0000000;9869.0000000;120
SPFB.AFLT-6.19;60;20190412;180000;9868.0000000;9888.0000000;9868.0000000;9876.0000000;30
SPFB.AFLT-6.19;60;20190412;190000;9870.0000000;9925.0000000;9868.0000000;9923.0000000;243
SPFB.AFLT-6.19;60;20190412;200000;9865.0000000;9909.0000000;9850.0000000;9884.0000000;69
SPFB.AFLT-6.19;60;20190412;210000;9890.0000000;9900.0000000;9890.0000000;9900.0000000;2
SPFB.AFLT-6.19;60;20190412;220000;9896.0000000;9900.0000000;9896.0000000;9900.0000000;11
SPFB.AFLT-6.19;60;20190412;230000;9891.0000000;9891.0000000;9880.0000000;9880.0000000;18
SPFB.AFLT-6.19;60;20190413;000000;9880.0000000;9900.0000000;9877.0000000;9879.0000000;38
SPFB.AFLT-6.19;60;20190415;110000;9851.0000000;9930.0000000;9850.0000000;9892.0000000;331
SPFB.AFLT-6.19;60;20190415;120000;9899.0000000;10008.0000000;9890.0000000;9971.0000000;331
SPFB.AFLT-6.19;60;20190415;130000;9980.0000000;9984.0000000;9964.0000000;9983.0000000;27
SPFB.AFLT-6.19;60;20190415;140000;9963.0000000;9963.0000000;9937.0000000;9937.0000000;17
SPFB.AFLT-6.19;60;20190415;150000;9925.0000000;9939.0000000;9921.0000000;9939.0000000;17
SPFB.AFLT-6.19;60;20190415;160000;9949.0000000;10000.0000000;9949.0000000;9990.0000000;51
SPFB.AFLT-6.19;60;20190415;170000;9993.0000000;9993.0000000;9970.0000000;9980.0000000;73
SPFB.AFLT-6.19;60;20190415;180000;9978.0000000;9990.0000000;9967.0000000;9990.0000000;39
SPFB.AFLT-6.19;60;20190415;190000;9989.0000000;9990.0000000;9957.0000000;9957.0000000;69
SPFB.AFLT-6.19;60;20190415;200000;9958.0000000;9958.0000000;9951.0000000;9951.0000000;3
SPFB.AFLT-6.19;60;20190415;210000;9959.0000000;9959.0000000;9920.0000000;9936.0000000;81
SPFB.AFLT-6.19;60;20190415;220000;9949.0000000;9950.0000000;9949.0000000;9950.0000000;7
SPFB.AFLT-6.19;60;20190415;230000;9949.0000000;9949.0000000;9949.0000000;9949.0000000;6
SPFB.AFLT-6.19;60;20190416;000000;9960.0000000;9975.0000000;9954.0000000;9975.0000000;52
SPFB.AFLT-6.19;60;20190416;110000;9983.0000000;9999.0000000;9923.0000000;9923.0000000;173
SPFB.AFLT-6.19;60;20190416;120000;9930.0000000;9972.0000000;9930.0000000;9959.0000000;76
SPFB.AFLT-6.19;60;20190416;130000;9965.0000000;9970.0000000;9944.0000000;9953.0000000;50
SPFB.AFLT-6.19;60;20190416;140000;9951.0000000;9960.0000000;9950.0000000;9960.0000000;11
SPFB.AFLT-6.19;60;20190416;150000;9953.0000000;9985.0000000;9953.0000000;9983.0000000;132
SPFB.AFLT-6.19;60;20190416;160000;9985.0000000;10034.0000000;9974.0000000;10010.0000000;567
SPFB.AFLT-6.19;60;20190416;170000;10003.0000000;10020.0000000;10000.0000000;10019.0000000;37
SPFB.AFLT-6.19;60;20190416;180000;10022.0000000;10061.0000000;10011.0000000;10061.0000000;381
SPFB.AFLT-6.19;60;20190416;190000;10058.0000000;10074.0000000;10016.0000000;10074.0000000;433
SPFB.AFLT-6.19;60;20190416;200000;10059.0000000;10091.0000000;10053.0000000;10089.0000000;76
SPFB.AFLT-6.19;60;20190416;210000;10089.0000000;10095.0000000;10035.0000000;10035.0000000;81
SPFB.AFLT-6.19;60;20190416;220000;10075.0000000;10077.0000000;10050.0000000;10050.0000000;7
SPFB.AFLT-6.19;60;20190416;230000;10069.0000000;10071.0000000;10049.0000000;10071.0000000;15
SPFB.AFLT-6.19;60;20190417;110000;10045.0000000;10045.0000000;9960.0000000;10020.0000000;370
SPFB.AFLT-6.19;60;20190417;120000;10025.0000000;10030.0000000;10008.0000000;10008.0000000;54
SPFB.AFLT-6.19;60;20190417;130000;10016.0000000;10026.0000000;10016.0000000;10017.0000000;81
SPFB.AFLT-6.19;60;20190417;140000;10000.0000000;10020.0000000;9969.0000000;10020.0000000;97
SPFB.AFLT-6.19;60;20190417;150000;10020.0000000;10020.0000000;10000.0000000;10002.0000000;22
SPFB.AFLT-6.19;60;20190417;160000;10012.0000000;10029.0000000;9983.0000000;9990.0000000;36
SPFB.AFLT-6.19;60;20190417;170000;9995.0000000;9995.0000000;9976.0000000;9976.0000000;113
SPFB.AFLT-6.19;60;20190417;180000;9982.0000000;10009.0000000;9982.0000000;10009.0000000;41
SPFB.AFLT-6.19;60;20190417;190000;10007.0000000;10028.0000000;9970.0000000;10018.0000000;325
SPFB.AFLT-6.19;60;20190417;200000;10003.0000000;10023.0000000;9991.0000000;10023.0000000;43
SPFB.AFLT-6.19;60;20190417;210000;10016.0000000;10023.0000000;10003.0000000;10003.0000000;22
SPFB.AFLT-6.19;60;20190417;230000;10002.0000000;10017.0000000;10002.0000000;10007.0000000;11
SPFB.AFLT-6.19;60;20190418;000000;10008.0000000;10008.0000000;10008.0000000;10008.0000000;1
SPFB.AFLT-6.19;60;20190418;110000;10001.0000000;10001.0000000;9965.0000000;9990.0000000;63
SPFB.AFLT-6.19;60;20190418;120000;9984.0000000;9990.0000000;9976.0000000;9977.0000000;19
SPFB.AFLT-6.19;60;20190418;130000;9977.0000000;10008.0000000;9976.0000000;10008.0000000;43
SPFB.AFLT-6.19;60;20190418;140000;10023.0000000;10028.0000000;10000.0000000;10000.0000000;64
SPFB.AFLT-6.19;60;20190418;150000;10000.0000000;10004.0000000;9987.0000000;10004.0000000;182
SPFB.AFLT-6.19;60;20190418;160000;10000.0000000;10005.0000000;9980.0000000;9992.0000000;145
SPFB.AFLT-6.19;60;20190418;170000;9980.0000000;9980.0000000;9938.0000000;9945.0000000;366
SPFB.AFLT-6.19;60;20190418;180000;9946.0000000;9946.0000000;9930.0000000;9935.0000000;101
SPFB.AFLT-6.19;60;20190418;190000;9936.0000000;9965.0000000;9934.0000000;9934.0000000;199
SPFB.AFLT-6.19;60;20190418;200000;9948.0000000;9955.0000000;9926.0000000;9926.0000000;62
SPFB.AFLT-6.19;60;20190418;210000;9930.0000000;9937.0000000;9930.0000000;9937.0000000;5
SPFB.AFLT-6.19;60;20190418;220000;9931.0000000;9953.0000000;9930.0000000;9953.0000000;21
SPFB.AFLT-6.19;60;20190418;230000;9937.0000000;9937.0000000;9937.0000000;9937.0000000;1
SPFB.AFLT-6.19;60;20190419;110000;9955.0000000;9955.0000000;9900.0000000;9910.0000000;124
SPFB.AFLT-6.19;60;20190419;120000;9922.0000000;9922.0000000;9899.0000000;9902.0000000;35
SPFB.AFLT-6.19;60;20190419;130000;9902.0000000;9905.0000000;9900.0000000;9905.0000000;9
SPFB.AFLT-6.19;60;20190419;140000;9914.0000000;9914.0000000;9908.0000000;9908.0000000;9
SPFB.AFLT-6.19;60;20190419;150000;9920.0000000;9920.0000000;9920.0000000;9920.0000000;6
SPFB.AFLT-6.19;60;20190419;160000;9918.0000000;9918.0000000;9914.0000000;9916.0000000;22
SPFB.AFLT-6.19;60;20190419;170000;9915.0000000;9917.0000000;9911.0000000;9915.0000000;13
SPFB.AFLT-6.19;60;20190419;180000;9925.0000000;9926.0000000;9920.0000000;9922.0000000;12
SPFB.AFLT-6.19;60;20190419;190000;9912.0000000;9917.0000000;9874.0000000;9905.0000000;219
SPFB.AFLT-6.19;60;20190419;200000;9913.0000000;9945.0000000;9913.0000000;9924.0000000;22
SPFB.AFLT-6.19;60;20190419;210000;9911.0000000;9924.0000000;9903.0000000;9903.0000000;15
SPFB.AFLT-6.19;60;20190419;230000;9924.0000000;9924.0000000;9924.0000000;9924.0000000;1
SPFB.AFLT-6.19;60;20190420;000000;9925.0000000;9934.0000000;9925.0000000;9934.0000000;5
SPFB.AFLT-6.19;60;20190422;110000;9910.0000000;9948.0000000;9883.0000000;9911.0000000;98
SPFB.AFLT-6.19;60;20190422;120000;9899.0000000;9917.0000000;9891.0000000;9917.0000000;79
SPFB.AFLT-6.19;60;20190422;130000;9918.0000000;9938.0000000;9917.0000000;9938.0000000;234
SPFB.AFLT-6.19;60;20190422;140000;9940.0000000;9949.0000000;9917.0000000;9930.0000000;118
SPFB.AFLT-6.19;60;20190422;150000;9933.0000000;9936.0000000;9916.0000000;9916.0000000;294
SPFB.AFLT-6.19;60;20190422;160000;9916.0000000;9916.0000000;9896.0000000;9899.0000000;312
SPFB.AFLT-6.19;60;20190422;170000;9910.0000000;9910.0000000;9896.0000000;9896.0000000;2
SPFB.AFLT-6.19;60;20190422;180000;9894.0000000;9894.0000000;9881.0000000;9881.0000000;7
SPFB.AFLT-6.19;60;20190422;190000;9890.0000000;9923.0000000;9890.0000000;9920.0000000;52
SPFB.AFLT-6.19;60;20190422;200000;9920.0000000;9920.0000000;9871.0000000;9871.0000000;104
SPFB.AFLT-6.19;60;20190422;210000;9906.0000000;9906.0000000;9906.0000000;9906.0000000;1
SPFB.AFLT-6.19;60;20190422;220000;9904.0000000;9904.0000000;9904.0000000;9904.0000000;1
SPFB.AFLT-6.19;60;20190422;230000;9876.0000000;9876.0000000;9876.0000000;9876.0000000;1
SPFB.AFLT-6.19;60;20190423;000000;9874.0000000;9874.0000000;9874.0000000;9874.0000000;16
SPFB.AFLT-6.19;60;20190423;110000;9874.0000000;9905.0000000;9874.0000000;9885.0000000;224
SPFB.AFLT-6.19;60;20190423;120000;9886.0000000;9898.0000000;9880.0000000;9880.0000000;78
SPFB.AFLT-6.19;60;20190423;130000;9880.0000000;9880.0000000;9852.0000000;9862.0000000;106
SPFB.AFLT-6.19;60;20190423;140000;9855.0000000;9870.0000000;9851.0000000;9867.0000000;312
SPFB.AFLT-6.19;60;20190423;150000;9860.0000000;9872.0000000;9857.0000000;9865.0000000;63
SPFB.AFLT-6.19;60;20190423;160000;9864.0000000;9871.0000000;9836.0000000;9839.0000000;187
SPFB.AFLT-6.19;60;20190423;170000;9845.0000000;9864.0000000;9819.0000000;9828.0000000;93
SPFB.AFLT-6.19;60;20190423;180000;9812.0000000;9830.0000000;9812.0000000;9818.0000000;149
SPFB.AFLT-6.19;60;20190423;190000;9823.0000000;9846.0000000;9786.0000000;9817.0000000;237
SPFB.AFLT-6.19;60;20190423;200000;9845.0000000;9849.0000000;9784.0000000;9801.0000000;43
SPFB.AFLT-6.19;60;20190423;220000;9812.0000000;9822.0000000;9807.0000000;9807.0000000;46
SPFB.AFLT-6.19;60;20190423;230000;9802.0000000;9802.0000000;9802.0000000;9802.0000000;2
SPFB.AFLT-6.19;60;20190424;110000;9805.0000000;9833.0000000;9796.0000000;9796.0000000;148
SPFB.AFLT-6.19;60;20190424;120000;9794.0000000;9798.0000000;9742.0000000;9760.0000000;580
SPFB.AFLT-6.19;60;20190424;130000;9760.0000000;9770.0000000;9759.0000000;9768.0000000;185
SPFB.AFLT-6.19;60;20190424;140000;9766.0000000;9776.0000000;9750.0000000;9767.0000000;250
SPFB.AFLT-6.19;60;20190424;150000;9763.0000000;9783.0000000;9763.0000000;9783.0000000;83
SPFB.AFLT-6.19;60;20190424;160000;9775.0000000;9789.0000000;9775.0000000;9781.0000000;92
SPFB.AFLT-6.19;60;20190424;170000;9773.0000000;9773.0000000;9755.0000000;9755.0000000;201
SPFB.AFLT-6.19;60;20190424;180000;9752.0000000;9760.0000000;9727.0000000;9760.0000000;238
SPFB.AFLT-6.19;60;20190424;190000;9755.0000000;9779.0000000;9749.0000000;9779.0000000;68
SPFB.AFLT-6.19;60;20190424;200000;9745.0000000;9751.0000000;9700.0000000;9750.0000000;171
SPFB.AFLT-6.19;60;20190424;210000;9748.0000000;9748.0000000;9740.0000000;9744.0000000;12
SPFB.AFLT-6.19;60;20190424;220000;9740.0000000;9740.0000000;9740.0000000;9740.0000000;5
SPFB.AFLT-6.19;60;20190424;230000;9744.0000000;9748.0000000;9730.0000000;9730.0000000;54
SPFB.AFLT-6.19;60;20190425;000000;9748.0000000;9748.0000000;9748.0000000;9748.0000000;1
SPFB.AFLT-6.19;60;20190425;110000;9755.0000000;9800.0000000;9736.0000000;9775.0000000;488
SPFB.AFLT-6.19;60;20190425;120000;9769.0000000;9801.0000000;9769.0000000;9801.0000000;66
SPFB.AFLT-6.19;60;20190425;130000;9791.0000000;9808.0000000;9785.0000000;9806.0000000;56
SPFB.AFLT-6.19;60;20190425;140000;9805.0000000;9805.0000000;9785.0000000;9792.0000000;32
SPFB.AFLT-6.19;60;20190425;150000;9799.0000000;9799.0000000;9768.0000000;9789.0000000;87
SPFB.AFLT-6.19;60;20190425;160000;9794.0000000;9834.0000000;9794.0000000;9804.0000000;184
SPFB.AFLT-6.19;60;20190425;170000;9801.0000000;9801.0000000;9772.0000000;9772.0000000;93
SPFB.AFLT-6.19;60;20190425;180000;9772.0000000;9772.0000000;9725.0000000;9725.0000000;143
SPFB.AFLT-6.19;60;20190425;190000;9725.0000000;9734.0000000;9700.0000000;9720.0000000;328
SPFB.AFLT-6.19;60;20190425;200000;9726.0000000;9726.0000000;9700.0000000;9705.0000000;33
SPFB.AFLT-6.19;60;20190425;210000;9718.0000000;9720.0000000;9718.0000000;9720.0000000;19
SPFB.AFLT-6.19;60;20190425;220000;9724.0000000;9733.0000000;9724.0000000;9731.0000000;38
SPFB.AFLT-6.19;60;20190425;230000;9734.0000000;9735.0000000;9720.0000000;9720.0000000;29
SPFB.AFLT-6.19;60;20190426;000000;9721.0000000;9736.0000000;9721.0000000;9736.0000000;8
SPFB.AFLT-6.19;60;20190426;110000;9737.0000000;9738.0000000;9700.0000000;9709.0000000;166
SPFB.AFLT-6.19;60;20190426;120000;9719.0000000;9779.0000000;9719.0000000;9767.0000000;129
SPFB.AFLT-6.19;60;20190426;130000;9775.0000000;9790.0000000;9757.0000000;9790.0000000;329
SPFB.AFLT-6.19;60;20190426;140000;9782.0000000;9797.0000000;9772.0000000;9781.0000000;101
SPFB.AFLT-6.19;60;20190426;150000;9780.0000000;9795.0000000;9776.0000000;9795.0000000;65
SPFB.AFLT-6.19;60;20190426;160000;9781.0000000;9789.0000000;9765.0000000;9789.0000000;32
SPFB.AFLT-6.19;60;20190426;170000;9789.0000000;9817.0000000;9777.0000000;9777.0000000;173
SPFB.AFLT-6.19;60;20190426;180000;9792.0000000;9824.0000000;9791.0000000;9792.0000000;199
SPFB.AFLT-6.19;60;20190426;190000;9809.0000000;9823.0000000;9806.0000000;9814.0000000;32
SPFB.AFLT-6.19;60;20190426;200000;9827.0000000;9834.0000000;9804.0000000;9806.0000000;31
SPFB.AFLT-6.19;60;20190426;210000;9809.0000000;9830.0000000;9804.0000000;9830.0000000;13
SPFB.AFLT-6.19;60;20190426;220000;9829.0000000;9829.0000000;9829.0000000;9829.0000000;15
SPFB.AFLT-6.19;60;20190426;230000;9830.0000000;9830.0000000;9815.0000000;9815.0000000;20
SPFB.AFLT-6.19;60;20190427;000000;9815.0000000;9815.0000000;9815.0000000;9815.0000000;5
SPFB.AFLT-6.19;60;20190429;110000;9821.0000000;9866.0000000;9804.0000000;9816.0000000;465
SPFB.AFLT-6.19;60;20190429;120000;9839.0000000;9849.0000000;9818.0000000;9818.0000000;120
SPFB.AFLT-6.19;60;20190429;130000;9815.0000000;9815.0000000;9752.0000000;9807.0000000;323
SPFB.AFLT-6.19;60;20190429;140000;9806.0000000;9830.0000000;9806.0000000;9830.0000000;70
SPFB.AFLT-6.19;60;20190429;150000;9826.0000000;9834.0000000;9790.0000000;9800.0000000;47
SPFB.AFLT-6.19;60;20190429;160000;9824.0000000;9835.0000000;9818.0000000;9828.0000000;53
SPFB.AFLT-6.19;60;20190429;170000;9828.0000000;9836.0000000;9790.0000000;9795.0000000;350
SPFB.AFLT-6.19;60;20190429;180000;9795.0000000;9801.0000000;9770.0000000;9776.0000000;455
SPFB.AFLT-6.19;60;20190429;190000;9780.0000000;9780.0000000;9771.0000000;9777.0000000;106
SPFB.AFLT-6.19;60;20190429;200000;9765.0000000;9791.0000000;9764.0000000;9791.0000000;91
SPFB.AFLT-6.19;60;20190429;210000;9791.0000000;9791.0000000;9787.0000000;9787.0000000;19
SPFB.AFLT-6.19;60;20190429;220000;9786.0000000;9786.0000000;9775.0000000;9775.0000000;3
SPFB.AFLT-6.19;60;20190429;230000;9776.0000000;9776.0000000;9775.0000000;9775.0000000;3
SPFB.AFLT-6.19;60;20190430;000000;9782.0000000;9782.0000000;9771.0000000;9775.0000000;41
SPFB.AFLT-6.19;60;20190430;110000;9776.0000000;9776.0000000;9750.0000000;9757.0000000;300
SPFB.AFLT-6.19;60;20190430;120000;9758.0000000;9776.0000000;9757.0000000;9776.0000000;243
SPFB.AFLT-6.19;60;20190430;130000;9780.0000000;9785.0000000;9756.0000000;9756.0000000;147
SPFB.AFLT-6.19;60;20190430;140000;9771.0000000;9793.0000000;9771.0000000;9784.0000000;35
SPFB.AFLT-6.19;60;20190430;150000;9785.0000000;9785.0000000;9773.0000000;9773.0000000;29
SPFB.AFLT-6.19;60;20190430;160000;9776.0000000;9786.0000000;9750.0000000;9771.0000000;71
SPFB.AFLT-6.19;60;20190430;170000;9775.0000000;9833.0000000;9769.0000000;9814.0000000;225
SPFB.AFLT-6.19;60;20190430;180000;9800.0000000;9807.0000000;9750.0000000;9757.0000000;905
SPFB.AFLT-6.19;60;20190430;190000;9758.0000000;9762.0000000;9740.0000000;9755.0000000;240
SPFB.AFLT-6.19;60;20190430;220000;9757.0000000;9757.0000000;9757.0000000;9757.0000000;10
SPFB.AFLT-6.19;60;20190430;230000;9753.0000000;9753.0000000;9740.0000000;9741.0000000;31
SPFB.AFLT-6.19;60;20190501;000000;9755.0000000;9755.0000000;9755.0000000;9755.0000000;5
SPFB.AFLT-6.19;60;20190502;110000;9743.0000000;9751.0000000;9661.0000000;9687.0000000;554
SPFB.AFLT-6.19;60;20190502;120000;9681.0000000;9722.0000000;9680.0000000;9722.0000000;137
SPFB.AFLT-6.19;60;20190502;130000;9715.0000000;9766.0000000;9715.0000000;9760.0000000;364
SPFB.AFLT-6.19;60;20190502;140000;9760.0000000;9775.0000000;9740.0000000;9740.0000000;27
SPFB.AFLT-6.19;60;20190502;150000;9742.0000000;9742.0000000;9742.0000000;9742.0000000;7
SPFB.AFLT-6.19;60;20190502;160000;9773.0000000;9775.0000000;9761.0000000;9772.0000000;20
SPFB.AFLT-6.19;60;20190502;170000;9755.0000000;9755.0000000;9739.0000000;9739.0000000;16
SPFB.AFLT-6.19;60;20190502;180000;9735.0000000;9750.0000000;9730.0000000;9749.0000000;45
SPFB.AFLT-6.19;60;20190502;190000;9757.0000000;9788.0000000;9757.0000000;9771.0000000;137
SPFB.AFLT-6.19;60;20190502;210000;9785.0000000;9790.0000000;9785.0000000;9790.0000000;9
SPFB.AFLT-6.19;60;20190502;220000;9792.0000000;9792.0000000;9763.0000000;9763.0000000;28
SPFB.AFLT-6.19;60;20190502;230000;9789.0000000;9790.0000000;9789.0000000;9790.0000000;3
SPFB.AFLT-6.19;60;20190503;000000;9790.0000000;9790.0000000;9770.0000000;9770.0000000;18
SPFB.AFLT-6.19;60;20190503;110000;9770.0000000;9776.0000000;9733.0000000;9733.0000000;125
SPFB.AFLT-6.19;60;20190503;120000;9755.0000000;9774.0000000;9755.0000000;9774.0000000;17
SPFB.AFLT-6.19;60;20190503;130000;9762.0000000;9763.0000000;9733.0000000;9743.0000000;33
SPFB.AFLT-6.19;60;20190503;140000;9732.0000000;9745.0000000;9726.0000000;9739.0000000;39
SPFB.AFLT-6.19;60;20190503;150000;9743.0000000;9743.0000000;9740.0000000;9740.0000000;4
SPFB.AFLT-6.19;60;20190503;160000;9732.0000000;9732.0000000;9723.0000000;9727.0000000;22
SPFB.AFLT-6.19;60;20190503;170000;9721.0000000;9740.0000000;9717.0000000;9740.0000000;26
SPFB.AFLT-6.19;60;20190503;180000;9751.0000000;9771.0000000;9732.0000000;9771.0000000;34
SPFB.AFLT-6.19;60;20190503;190000;9762.0000000;9771.0000000;9760.0000000;9771.0000000;12
SPFB.AFLT-6.19;60;20190503;210000;9772.0000000;9772.0000000;9772.0000000;9772.0000000;1
SPFB.AFLT-6.19;60;20190503;220000;9743.0000000;9743.0000000;9743.0000000;9743.0000000;2
SPFB.AFLT-6.19;60;20190503;230000;9768.0000000;9769.0000000;9768.0000000;9769.0000000;6
SPFB.AFLT-6.19;60;20190504;000000;9744.0000000;9745.0000000;9744.0000000;9745.0000000;4
SPFB.AFLT-6.19;60;20190506;110000;9742.0000000;9742.0000000;9300.0000000;9560.0000000;3703
SPFB.AFLT-6.19;60;20190506;120000;9553.0000000;9563.0000000;9518.0000000;9544.0000000;645
SPFB.AFLT-6.19;60;20190506;130000;9536.0000000;9625.0000000;9526.0000000;9616.0000000;520
SPFB.AFLT-6.19;60;20190506;140000;9607.0000000;9650.0000000;9600.0000000;9638.0000000;475
SPFB.AFLT-6.19;60;20190506;150000;9614.0000000;9614.0000000;9573.0000000;9590.0000000;107
SPFB.AFLT-6.19;60;20190506;160000;9595.0000000;9649.0000000;9572.0000000;9572.0000000;238
SPFB.AFLT-6.19;60;20190506;170000;9570.0000000;9596.0000000;9555.0000000;9594.0000000;459
SPFB.AFLT-6.19;60;20190506;180000;9590.0000000;9592.0000000;9557.0000000;9557.0000000;169
SPFB.AFLT-6.19;60;20190506;190000;9556.0000000;9585.0000000;9541.0000000;9578.0000000;139
SPFB.AFLT-6.19;60;20190506;200000;9585.0000000;9590.0000000;9585.0000000;9588.0000000;18
SPFB.AFLT-6.19;60;20190506;210000;9561.0000000;9592.0000000;9561.0000000;9561.0000000;15
SPFB.AFLT-6.19;60;20190506;220000;9570.0000000;9570.0000000;9561.0000000;9561.0000000;22
SPFB.AFLT-6.19;60;20190506;230000;9569.0000000;9599.0000000;9569.0000000;9591.0000000;60
SPFB.AFLT-6.19;60;20190507;000000;9594.0000000;9650.0000000;9594.0000000;9650.0000000;127
SPFB.AFLT-6.19;60;20190507;110000;9605.0000000;9635.0000000;9563.0000000;9563.0000000;230
SPFB.AFLT-6.19;60;20190507;120000;9563.0000000;9581.0000000;9561.0000000;9561.0000000;80
SPFB.AFLT-6.19;60;20190507;130000;9564.0000000;9573.0000000;9552.0000000;9553.0000000;366
SPFB.AFLT-6.19;60;20190507;140000;9553.0000000;9553.0000000;9549.0000000;9549.0000000;52
SPFB.AFLT-6.19;60;20190507;150000;9562.0000000;9569.0000000;9530.0000000;9532.0000000;112
SPFB.AFLT-6.19;60;20190507;160000;9552.0000000;9552.0000000;9532.0000000;9550.0000000;40
SPFB.AFLT-6.19;60;20190507;170000;9542.0000000;9556.0000000;9537.0000000;9554.0000000;136
SPFB.AFLT-6.19;60;20190507;180000;9548.0000000;9556.0000000;9538.0000000;9550.0000000;100
SPFB.AFLT-6.19;60;20190507;190000;9550.0000000;9551.0000000;9540.0000000;9550.0000000;39
SPFB.AFLT-6.19;60;20190507;200000;9564.0000000;9565.0000000;9545.0000000;9565.0000000;18
SPFB.AFLT-6.19;60;20190507;210000;9551.0000000;9554.0000000;9538.0000000;9554.0000000;31
SPFB.AFLT-6.19;60;20190507;220000;9550.0000000;9550.0000000;9540.0000000;9540.0000000;2
SPFB.AFLT-6.19;60;20190507;230000;9553.0000000;9553.0000000;9539.0000000;9539.0000000;5
SPFB.AFLT-6.19;60;20190508;000000;9556.0000000;9556.0000000;9556.0000000;9556.0000000;1
SPFB.AFLT-6.19;60;20190508;110000;9550.0000000;9576.0000000;9513.0000000;9534.0000000;2025
SPFB.AFLT-6.19;60;20190508;120000;9541.0000000;9548.0000000;9530.0000000;9534.0000000;158
SPFB.AFLT-6.19;60;20190508;130000;9538.0000000;9540.0000000;9510.0000000;9533.0000000;167
SPFB.AFLT-6.19;60;20190508;140000;9534.0000000;9540.0000000;9525.0000000;9537.0000000;175
SPFB.AFLT-6.19;60;20190508;150000;9535.0000000;9537.0000000;9526.0000000;9526.0000000;29
SPFB.AFLT-6.19;60;20190508;160000;9530.0000000;9530.0000000;9508.0000000;9508.0000000;186
SPFB.AFLT-6.19;60;20190508;170000;9514.0000000;9536.0000000;9504.0000000;9526.0000000;134
SPFB.AFLT-6.19;60;20190508;180000;9533.0000000;9539.0000000;9516.0000000;9520.0000000;173
SPFB.AFLT-6.19;60;20190508;190000;9523.0000000;9525.0000000;9501.0000000;9501.0000000;102
SPFB.AFLT-6.19;60;20190508;200000;9506.0000000;9506.0000000;9501.0000000;9505.0000000;30
SPFB.AFLT-6.19;60;20190508;210000;9510.0000000;9519.0000000;9510.0000000;9519.0000000;14
SPFB.AFLT-6.19;60;20190508;220000;9511.0000000;9517.0000000;9505.0000000;9507.0000000;109
SPFB.AFLT-6.19;60;20190508;230000;9507.0000000;9571.0000000;9505.0000000;9530.0000000;70
SPFB.AFLT-6.19;60;20190509;000000;9532.0000000;9532.0000000;9532.0000000;9532.0000000;1
SPFB.AFLT-6.19;60;20190510;110000;9529.0000000;9529.0000000;9430.0000000;9448.0000000;809
SPFB.AFLT-6.19;60;20190510;120000;9450.0000000;9450.0000000;9406.0000000;9407.0000000;149
SPFB.AFLT-6.19;60;20190510;130000;9407.0000000;9416.0000000;9396.0000000;9407.0000000;138
SPFB.AFLT-6.19;60;20190510;140000;9410.0000000;9429.0000000;9410.0000000;9412.0000000;496
SPFB.AFLT-6.19;60;20190510;150000;9410.0000000;9455.0000000;9407.0000000;9442.0000000;283
SPFB.AFLT-6.19;60;20190510;160000;9451.0000000;9463.0000000;9450.0000000;9450.0000000;79
SPFB.AFLT-6.19;60;20190510;170000;9458.0000000;9459.0000000;9401.0000000;9411.0000000;342
SPFB.AFLT-6.19;60;20190510;180000;9411.0000000;9427.0000000;9386.0000000;9393.0000000;1184
SPFB.AFLT-6.19;60;20190510;190000;9393.0000000;9410.0000000;9351.0000000;9410.0000000;710
SPFB.AFLT-6.19;60;20190510;200000;9410.0000000;9410.0000000;9400.0000000;9400.0000000;16
SPFB.AFLT-6.19;60;20190510;210000;9400.0000000;9414.0000000;9400.0000000;9414.0000000;3
SPFB.AFLT-6.19;60;20190510;220000;9400.0000000;9414.0000000;9400.0000000;9414.0000000;8
SPFB.AFLT-6.19;60;20190510;230000;9407.0000000;9407.0000000;9400.0000000;9400.0000000;15
SPFB.AFLT-6.19;60;20190513;110000;9400.0000000;9450.0000000;9325.0000000;9333.0000000;680
SPFB.AFLT-6.19;60;20190513;120000;9338.0000000;9346.0000000;9308.0000000;9328.0000000;190
SPFB.AFLT-6.19;60;20190513;130000;9326.0000000;9358.0000000;9313.0000000;9342.0000000;177
SPFB.AFLT-6.19;60;20190513;140000;9342.0000000;9344.0000000;9315.0000000;9342.0000000;41
SPFB.AFLT-6.19;60;20190513;150000;9360.0000000;9369.0000000;9359.0000000;9361.0000000;34
SPFB.AFLT-6.19;60;20190513;160000;9366.0000000;9369.0000000;9315.0000000;9324.0000000;150
SPFB.AFLT-6.19;60;20190513;170000;9324.0000000;9327.0000000;9259.0000000;9295.0000000;563
SPFB.AFLT-6.19;60;20190513;180000;9271.0000000;9289.0000000;9221.0000000;9230.0000000;300
SPFB.AFLT-6.19;60;20190513;190000;9223.0000000;9234.0000000;9205.0000000;9223.0000000;170
SPFB.AFLT-6.19;60;20190513;200000;9219.0000000;9228.0000000;9211.0000000;9228.0000000;68
SPFB.AFLT-6.19;60;20190513;210000;9228.0000000;9230.0000000;9228.0000000;9230.0000000;15
SPFB.AFLT-6.19;60;20190513;220000;9230.0000000;9255.0000000;9230.0000000;9249.0000000;35
SPFB.AFLT-6.19;60;20190513;230000;9253.0000000;9254.0000000;9243.0000000;9243.0000000;5
SPFB.AFLT-6.19;60;20190514;110000;9237.0000000;9316.0000000;9227.0000000;9294.0000000;281
SPFB.AFLT-6.19;60;20190514;120000;9290.0000000;9304.0000000;9256.0000000;9280.0000000;145
SPFB.AFLT-6.19;60;20190514;130000;9285.0000000;9324.0000000;9285.0000000;9321.0000000;128
SPFB.AFLT-6.19;60;20190514;140000;9326.0000000;9361.0000000;9326.0000000;9358.0000000;237
SPFB.AFLT-6.19;60;20190514;150000;9341.0000000;9350.0000000;9326.0000000;9344.0000000;47
SPFB.AFLT-6.19;60;20190514;160000;9352.0000000;9352.0000000;9290.0000000;9290.0000000;108
SPFB.AFLT-6.19;60;20190514;170000;9292.0000000;9292.0000000;9245.0000000;9275.0000000;210
SPFB.AFLT-6.19;60;20190514;180000;9268.0000000;9268.0000000;9210.0000000;9232.0000000;461
SPFB.AFLT-6.19;60;20190514;190000;9235.0000000;9262.0000000;9218.0000000;9230.0000000;376
SPFB.AFLT-6.19;60;20190514;200000;9218.0000000;9248.0000000;9216.0000000;9248.0000000;35
SPFB.AFLT-6.19;60;20190514;210000;9248.0000000;9262.0000000;9242.0000000;9242.0000000;18
SPFB.AFLT-6.19;60;20190514;220000;9238.0000000;9258.0000000;9238.0000000;9258.0000000;10
SPFB.AFLT-6.19;60;20190514;230000;9258.0000000;9319.0000000;9258.0000000;9299.0000000;179
SPFB.AFLT-6.19;60;20190515;000000;9317.0000000;9318.0000000;9299.0000000;9299.0000000;13
SPFB.AFLT-6.19;60;20190515;110000;9281.0000000;9288.0000000;9150.0000000;9206.0000000;841
SPFB.AFLT-6.19;60;20190515;120000;9189.0000000;9189.0000000;9120.0000000;9121.0000000;284
SPFB.AFLT-6.19;60;20190515;130000;9120.0000000;9182.0000000;9117.0000000;9139.0000000;312
SPFB.AFLT-6.19;60;20190515;140000;9122.0000000;9129.0000000;9108.0000000;9112.0000000;209
SPFB.AFLT-6.19;60;20190515;150000;9115.0000000;9175.0000000;9115.0000000;9148.0000000;82
SPFB.AFLT-6.19;60;20190515;160000;9160.0000000;9173.0000000;9117.0000000;9117.0000000;45
SPFB.AFLT-6.19;60;20190515;170000;9116.0000000;9162.0000000;9116.0000000;9149.0000000;140
SPFB.AFLT-6.19;60;20190515;180000;9152.0000000;9171.0000000;9110.0000000;9127.0000000;256
SPFB.AFLT-6.19;60;20190515;190000;9119.0000000;9125.0000000;9096.0000000;9111.0000000;107
SPFB.AFLT-6.19;60;20190515;200000;9100.0000000;9124.0000000;9095.0000000;9110.0000000;36
SPFB.AFLT-6.19;60;20190515;210000;9115.0000000;9115.0000000;9103.0000000;9105.0000000;9
SPFB.AFLT-6.19;60;20190515;220000;9105.0000000;9122.0000000;9100.0000000;9101.0000000;61
SPFB.AFLT-6.19;60;20190515;230000;9119.0000000;9123.0000000;9119.0000000;9123.0000000;4
SPFB.AFLT-6.19;60;20190516;000000;9123.0000000;9123.0000000;9123.0000000;9123.0000000;1
SPFB.AFLT-6.19;60;20190516;110000;9110.0000000;9110.0000000;9100.0000000;9107.0000000;38
SPFB.AFLT-6.19;60;20190516;120000;9121.0000000;9250.0000000;9110.0000000;9217.0000000;639
SPFB.AFLT-6.19;60;20190516;130000;9196.0000000;9284.0000000;9196.0000000;9245.0000000;237
SPFB.AFLT-6.19;60;20190516;140000;9253.0000000;9270.0000000;9225.0000000;9225.0000000;229
SPFB.AFLT-6.19;60;20190516;150000;9230.0000000;9250.0000000;9223.0000000;9238.0000000;134
SPFB.AFLT-6.19;60;20190516;160000;9231.0000000;9250.0000000;9213.0000000;9250.0000000;390
SPFB.AFLT-6.19;60;20190516;170000;9240.0000000;9240.0000000;9190.0000000;9220.0000000;46
SPFB.AFLT-6.19;60;20190516;180000;9243.0000000;9365.0000000;9243.0000000;9252.0000000;616
SPFB.AFLT-6.19;60;20190516;190000;9269.0000000;9280.0000000;9235.0000000;9240.0000000;152
SPFB.AFLT-6.19;60;20190516;200000;9233.0000000;9236.0000000;9200.0000000;9203.0000000;51
SPFB.AFLT-6.19;60;20190516;210000;9204.0000000;9215.0000000;9200.0000000;9200.0000000;15
SPFB.AFLT-6.19;60;20190516;220000;9212.0000000;9218.0000000;9202.0000000;9202.0000000;19
SPFB.AFLT-6.19;60;20190516;230000;9207.0000000;9209.0000000;9194.0000000;9209.0000000;9
SPFB.AFLT-6.19;60;20190517;000000;9217.0000000;9217.0000000;9217.0000000;9217.0000000;50
SPFB.AFLT-6.19;60;20190517;110000;9236.0000000;9265.0000000;9163.0000000;9193.0000000;263
SPFB.AFLT-6.19;60;20190517;120000;9205.0000000;9252.0000000;9205.0000000;9245.0000000;120
SPFB.AFLT-6.19;60;20190517;130000;9246.0000000;9285.0000000;9246.0000000;9271.0000000;166
SPFB.AFLT-6.19;60;20190517;140000;9254.0000000;9306.0000000;9254.0000000;9305.0000000;40
SPFB.AFLT-6.19;60;20190517;150000;9287.0000000;9301.0000000;9241.0000000;9279.0000000;96
SPFB.AFLT-6.19;60;20190517;160000;9289.0000000;9289.0000000;9213.0000000;9213.0000000;27
SPFB.AFLT-6.19;60;20190517;170000;9250.0000000;9267.0000000;9245.0000000;9251.0000000;38
SPFB.AFLT-6.19;60;20190517;180000;9235.0000000;9237.0000000;9217.0000000;9237.0000000;190
SPFB.AFLT-6.19;60;20190517;190000;9253.0000000;9282.0000000;9213.0000000;9231.0000000;82
SPFB.AFLT-6.19;60;20190517;200000;9259.0000000;9259.0000000;9259.0000000;9259.0000000;1
SPFB.AFLT-6.19;60;20190517;210000;9244.0000000;9256.0000000;9225.0000000;9256.0000000;26
SPFB.AFLT-6.19;60;20190518;000000;9261.0000000;9262.0000000;9261.0000000;9262.0000000;6
SPFB.AFLT-6.19;60;20190520;110000;9225.0000000;9286.0000000;9160.0000000;9225.0000000;319
SPFB.AFLT-6.19;60;20190520;120000;9223.0000000;9236.0000000;9172.0000000;9198.0000000;171
SPFB.AFLT-6.19;60;20190520;130000;9197.0000000;9197.0000000;9160.0000000;9160.0000000;42
SPFB.AFLT-6.19;60;20190520;140000;9170.0000000;9188.0000000;9165.0000000;9188.0000000;57
SPFB.AFLT-6.19;60;20190520;150000;9182.0000000;9197.0000000;9160.0000000;9160.0000000;126
SPFB.AFLT-6.19;60;20190520;160000;9160.0000000;9178.0000000;9160.0000000;9162.0000000;26
SPFB.AFLT-6.19;60;20190520;170000;9166.0000000;9183.0000000;9155.0000000;9181.0000000;293
SPFB.AFLT-6.19;60;20190520;180000;9172.0000000;9172.0000000;9159.0000000;9161.0000000;57
SPFB.AFLT-6.19;60;20190520;190000;9175.0000000;9189.0000000;9163.0000000;9185.0000000;106
SPFB.AFLT-6.19;60;20190520;210000;9183.0000000;9183.0000000;9183.0000000;9183.0000000;9
SPFB.AFLT-6.19;60;20190520;220000;9183.0000000;9183.0000000;9182.0000000;9182.0000000;10
SPFB.AFLT-6.19;60;20190520;230000;9181.0000000;9181.0000000;9181.0000000;9181.0000000;3
SPFB.AFLT-6.19;60;20190521;000000;9190.0000000;9192.0000000;9180.0000000;9191.0000000;25
SPFB.AFLT-6.19;60;20190521;110000;9161.0000000;9220.0000000;9128.0000000;9139.0000000;554
SPFB.AFLT-6.19;60;20190521;120000;9144.0000000;9147.0000000;9096.0000000;9135.0000000;395
SPFB.AFLT-6.19;60;20190521;130000;9135.0000000;9195.0000000;9135.0000000;9195.0000000;171
SPFB.AFLT-6.19;60;20190521;140000;9156.0000000;9170.0000000;9133.0000000;9148.0000000;250
SPFB.AFLT-6.19;60;20190521;150000;9142.0000000;9169.0000000;9140.0000000;9162.0000000;277
SPFB.AFLT-6.19;60;20190521;160000;9162.0000000;9167.0000000;9146.0000000;9146.0000000;39
SPFB.AFLT-6.19;60;20190521;170000;9149.0000000;9163.0000000;9146.0000000;9150.0000000;81
SPFB.AFLT-6.19;60;20190521;180000;9157.0000000;9163.0000000;9144.0000000;9144.0000000;48
SPFB.AFLT-6.19;60;20190521;190000;9145.0000000;9181.0000000;9123.0000000;9181.0000000;174
SPFB.AFLT-6.19;60;20190521;200000;9114.0000000;9121.0000000;9106.0000000;9120.0000000;9
SPFB.AFLT-6.19;60;20190521;210000;9120.0000000;9131.0000000;9120.0000000;9131.0000000;2
SPFB.AFLT-6.19;60;20190521;220000;9130.0000000;9135.0000000;9130.0000000;9135.0000000;14
SPFB.AFLT-6.19;60;20190521;230000;9136.0000000;9160.0000000;9060.0000000;9060.0000000;184
SPFB.AFLT-6.19;60;20190522;000000;9086.0000000;9097.0000000;9071.0000000;9090.0000000;66
SPFB.AFLT-6.19;60;20190522;110000;9099.0000000;9155.0000000;9079.0000000;9125.0000000;830
SPFB.AFLT-6.19;60;20190522;120000;9107.0000000;9121.0000000;9082.0000000;9118.0000000;155
SPFB.AFLT-6.19;60;20190522;130000;9107.0000000;9151.0000000;9107.0000000;9131.0000000;225
SPFB.AFLT-6.19;60;20190522;140000;9131.0000000;9131.0000000;9115.0000000;9115.0000000;73
SPFB.AFLT-6.19;60;20190522;150000;9109.0000000;9116.0000000;9100.0000000;9103.0000000;69
SPFB.AFLT-6.19;60;20190522;160000;9103.0000000;9103.0000000;9070.0000000;9098.0000000;158
SPFB.AFLT-6.19;60;20190522;170000;9103.0000000;9105.0000000;9097.0000000;9105.0000000;27
SPFB.AFLT-6.19;60;20190522;180000;9103.0000000;9116.0000000;9100.0000000;9116.0000000;43
SPFB.AFLT-6.19;60;20190522;190000;9122.0000000;9196.0000000;9122.0000000;9170.0000000;66
SPFB.AFLT-6.19;60;20190522;200000;9137.0000000;9176.0000000;9137.0000000;9175.0000000;8
SPFB.AFLT-6.19;60;20190522;210000;9174.0000000;9175.0000000;9174.0000000;9175.0000000;6
SPFB.AFLT-6.19;60;20190522;220000;9177.0000000;9180.0000000;9145.0000000;9145.0000000;79
SPFB.AFLT-6.19;60;20190522;230000;9170.0000000;9171.0000000;9148.0000000;9162.0000000;10
SPFB.AFLT-6.19;60;20190523;000000;9163.0000000;9163.0000000;9163.0000000;9163.0000000;2
SPFB.AFLT-6.19;60;20190523;110000;9175.0000000;9196.0000000;9098.0000000;9153.0000000;533
SPFB.AFLT-6.19;60;20190523;120000;9136.0000000;9153.0000000;9133.0000000;9134.0000000;41
SPFB.AFLT-6.19;60;20190523;130000;9129.0000000;9167.0000000;9129.0000000;9150.0000000;33
SPFB.AFLT-6.19;60;20190523;140000;9151.0000000;9165.0000000;9132.0000000;9163.0000000;99
SPFB.AFLT-6.19;60;20190523;150000;9161.0000000;9161.0000000;9134.0000000;9134.0000000;31
SPFB.AFLT-6.19;60;20190523;160000;9139.0000000;9156.0000000;9122.0000000;9145.0000000;65
SPFB.AFLT-6.19;60;20190523;170000;9138.0000000;9150.0000000;9120.0000000;9128.0000000;94
SPFB.AFLT-6.19;60;20190523;180000;9142.0000000;9164.0000000;9122.0000000;9138.0000000;242
SPFB.AFLT-6.19;60;20190523;190000;9142.0000000;9167.0000000;9138.0000000;9149.0000000;80
SPFB.AFLT-6.19;60;20190523;200000;9135.0000000;9170.0000000;9128.0000000;9169.0000000;28
SPFB.AFLT-6.19;60;20190523;210000;9162.0000000;9198.0000000;9162.0000000;9196.0000000;70
SPFB.AFLT-6.19;60;20190523;220000;9198.0000000;9216.0000000;9196.0000000;9196.0000000;177
SPFB.AFLT-6.19;60;20190523;230000;9213.0000000;9213.0000000;9194.0000000;9194.0000000;17
SPFB.AFLT-6.19;60;20190524;000000;9200.0000000;9201.0000000;9200.0000000;9201.0000000;8
SPFB.AFLT-6.19;60;20190524;110000;9201.0000000;9233.0000000;9164.0000000;9187.0000000;668
SPFB.AFLT-6.19;60;20190524;120000;9194.0000000;9201.0000000;9167.0000000;9176.0000000;203
SPFB.AFLT-6.19;60;20190524;130000;9195.0000000;9207.0000000;9191.0000000;9191.0000000;101
SPFB.AFLT-6.19;60;20190524;140000;9211.0000000;9211.0000000;9192.0000000;9201.0000000;36
SPFB.AFLT-6.19;60;20190524;150000;9201.0000000;9230.0000000;9201.0000000;9219.0000000;100
SPFB.AFLT-6.19;60;20190524;160000;9223.0000000;9223.0000000;9157.0000000;9197.0000000;114
SPFB.AFLT-6.19;60;20190524;170000;9203.0000000;9203.0000000;9173.0000000;9175.0000000;17
SPFB.AFLT-6.19;60;20190524;180000;9186.0000000;9203.0000000;9171.0000000;9183.0000000;114
SPFB.AFLT-6.19;60;20190524;190000;9180.0000000;9183.0000000;9142.0000000;9173.0000000;341
SPFB.AFLT-6.19;60;20190524;200000;9161.0000000;9162.0000000;9095.0000000;9130.0000000;145
SPFB.AFLT-6.19;60;20190524;210000;9131.0000000;9131.0000000;9096.0000000;9122.0000000;80
SPFB.AFLT-6.19;60;20190524;220000;9128.0000000;9135.0000000;9123.0000000;9128.0000000;22
SPFB.AFLT-6.19;60;20190524;230000;9134.0000000;9134.0000000;9134.0000000;9134.0000000;5
SPFB.AFLT-6.19;60;20190525;000000;9132.0000000;9143.0000000;9132.0000000;9143.0000000;40
SPFB.AFLT-6.19;60;20190527;110000;9144.0000000;9178.0000000;9113.0000000;9166.0000000;197
SPFB.AFLT-6.19;60;20190527;120000;9163.0000000;9176.0000000;9163.0000000;9170.0000000;35
SPFB.AFLT-6.19;60;20190527;130000;9165.0000000;9189.0000000;9128.0000000;9172.0000000;553
SPFB.AFLT-6.19;60;20190527;140000;9167.0000000;9167.0000000;9159.0000000;9166.0000000;48
SPFB.AFLT-6.19;60;20190527;150000;9182.0000000;9182.0000000;9153.0000000;9162.0000000;44
SPFB.AFLT-6.19;60;20190527;160000;9170.0000000;9177.0000000;9170.0000000;9176.0000000;6
SPFB.AFLT-6.19;60;20190527;170000;9167.0000000;9180.0000000;9167.0000000;9168.0000000;46
SPFB.AFLT-6.19;60;20190527;180000;9172.0000000;9173.0000000;9172.0000000;9173.0000000;4
SPFB.AFLT-6.19;60;20190527;190000;9164.0000000;9189.0000000;9158.0000000;9179.0000000;56
SPFB.AFLT-6.19;60;20190527;200000;9195.0000000;9195.0000000;9195.0000000;9195.0000000;1
SPFB.AFLT-6.19;60;20190527;210000;9194.0000000;9194.0000000;9194.0000000;9194.0000000;3
SPFB.AFLT-6.19;60;20190527;220000;9194.0000000;9195.0000000;9194.0000000;9195.0000000;37
SPFB.AFLT-6.19;60;20190527;230000;9184.0000000;9184.0000000;9175.0000000;9175.0000000;20
SPFB.AFLT-6.19;60;20190528;110000;9194.0000000;9196.0000000;9177.0000000;9185.0000000;37
SPFB.AFLT-6.19;60;20190528;120000;9185.0000000;9185.0000000;9156.0000000;9156.0000000;57
SPFB.AFLT-6.19;60;20190528;130000;9161.0000000;9174.0000000;9160.0000000;9169.0000000;89
SPFB.AFLT-6.19;60;20190528;140000;9156.0000000;9169.0000000;9153.0000000;9161.0000000;75
SPFB.AFLT-6.19;60;20190528;150000;9157.0000000;9185.0000000;9157.0000000;9174.0000000;261
SPFB.AFLT-6.19;60;20190528;160000;9177.0000000;9177.0000000;9144.0000000;9147.0000000;192
SPFB.AFLT-6.19;60;20190528;170000;9148.0000000;9154.0000000;9120.0000000;9150.0000000;173
SPFB.AFLT-6.19;60;20190528;180000;9142.0000000;9142.0000000;9131.0000000;9139.0000000;65
SPFB.AFLT-6.19;60;20190528;190000;9131.0000000;9176.0000000;9125.0000000;9166.0000000;371
SPFB.AFLT-6.19;60;20190528;200000;9113.0000000;9114.0000000;9093.0000000;9100.0000000;69
SPFB.AFLT-6.19;60;20190528;210000;9104.0000000;9104.0000000;9104.0000000;9104.0000000;1
SPFB.AFLT-6.19;60;20190528;220000;9106.0000000;9115.0000000;9106.0000000;9115.0000000;3
SPFB.AFLT-6.19;60;20190528;230000;9121.0000000;9127.0000000;9121.0000000;9127.0000000;8
SPFB.AFLT-6.19;60;20190529;000000;9127.0000000;9134.0000000;9082.0000000;9082.0000000;231
SPFB.AFLT-6.19;60;20190529;110000;9110.0000000;9114.0000000;9060.0000000;9068.0000000;410
SPFB.AFLT-6.19;60;20190529;120000;9066.0000000;9078.0000000;9021.0000000;9040.0000000;420
SPFB.AFLT-6.19;60;20190529;130000;9045.0000000;9081.0000000;9035.0000000;9074.0000000;226
SPFB.AFLT-6.19;60;20190529;140000;9081.0000000;9169.0000000;9081.0000000;9131.0000000;274
SPFB.AFLT-6.19;60;20190529;150000;9125.0000000;9130.0000000;9106.0000000;9119.0000000;58
SPFB.AFLT-6.19;60;20190529;160000;9119.0000000;9120.0000000;9093.0000000;9093.0000000;89
SPFB.AFLT-6.19;60;20190529;170000;9094.0000000;9153.0000000;9089.0000000;9102.0000000;243
SPFB.AFLT-6.19;60;20190529;180000;9108.0000000;9157.0000000;9108.0000000;9119.0000000;1118
SPFB.AFLT-6.19;60;20190529;190000;9127.0000000;9145.0000000;9121.0000000;9140.0000000;152
SPFB.AFLT-6.19;60;20190529;200000;9157.0000000;9157.0000000;9131.0000000;9150.0000000;45
SPFB.AFLT-6.19;60;20190529;210000;9149.0000000;9149.0000000;9139.0000000;9139.0000000;2
SPFB.AFLT-6.19;60;20190529;220000;9136.0000000;9136.0000000;9130.0000000;9130.0000000;20
SPFB.AFLT-6.19;60;20190529;230000;9129.0000000;9143.0000000;9123.0000000;9123.0000000;13
SPFB.AFLT-6.19;60;20190530;000000;9114.0000000;9133.0000000;9108.0000000;9133.0000000;25
SPFB.AFLT-6.19;60;20190530;110000;9143.0000000;9168.0000000;9111.0000000;9130.0000000;664
SPFB.AFLT-6.19;60;20190530;120000;9130.0000000;9130.0000000;9100.0000000;9130.0000000;538
SPFB.AFLT-6.19;60;20190530;130000;9128.0000000;9137.0000000;9122.0000000;9128.0000000;81
SPFB.AFLT-6.19;60;20190530;140000;9108.0000000;9156.0000000;9103.0000000;9103.0000000;127
SPFB.AFLT-6.19;60;20190530;150000;9103.0000000;9145.0000000;8980.0000000;9088.0000000;1192
SPFB.AFLT-6.19;60;20190530;160000;9092.0000000;9100.0000000;9077.0000000;9095.0000000;76
SPFB.AFLT-6.19;60;20190530;170000;9103.0000000;9111.0000000;9103.0000000;9110.0000000;36
SPFB.AFLT-6.19;60;20190530;180000;9100.0000000;9103.0000000;9079.0000000;9080.0000000;196
SPFB.AFLT-6.19;60;20190530;190000;9080.0000000;9091.0000000;9008.0000000;9091.0000000;242
SPFB.AFLT-6.19;60;20190530;200000;9039.0000000;9069.0000000;8980.0000000;9012.0000000;93
SPFB.AFLT-6.19;60;20190530;210000;9013.0000000;9051.0000000;9002.0000000;9022.0000000;72
SPFB.AFLT-6.19;60;20190530;220000;9022.0000000;9047.0000000;9022.0000000;9047.0000000;20
SPFB.AFLT-6.19;60;20190530;230000;9036.0000000;9040.0000000;9017.0000000;9017.0000000;27
SPFB.AFLT-6.19;60;20190531;000000;9040.0000000;9040.0000000;9010.0000000;9010.0000000;12
SPFB.AFLT-6.19;60;20190531;110000;9038.0000000;9500.0000000;9012.0000000;9370.0000000;3771
SPFB.AFLT-6.19;60;20190531;120000;9370.0000000;9410.0000000;9306.0000000;9358.0000000;915
SPFB.AFLT-6.19;60;20190531;130000;9357.0000000;9373.0000000;9318.0000000;9319.0000000;371
SPFB.AFLT-6.19;60;20190531;140000;9340.0000000;9355.0000000;9303.0000000;9342.0000000;144
SPFB.AFLT-6.19;60;20190531;150000;9347.0000000;9361.0000000;9318.0000000;9348.0000000;255
SPFB.AFLT-6.19;60;20190531;160000;9331.0000000;9345.0000000;9250.0000000;9337.0000000;844
SPFB.AFLT-6.19;60;20190531;170000;9310.0000000;9345.0000000;9307.0000000;9311.0000000;435
SPFB.AFLT-6.19;60;20190531;180000;9334.0000000;9350.0000000;9285.0000000;9325.0000000;252
SPFB.AFLT-6.19;60;20190531;190000;9331.0000000;9426.0000000;9322.0000000;9400.0000000;968
SPFB.AFLT-6.19;60;20190531;200000;9428.0000000;9428.0000000;9372.0000000;9385.0000000;34
SPFB.AFLT-6.19;60;20190531;210000;9369.0000000;9382.0000000;9350.0000000;9362.0000000;30
SPFB.AFLT-6.19;60;20190531;220000;9362.0000000;9385.0000000;9361.0000000;9379.0000000;54
SPFB.AFLT-6.19;60;20190531;230000;9363.0000000;9422.0000000;9361.0000000;9394.0000000;67
SPFB.AFLT-6.19;60;20190601;000000;9421.0000000;9450.0000000;9421.0000000;9450.0000000;129
SPFB.AFLT-6.19;60;20190603;110000;9390.0000000;9676.0000000;9374.0000000;9631.0000000;2934
SPFB.AFLT-6.19;60;20190603;120000;9638.0000000;9701.0000000;9608.0000000;9658.0000000;1649
SPFB.AFLT-6.19;60;20190603;130000;9650.0000000;9696.0000000;9620.0000000;9635.0000000;708
SPFB.AFLT-6.19;60;20190603;140000;9635.0000000;9670.0000000;9595.0000000;9634.0000000;512
SPFB.AFLT-6.19;60;20190603;150000;9638.0000000;9640.0000000;9615.0000000;9620.0000000;241
SPFB.AFLT-6.19;60;20190603;160000;9624.0000000;9634.0000000;9613.0000000;9620.0000000;108
SPFB.AFLT-6.19;60;20190603;170000;9611.0000000;9620.0000000;9584.0000000;9605.0000000;122
SPFB.AFLT-6.19;60;20190603;180000;9619.0000000;9662.0000000;9603.0000000;9662.0000000;181
SPFB.AFLT-6.19;60;20190603;190000;9663.0000000;9707.0000000;9646.0000000;9707.0000000;122
SPFB.AFLT-6.19;60;20190603;200000;9707.0000000;9719.0000000;9684.0000000;9719.0000000;120
SPFB.AFLT-6.19;60;20190603;210000;9719.0000000;9726.0000000;9690.0000000;9690.0000000;32
SPFB.AFLT-6.19;60;20190603;220000;9695.0000000;9695.0000000;9695.0000000;9695.0000000;4
SPFB.AFLT-6.19;60;20190603;230000;9696.0000000;9730.0000000;9685.0000000;9721.0000000;67
SPFB.AFLT-6.19;60;20190604;000000;9723.0000000;9730.0000000;9723.0000000;9726.0000000;31
SPFB.AFLT-6.19;60;20190604;110000;9730.0000000;9853.0000000;9700.0000000;9719.0000000;1498
SPFB.AFLT-6.19;60;20190604;120000;9731.0000000;9784.0000000;9731.0000000;9756.0000000;395
SPFB.AFLT-6.19;60;20190604;130000;9768.0000000;9776.0000000;9711.0000000;9776.0000000;270
SPFB.AFLT-6.19;60;20190604;140000;9766.0000000;9810.0000000;9766.0000000;9810.0000000;96
SPFB.AFLT-6.19;60;20190604;150000;9766.0000000;9780.0000000;9730.0000000;9772.0000000;124
SPFB.AFLT-6.19;60;20190604;160000;9761.0000000;9785.0000000;9761.0000000;9777.0000000;155
SPFB.AFLT-6.19;60;20190604;170000;9765.0000000;9765.0000000;9737.0000000;9748.0000000;43
SPFB.AFLT-6.19;60;20190604;180000;9747.0000000;9747.0000000;9629.0000000;9668.0000000;576
SPFB.AFLT-6.19;60;20190604;190000;9677.0000000;9726.0000000;9665.0000000;9667.0000000;132
SPFB.AFLT-6.19;60;20190604;210000;9701.0000000;9706.0000000;9701.0000000;9706.0000000;2
SPFB.AFLT-6.19;60;20190604;220000;9682.0000000;9682.0000000;9665.0000000;9665.0000000;13
SPFB.AFLT-6.19;60;20190604;230000;9672.0000000;9672.0000000;9652.0000000;9670.0000000;17
SPFB.AFLT-6.19;60;20190605;000000;9654.0000000;9687.0000000;9632.0000000;9632.0000000;60
SPFB.AFLT-6.19;60;20190605;110000;9648.0000000;9652.0000000;9516.0000000;9563.0000000;527
SPFB.AFLT-6.19;60;20190605;120000;9556.0000000;9656.0000000;9555.0000000;9631.0000000;606
SPFB.AFLT-6.19;60;20190605;130000;9622.0000000;9654.0000000;9622.0000000;9652.0000000;123
SPFB.AFLT-6.19;60;20190605;140000;9637.0000000;9650.0000000;9621.0000000;9645.0000000;66
SPFB.AFLT-6.19;60;20190605;150000;9664.0000000;9676.0000000;9655.0000000;9676.0000000;46
SPFB.AFLT-6.19;60;20190605;160000;9676.0000000;9713.0000000;9643.0000000;9674.0000000;107
SPFB.AFLT-6.19;60;20190605;170000;9653.0000000;9654.0000000;9550.0000000;9580.0000000;349
SPFB.AFLT-6.19;60;20190605;180000;9584.0000000;9650.0000000;9576.0000000;9636.0000000;110
SPFB.AFLT-6.19;60;20190605;190000;9648.0000000;9690.0000000;9591.0000000;9591.0000000;108
SPFB.AFLT-6.19;60;20190605;200000;9663.0000000;9663.0000000;9660.0000000;9660.0000000;54
SPFB.AFLT-6.19;60;20190605;210000;9630.0000000;9679.0000000;9630.0000000;9679.0000000;6
SPFB.AFLT-6.19;60;20190605;220000;9669.0000000;9699.0000000;9661.0000000;9698.0000000;27
SPFB.AFLT-6.19;60;20190605;230000;9670.0000000;9690.0000000;9651.0000000;9678.0000000;52
SPFB.AFLT-6.19;60;20190606;000000;9677.0000000;9694.0000000;9630.0000000;9683.0000000;94
SPFB.AFLT-6.19;60;20190606;110000;9640.0000000;9665.0000000;9578.0000000;9661.0000000;257
SPFB.AFLT-6.19;60;20190606;120000;9661.0000000;9761.0000000;9657.0000000;9727.0000000;456
SPFB.AFLT-6.19;60;20190606;130000;9731.0000000;9746.0000000;9676.0000000;9697.0000000;46
SPFB.AFLT-6.19;60;20190606;140000;9693.0000000;9693.0000000;9643.0000000;9668.0000000;122
SPFB.AFLT-6.19;60;20190606;150000;9662.0000000;9688.0000000;9657.0000000;9657.0000000;11
SPFB.AFLT-6.19;60;20190606;160000;9633.0000000;9639.0000000;9619.0000000;9623.0000000;24
SPFB.AFLT-6.19;60;20190606;170000;9623.0000000;9632.0000000;9600.0000000;9629.0000000;179
SPFB.AFLT-6.19;60;20190606;180000;9628.0000000;9646.0000000;9620.0000000;9620.0000000;76
SPFB.AFLT-6.19;60;20190606;190000;9620.0000000;9626.0000000;9612.0000000;9622.0000000;60
SPFB.AFLT-6.19;60;20190606;200000;9622.0000000;9679.0000000;9622.0000000;9654.0000000;26
SPFB.AFLT-6.19;60;20190606;210000;9653.0000000;9655.0000000;9581.0000000;9630.0000000;29
SPFB.AFLT-6.19;60;20190607;110000;9604.0000000;9677.0000000;9601.0000000;9642.0000000;102
SPFB.AFLT-6.19;60;20190607;120000;9625.0000000;9636.0000000;9620.0000000;9631.0000000;67
SPFB.AFLT-6.19;60;20190607;130000;9633.0000000;9633.0000000;9616.0000000;9616.0000000;77
SPFB.AFLT-6.19;60;20190607;140000;9618.0000000;9625.0000000;9589.0000000;9625.0000000;102
SPFB.AFLT-6.19;60;20190607;150000;9601.0000000;9601.0000000;9595.0000000;9597.0000000;35
SPFB.AFLT-6.19;60;20190607;160000;9591.0000000;9594.0000000;9553.0000000;9584.0000000;201
SPFB.AFLT-6.19;60;20190607;170000;9576.0000000;9642.0000000;9575.0000000;9633.0000000;144
SPFB.AFLT-6.19;60;20190607;180000;9632.0000000;9661.0000000;9632.0000000;9658.0000000;134
SPFB.AFLT-6.19;60;20190607;190000;9640.0000000;9640.0000000;9599.0000000;9599.0000000;63
SPFB.AFLT-6.19;60;20190607;200000;9637.0000000;9637.0000000;9637.0000000;9637.0000000;1
SPFB.AFLT-6.19;60;20190607;220000;9617.0000000;9634.0000000;9613.0000000;9614.0000000;9
SPFB.AFLT-6.19;60;20190607;230000;9613.0000000;9613.0000000;9613.0000000;9613.0000000;1
SPFB.AFLT-6.19;60;20190610;110000;9615.0000000;9681.0000000;9575.0000000;9581.0000000;273
SPFB.AFLT-6.19;60;20190610;120000;9579.0000000;9589.0000000;9571.0000000;9579.0000000;57
SPFB.AFLT-6.19;60;20190610;130000;9570.0000000;9570.0000000;9530.0000000;9549.0000000;267
SPFB.AFLT-6.19;60;20190610;140000;9549.0000000;9557.0000000;9545.0000000;9550.0000000;31
SPFB.AFLT-6.19;60;20190610;150000;9541.0000000;9574.0000000;9540.0000000;9570.0000000;34
SPFB.AFLT-6.19;60;20190610;160000;9559.0000000;9563.0000000;9541.0000000;9543.0000000;50
SPFB.AFLT-6.19;60;20190610;170000;9540.0000000;9565.0000000;9529.0000000;9565.0000000;57
SPFB.AFLT-6.19;60;20190610;180000;9562.0000000;9566.0000000;9560.0000000;9560.0000000;6
SPFB.AFLT-6.19;60;20190610;190000;9574.0000000;9582.0000000;9560.0000000;9575.0000000;45
SPFB.AFLT-6.19;60;20190610;200000;9585.0000000;9585.0000000;9561.0000000;9561.0000000;6
SPFB.AFLT-6.19;60;20190610;210000;9584.0000000;9584.0000000;9584.0000000;9584.0000000;1
SPFB.AFLT-6.19;60;20190611;000000;9583.0000000;9583.0000000;9583.0000000;9583.0000000;2
SPFB.AFLT-6.19;60;20190611;110000;9576.0000000;9580.0000000;9532.0000000;9557.0000000;240
SPFB.AFLT-6.19;60;20190611;120000;9555.0000000;9565.0000000;9541.0000000;9555.0000000;83
SPFB.AFLT-6.19;60;20190611;130000;9559.0000000;9573.0000000;9559.0000000;9572.0000000;37
SPFB.AFLT-6.19;60;20190611;140000;9567.0000000;9619.0000000;9550.0000000;9616.0000000;248
SPFB.AFLT-6.19;60;20190611;150000;9616.0000000;9664.0000000;9591.0000000;9646.0000000;352
SPFB.AFLT-6.19;60;20190611;160000;9667.0000000;9703.0000000;9644.0000000;9657.0000000;136
SPFB.AFLT-6.19;60;20190611;170000;9637.0000000;9651.0000000;9560.0000000;9560.0000000;289
SPFB.AFLT-6.19;60;20190611;180000;9559.0000000;9571.0000000;9541.0000000;9541.0000000;149
SPFB.AFLT-6.19;60;20190611;190000;9544.0000000;9604.0000000;9543.0000000;9604.0000000;27
SPFB.AFLT-6.19;60;20190611;200000;9551.0000000;9604.0000000;9551.0000000;9604.0000000;31
SPFB.AFLT-6.19;60;20190611;210000;9603.0000000;9603.0000000;9603.0000000;9603.0000000;1
SPFB.AFLT-6.19;60;20190611;220000;9591.0000000;9603.0000000;9591.0000000;9603.0000000;5
SPFB.AFLT-6.19;60;20190611;230000;9603.0000000;9606.0000000;9603.0000000;9606.0000000;48
SPFB.AFLT-6.19;60;20190612;000000;9605.0000000;9628.0000000;9573.0000000;9628.0000000;5
SPFB.AFLT-6.19;60;20190613;110000;9592.0000000;9650.0000000;9576.0000000;9626.0000000;133
SPFB.AFLT-6.19;60;20190613;120000;9590.0000000;9621.0000000;9586.0000000;9612.0000000;118
SPFB.AFLT-6.19;60;20190613;130000;9625.0000000;9701.0000000;9614.0000000;9680.0000000;402
SPFB.AFLT-6.19;60;20190613;140000;9674.0000000;9753.0000000;9672.0000000;9732.0000000;414
SPFB.AFLT-6.19;60;20190613;150000;9732.0000000;9740.0000000;9702.0000000;9730.0000000;138
SPFB.AFLT-6.19;60;20190613;160000;9728.0000000;9728.0000000;9715.0000000;9728.0000000;197
SPFB.AFLT-6.19;60;20190613;170000;9708.0000000;9761.0000000;9708.0000000;9761.0000000;154
SPFB.AFLT-6.19;60;20190613;180000;9768.0000000;9843.0000000;9761.0000000;9801.0000000;430
SPFB.AFLT-6.19;60;20190613;190000;9827.0000000;9850.0000000;9727.0000000;9727.0000000;531
SPFB.AFLT-6.19;60;20190613;200000;9725.0000000;9848.0000000;9725.0000000;9828.0000000;63
SPFB.AFLT-6.19;60;20190613;210000;9829.0000000;9844.0000000;9813.0000000;9814.0000000;72
SPFB.AFLT-6.19;60;20190613;220000;9826.0000000;9828.0000000;9826.0000000;9827.0000000;16
SPFB.AFLT-6.19;60;20190613;230000;9828.0000000;9829.0000000;9828.0000000;9829.0000000;9
SPFB.AFLT-6.19;60;20190614;000000;9830.0000000;9841.0000000;9820.0000000;9821.0000000;30
SPFB.AFLT-6.19;60;20190614;110000;9842.0000000;9894.0000000;9778.0000000;9855.0000000;527
SPFB.AFLT-6.19;60;20190614;120000;9856.0000000;9910.0000000;9818.0000000;9833.0000000;624
SPFB.AFLT-6.19;60;20190614;130000;9849.0000000;9850.0000000;9756.0000000;9820.0000000;153
SPFB.AFLT-6.19;60;20190614;140000;9840.0000000;9840.0000000;9821.0000000;9830.0000000;105
SPFB.AFLT-6.19;60;20190614;150000;9854.0000000;9854.0000000;9818.0000000;9850.0000000;36
SPFB.AFLT-6.19;60;20190614;160000;9850.0000000;9850.0000000;9782.0000000;9782.0000000;150
SPFB.AFLT-6.19;60;20190614;170000;9788.0000000;9788.0000000;9727.0000000;9762.0000000;132
SPFB.AFLT-6.19;60;20190614;180000;9773.0000000;9781.0000000;9744.0000000;9770.0000000;209
SPFB.AFLT-6.19;60;20190614;190000;9764.0000000;9774.0000000;9747.0000000;9747.0000000;32
SPFB.AFLT-6.19;60;20190614;200000;9791.0000000;9791.0000000;9744.0000000;9744.0000000;11
SPFB.AFLT-6.19;60;20190614;220000;9771.0000000;9772.0000000;9771.0000000;9772.0000000;2
SPFB.AFLT-6.19;60;20190614;230000;9752.0000000;9752.0000000;9752.0000000;9752.0000000;42
SPFB.AFLT-6.19;60;20190617;110000;9791.0000000;9933.0000000;9791.0000000;9883.0000000;1154
SPFB.AFLT-6.19;60;20190617;120000;9891.0000000;9937.0000000;9886.0000000;9918.0000000;300
SPFB.AFLT-6.19;60;20190617;130000;9920.0000000;10042.0000000;9920.0000000;10018.0000000;1081
SPFB.AFLT-6.19;60;20190617;140000;10020.0000000;10033.0000000;9978.0000000;10020.0000000;1145
SPFB.AFLT-6.19;60;20190617;150000;10009.0000000;10081.0000000;10009.0000000;10053.0000000;518
SPFB.AFLT-6.19;60;20190617;160000;10053.0000000;10074.0000000;10001.0000000;10064.0000000;704
SPFB.AFLT-6.19;60;20190617;170000;10063.0000000;10080.0000000;10049.0000000;10080.0000000;206
SPFB.AFLT-6.19;60;20190617;180000;10059.0000000;10065.0000000;10034.0000000;10042.0000000;171
SPFB.AFLT-6.19;60;20190617;190000;10040.0000000;10047.0000000;10018.0000000;10043.0000000;210
SPFB.AFLT-6.19;60;20190617;200000;9996.0000000;10035.0000000;9996.0000000;10035.0000000;173
SPFB.AFLT-6.19;60;20190617;210000;10036.0000000;10050.0000000;10036.0000000;10050.0000000;21
SPFB.AFLT-6.19;60;20190617;220000;10035.0000000;10035.0000000;10035.0000000;10035.0000000;3
SPFB.AFLT-6.19;60;20190617;230000;10041.0000000;10045.0000000;10041.0000000;10045.0000000;10
SPFB.AFLT-6.19;60;20190618;000000;10045.0000000;10045.0000000;10022.0000000;10022.0000000;55
SPFB.AFLT-6.19;60;20190618;110000;10020.0000000;10178.0000000;10020.0000000;10078.0000000;1409
SPFB.AFLT-6.19;60;20190618;120000;10076.0000000;10137.0000000;10076.0000000;10126.0000000;302
SPFB.AFLT-6.19;60;20190618;130000;10112.0000000;10112.0000000;10030.0000000;10048.0000000;362
SPFB.AFLT-6.19;60;20190618;140000;10033.0000000;10042.0000000;9952.0000000;9977.0000000;355
SPFB.AFLT-6.19;60;20190618;150000;9983.0000000;10036.0000000;9944.0000000;9985.0000000;301
SPFB.AFLT-6.19;60;20190618;160000;9985.0000000;10010.0000000;9959.0000000;9985.0000000;71
SPFB.AFLT-6.19;60;20190618;170000;9978.0000000;10023.0000000;9978.0000000;9985.0000000;312
SPFB.AFLT-6.19;60;20190618;180000;9987.0000000;9987.0000000;9930.0000000;9942.0000000;308
SPFB.AFLT-6.19;60;20190618;190000;9945.0000000;9973.0000000;9911.0000000;9943.0000000;170
SPFB.AFLT-6.19;60;20190618;200000;9947.0000000;9980.0000000;9935.0000000;9935.0000000;17
SPFB.AFLT-6.19;60;20190618;210000;9935.0000000;9962.0000000;9934.0000000;9962.0000000;11
SPFB.AFLT-6.19;60;20190618;220000;9975.0000000;9980.0000000;9974.0000000;9980.0000000;7
SPFB.AFLT-6.19;60;20190618;230000;9974.0000000;9980.0000000;9974.0000000;9980.0000000;4
SPFB.AFLT-6.19;60;20190619;110000;9976.0000000;9980.0000000;9911.0000000;9935.0000000;501
SPFB.AFLT-6.19;60;20190619;120000;9923.0000000;9963.0000000;9918.0000000;9945.0000000;96
SPFB.AFLT-6.19;60;20190619;130000;9945.0000000;9987.0000000;9945.0000000;9959.0000000;584
SPFB.AFLT-6.19;60;20190619;140000;9958.0000000;9980.0000000;9954.0000000;9962.0000000;370
SPFB.AFLT-6.19;60;20190619;150000;9960.0000000;9970.0000000;9928.0000000;9944.0000000;38
SPFB.AFLT-6.19;60;20190619;160000;9940.0000000;9944.0000000;9862.0000000;9870.0000000;852
SPFB.AFLT-6.19;60;20190619;170000;9879.0000000;9891.0000000;9870.0000000;9891.0000000;295
SPFB.AFLT-6.19;60;20190619;180000;9874.0000000;9892.0000000;9839.0000000;9875.0000000;252
SPFB.AFLT-6.19;60;20190619;190000;9876.0000000;9926.0000000;9872.0000000;9919.0000000;175
SPFB.AFLT-6.19;60;20190619;200000;9869.0000000;9962.0000000;9869.0000000;9959.0000000;22
SPFB.AFLT-6.19;60;20190619;210000;9902.0000000;9902.0000000;9900.0000000;9900.0000000;15
SPFB.AFLT-6.19;60;20190619;220000;9923.0000000;9926.0000000;9861.0000000;9885.0000000;153
SPFB.AFLT-6.19;60;20190619;230000;9884.0000000;9885.0000000;9884.0000000;9885.0000000;14
SPFB.AFLT-6.19;60;20190620;000000;9884.0000000;9886.0000000;9884.0000000;9886.0000000;77
SPFB.AFLT-6.19;60;20190620;110000;9888.0000000;9954.0000000;9731.0000000;9773.0000000;758
SPFB.AFLT-6.19;60;20190620;120000;9783.0000000;9840.0000000;9783.0000000;9834.0000000;524
SPFB.AFLT-6.19;60;20190620;130000;9830.0000000;9840.0000000;9820.0000000;9821.0000000;165
SPFB.AFLT-6.19;60;20190620;140000;9825.0000000;9839.0000000;9818.0000000;9835.0000000;99
SPFB.AFLT-6.19;60;20190620;150000;9837.0000000;9867.0000000;9832.0000000;9857.0000000;222
SPFB.AFLT-6.19;60;20190620;160000;9855.0000000;9975.0000000;9855.0000000;9975.0000000;250
SPFB.AFLT-6.19;60;20190620;170000;9970.0000000;9970.0000000;9950.0000000;9960.0000000;82
SPFB.AFLT-6.19;60;20190620;180000;9961.0000000;9968.0000000;9940.0000000;9948.0000000;355
SPFB.AFLT-6.19;60;20190620;190000;9925.0000000;9925.0000000;9887.0000000;9892.0000000;21
