<TICKER>;<PER>;<DATE>;<TIME>;<OPEN>;<HIGH>;<LOW>;<CLOSE>;<VOL>
SPFB.AFLT-3.20;60;20190918;170000;10700.0000000;10700.0000000;10700.0000000;10700.0000000;10
SPFB.AFLT-3.20;60;20190926;170000;10675.0000000;10675.0000000;10675.0000000;10675.0000000;1
SPFB.AFLT-3.20;60;20190927;190000;10711.0000000;10711.0000000;10711.0000000;10711.0000000;1
SPFB.AFLT-3.20;60;20190927;200000;10543.0000000;10543.0000000;10543.0000000;10543.0000000;1
SPFB.AFLT-3.20;60;20190930;130000;10693.0000000;10731.0000000;10693.0000000;10731.0000000;10
SPFB.AFLT-3.20;60;20191003;110000;10370.0000000;10370.0000000;10370.0000000;10370.0000000;2
SPFB.AFLT-3.20;60;20191004;150000;10301.0000000;10301.0000000;10301.0000000;10301.0000000;1
SPFB.AFLT-3.20;60;20191004;160000;10308.0000000;10308.0000000;10308.0000000;10308.0000000;1
SPFB.AFLT-3.20;60;20191010;180000;10392.0000000;10392.0000000;10392.0000000;10392.0000000;3
SPFB.AFLT-3.20;60;20191018;140000;10753.0000000;10753.0000000;10699.0000000;10699.0000000;2
SPFB.AFLT-3.20;60;20191018;180000;10703.0000000;10703.0000000;10703.0000000;10703.0000000;1
SPFB.AFLT-3.20;60;20191021;110000;10750.0000000;10750.0000000;10750.0000000;10750.0000000;1
SPFB.AFLT-3.20;60;20191021;190000;10736.0000000;10736.0000000;10736.0000000;10736.0000000;1
SPFB.AFLT-3.20;60;20191022;130000;10741.0000000;10741.0000000;10741.0000000;10741.0000000;5
SPFB.AFLT-3.20;60;20191022;140000;10619.0000000;10619.0000000;10619.0000000;10619.0000000;1
SPFB.AFLT-3.20;60;20191022;160000;10648.0000000;10650.0000000;10582.0000000;10650.0000000;3
SPFB.AFLT-3.20;60;20191022;190000;10658.0000000;10658.0000000;10658.0000000;10658.0000000;3
SPFB.AFLT-3.20;60;20191022;230000;10700.0000000;10700.0000000;10700.0000000;10700.0000000;1
SPFB.AFLT-3.20;60;20191023;120000;10724.0000000;10724.0000000;10724.0000000;10724.0000000;2
SPFB.AFLT-3.20;60;20191023;140000;10733.0000000;10733.0000000;10733.0000000;10733.0000000;1
SPFB.AFLT-3.20;60;20191023;150000;10733.0000000;10733.0000000;10733.0000000;10733.0000000;1
SPFB.AFLT-3.20;60;20191023;160000;10700.0000000;10700.0000000;10700.0000000;10700.0000000;1
SPFB.AFLT-3.20;60;20191024;110000;10717.0000000;10717.0000000;10717.0000000;10717.0000000;3
SPFB.AFLT-3.20;60;20191024;120000;10717.0000000;10719.0000000;10717.0000000;10719.0000000;4
SPFB.AFLT-3.20;60;20191024;130000;10694.0000000;10694.0000000;10694.0000000;10694.0000000;1
SPFB.AFLT-3.20;60;20191024;180000;10639.0000000;10639.0000000;10639.0000000;10639.0000000;1
SPFB.AFLT-3.20;60;20191029;110000;10700.0000000;10716.0000000;10700.0000000;10716.0000000;4
SPFB.AFLT-3.20;60;20191029;180000;10700.0000000;10700.0000000;10700.0000000;10700.0000000;1
SPFB.AFLT-3.20;60;20191030;120000;10750.0000000;10750.0000000;10750.0000000;10750.0000000;1
SPFB.AFLT-3.20;60;20191030;140000;10800.0000000;10800.0000000;10800.0000000;10800.0000000;1
SPFB.AFLT-3.20;60;20191030;190000;10788.0000000;10788.0000000;10788.0000000;10788.0000000;1
SPFB.AFLT-3.20;60;20191031;120000;10950.0000000;10950.0000000;10950.0000000;10950.0000000;1
SPFB.AFLT-3.20;60;20191031;150000;10950.0000000;11000.0000000;10950.0000000;11000.0000000;2
SPFB.AFLT-3.20;60;20191031;170000;10939.0000000;10939.0000000;10939.0000000;10939.0000000;1
SPFB.AFLT-3.20;60;20191101;110000;10940.0000000;10940.0000000;10900.0000000;10900.0000000;2
SPFB.AFLT-3.20;60;20191101;150000;10850.0000000;10850.0000000;10850.0000000;10850.0000000;2
SPFB.AFLT-3.20;60;20191101;190000;10800.0000000;10800.0000000;10800.0000000;10800.0000000;1
SPFB.AFLT-3.20;60;20191105;110000;10800.0000000;10875.0000000;10762.0000000;10775.0000000;7
SPFB.AFLT-3.20;60;20191105;130000;10875.0000000;10875.0000000;10875.0000000;10875.0000000;1
SPFB.AFLT-3.20;60;20191105;140000;10988.0000000;10988.0000000;10986.0000000;10986.0000000;10
SPFB.AFLT-3.20;60;20191105;150000;10957.0000000;10957.0000000;10957.0000000;10957.0000000;10
SPFB.AFLT-3.20;60;20191106;150000;10850.0000000;10850.0000000;10850.0000000;10850.0000000;10
SPFB.AFLT-3.20;60;20191106;180000;10900.0000000;10900.0000000;10900.0000000;10900.0000000;7
SPFB.AFLT-3.20;60;20191106;210000;10725.0000000;10725.0000000;10725.0000000;10725.0000000;2
SPFB.AFLT-3.20;60;20191108;120000;10783.0000000;10783.0000000;10783.0000000;10783.0000000;5
SPFB.AFLT-3.20;60;20191108;140000;10856.0000000;10856.0000000;10856.0000000;10856.0000000;1
SPFB.AFLT-3.20;60;20191111;110000;10868.0000000;10868.0000000;10868.0000000;10868.0000000;1
SPFB.AFLT-3.20;60;20191111;190000;10675.0000000;10692.0000000;10633.0000000;10692.0000000;13
SPFB.AFLT-3.20;60;20191112;130000;10750.0000000;10828.0000000;10656.0000000;10656.0000000;8
SPFB.AFLT-3.20;60;20191112;170000;10683.0000000;10683.0000000;10683.0000000;10683.0000000;1
SPFB.AFLT-3.20;60;20191113;170000;10662.0000000;10662.0000000;10662.0000000;10662.0000000;1
SPFB.AFLT-3.20;60;20191113;180000;10600.0000000;10600.0000000;10600.0000000;10600.0000000;1
SPFB.AFLT-3.20;60;20191115;200000;10981.0000000;10981.0000000;10973.0000000;10973.0000000;5
SPFB.AFLT-3.20;60;20191116;000000;10859.0000000;10859.0000000;10859.0000000;10859.0000000;3
SPFB.AFLT-3.20;60;20191118;200000;10697.0000000;10697.0000000;10697.0000000;10697.0000000;5
SPFB.AFLT-3.20;60;20191119;110000;10908.0000000;10999.0000000;10671.0000000;10889.0000000;19
SPFB.AFLT-3.20;60;20191119;150000;10850.0000000;10850.0000000;10850.0000000;10850.0000000;10
SPFB.AFLT-3.20;60;20191119;190000;10849.0000000;10849.0000000;10849.0000000;10849.0000000;5
SPFB.AFLT-3.20;60;20191119;230000;10725.0000000;10725.0000000;10702.0000000;10702.0000000;3
SPFB.AFLT-3.20;60;20191120;130000;10648.0000000;10648.0000000;10648.0000000;10648.0000000;1
SPFB.AFLT-3.20;60;20191120;170000;10696.0000000;10696.0000000;10696.0000000;10696.0000000;3
SPFB.AFLT-3.20;60;20191121;110000;10700.0000000;10700.0000000;10700.0000000;10700.0000000;2
SPFB.AFLT-3.20;60;20191121;140000;10625.0000000;10625.0000000;10625.0000000;10625.0000000;2
SPFB.AFLT-3.20;60;20191121;180000;10667.0000000;10667.0000000;10667.0000000;10667.0000000;9
SPFB.AFLT-3.20;60;20191121;210000;10734.0000000;10734.0000000;10624.0000000;10624.0000000;2
SPFB.AFLT-3.20;60;20191122;190000;10706.0000000;10706.0000000;10706.0000000;10706.0000000;2
SPFB.AFLT-3.20;60;20191127;110000;10860.0000000;10861.0000000;10860.0000000;10861.0000000;2
SPFB.AFLT-3.20;60;20191129;110000;10767.0000000;10767.0000000;10767.0000000;10767.0000000;2
SPFB.AFLT-3.20;60;20191129;140000;10750.0000000;10750.0000000;10600.0000000;10600.0000000;13
SPFB.AFLT-3.20;60;20191129;150000;10624.0000000;10624.0000000;10624.0000000;10624.0000000;5
SPFB.AFLT-3.20;60;20191129;170000;10600.0000000;10600.0000000;10550.0000000;10550.0000000;50
SPFB.AFLT-3.20;60;20191129;180000;10560.0000000;10560.0000000;10530.0000000;10530.0000000;20
SPFB.AFLT-3.20;60;20191129;190000;10480.0000000;10550.0000000;10480.0000000;10550.0000000;3
SPFB.AFLT-3.20;60;20191129;200000;10500.0000000;10500.0000000;10500.0000000;10500.0000000;1
SPFB.AFLT-3.20;60;20191129;210000;10510.0000000;10510.0000000;10510.0000000;10510.0000000;2
SPFB.AFLT-3.20;60;20191129;220000;10510.0000000;10520.0000000;10510.0000000;10520.0000000;8
SPFB.AFLT-3.20;60;20191130;000000;10540.0000000;10550.0000000;10506.0000000;10550.0000000;7
SPFB.AFLT-3.20;60;20191202;110000;10550.0000000;10600.0000000;10520.0000000;10600.0000000;12
SPFB.AFLT-3.20;60;20191202;130000;10506.0000000;10506.0000000;10481.0000000;10481.0000000;12
SPFB.AFLT-3.20;60;20191202;140000;10450.0000000;10450.0000000;10450.0000000;10450.0000000;10
SPFB.AFLT-3.20;60;20191202;170000;10450.0000000;10450.0000000;10425.0000000;10425.0000000;6
SPFB.AFLT-3.20;60;20191203;110000;10483.0000000;10483.0000000;10483.0000000;10483.0000000;1
SPFB.AFLT-3.20;60;20191203;170000;10369.0000000;10369.0000000;10351.0000000;10351.0000000;2
SPFB.AFLT-3.20;60;20191203;180000;10434.0000000;10434.0000000;10434.0000000;10434.0000000;20
SPFB.AFLT-3.20;60;20191203;190000;10351.0000000;10395.0000000;10280.0000000;10299.0000000;94
SPFB.AFLT-3.20;60;20191204;000000;10381.0000000;10381.0000000;10381.0000000;10381.0000000;1
SPFB.AFLT-3.20;60;20191204;110000;10300.0000000;10419.0000000;10200.0000000;10419.0000000;50
SPFB.AFLT-3.20;60;20191204;120000;10318.0000000;10318.0000000;10317.0000000;10317.0000000;2
SPFB.AFLT-3.20;60;20191204;130000;10237.0000000;10237.0000000;10220.0000000;10220.0000000;4
SPFB.AFLT-3.20;60;20191204;140000;10250.0000000;10251.0000000;10250.0000000;10250.0000000;12
SPFB.AFLT-3.20;60;20191204;180000;10393.0000000;10393.0000000;10251.0000000;10251.0000000;4
SPFB.AFLT-3.20;60;20191204;190000;10250.0000000;10317.0000000;10250.0000000;10317.0000000;3
SPFB.AFLT-3.20;60;20191205;110000;10350.0000000;10471.0000000;10292.0000000;10410.0000000;12
SPFB.AFLT-3.20;60;20191205;160000;10399.0000000;10399.0000000;10399.0000000;10399.0000000;5
SPFB.AFLT-3.20;60;20191209;180000;10475.0000000;10475.0000000;10475.0000000;10475.0000000;1
SPFB.AFLT-3.20;60;20191210;150000;10400.0000000;10400.0000000;10400.0000000;10400.0000000;1
SPFB.AFLT-3.20;60;20191210;180000;10377.0000000;10377.0000000;10377.0000000;10377.0000000;1
SPFB.AFLT-3.20;60;20191211;140000;10477.0000000;10477.0000000;10477.0000000;10477.0000000;5
SPFB.AFLT-3.20;60;20191211;150000;10524.0000000;10524.0000000;10524.0000000;10524.0000000;1
SPFB.AFLT-3.20;60;20191211;160000;10532.0000000;10557.0000000;10531.0000000;10545.0000000;489
SPFB.AFLT-3.20;60;20191211;170000;10536.0000000;10536.0000000;10536.0000000;10536.0000000;1
SPFB.AFLT-3.20;60;20191211;180000;10574.0000000;10575.0000000;10530.0000000;10530.0000000;3
SPFB.AFLT-3.20;60;20191211;190000;10600.0000000;10600.0000000;10600.0000000;10600.0000000;5
SPFB.AFLT-3.20;60;20191211;200000;10649.0000000;10649.0000000;10478.0000000;10478.0000000;35
SPFB.AFLT-3.20;60;20191212;000000;10500.0000000;10505.0000000;10500.0000000;10505.0000000;2
SPFB.AFLT-3.20;60;20191212;110000;10675.0000000;10775.0000000;10605.0000000;10700.0000000;18
SPFB.AFLT-3.20;60;20191212;120000;10700.0000000;10761.0000000;10700.0000000;10761.0000000;4
SPFB.AFLT-3.20;60;20191212;130000;10701.0000000;10701.0000000;10600.0000000;10660.0000000;54
SPFB.AFLT-3.20;60;20191212;140000;10702.0000000;10702.0000000;10702.0000000;10702.0000000;9
SPFB.AFLT-3.20;60;20191212;150000;10650.0000000;10650.0000000;10650.0000000;10650.0000000;10
SPFB.AFLT-3.20;60;20191212;160000;10725.0000000;10726.0000000;10725.0000000;10726.0000000;2
SPFB.AFLT-3.20;60;20191212;170000;10750.0000000;10750.0000000;10750.0000000;10750.0000000;4
SPFB.AFLT-3.20;60;20191212;180000;10750.0000000;10750.0000000;10750.0000000;10750.0000000;1
SPFB.AFLT-3.20;60;20191213;140000;10648.0000000;10668.0000000;10601.0000000;10601.0000000;52
SPFB.AFLT-3.20;60;20191213;150000;10670.0000000;10670.0000000;10670.0000000;10670.0000000;1
SPFB.AFLT-3.20;60;20191213;160000;10670.0000000;10670.0000000;10650.0000000;10650.0000000;41
SPFB.AFLT-3.20;60;20191216;110000;10651.0000000;10651.0000000;10650.0000000;10650.0000000;4
SPFB.AFLT-3.20;60;20191216;120000;10687.0000000;10690.0000000;10630.0000000;10631.0000000;277
SPFB.AFLT-3.20;60;20191216;130000;10631.0000000;10680.0000000;10630.0000000;10660.0000000;35
SPFB.AFLT-3.20;60;20191216;140000;10655.0000000;10655.0000000;10655.0000000;10655.0000000;20
SPFB.AFLT-3.20;60;20191216;150000;10703.0000000;10703.0000000;10698.0000000;10698.0000000;28
SPFB.AFLT-3.20;60;20191216;160000;10701.0000000;10701.0000000;10701.0000000;10701.0000000;1
SPFB.AFLT-3.20;60;20191216;170000;10719.0000000;10730.0000000;10719.0000000;10725.0000000;8
SPFB.AFLT-3.20;60;20191216;180000;10737.0000000;10737.0000000;10720.0000000;10720.0000000;84
SPFB.AFLT-3.20;60;20191216;190000;10705.0000000;10706.0000000;10705.0000000;10706.0000000;12
SPFB.AFLT-3.20;60;20191216;210000;10632.0000000;10632.0000000;10632.0000000;10632.0000000;1
SPFB.AFLT-3.20;60;20191217;110000;10725.0000000;10868.0000000;10701.0000000;10735.0000000;75
SPFB.AFLT-3.20;60;20191217;120000;10735.0000000;10800.0000000;10715.0000000;10784.0000000;58
SPFB.AFLT-3.20;60;20191217;130000;10789.0000000;10789.0000000;10751.0000000;10754.0000000;21
SPFB.AFLT-3.20;60;20191217;140000;10763.0000000;10764.0000000;10732.0000000;10753.0000000;45
SPFB.AFLT-3.20;60;20191217;150000;10761.0000000;10761.0000000;10756.0000000;10757.0000000;18
SPFB.AFLT-3.20;60;20191217;160000;10754.0000000;10875.0000000;10738.0000000;10750.0000000;52
SPFB.AFLT-3.20;60;20191217;170000;10755.0000000;10763.0000000;10750.0000000;10756.0000000;350
SPFB.AFLT-3.20;60;20191217;180000;10741.0000000;10748.0000000;10741.0000000;10741.0000000;21
SPFB.AFLT-3.20;60;20191217;190000;10734.0000000;10739.0000000;10726.0000000;10726.0000000;32
SPFB.AFLT-3.20;60;20191217;200000;10755.0000000;10755.0000000;10727.0000000;10730.0000000;7
SPFB.AFLT-3.20;60;20191217;210000;10730.0000000;10738.0000000;10730.0000000;10738.0000000;12
SPFB.AFLT-3.20;60;20191217;220000;10740.0000000;10754.0000000;10740.0000000;10754.0000000;4
SPFB.AFLT-3.20;60;20191217;230000;10760.0000000;10774.0000000;10755.0000000;10771.0000000;15
SPFB.AFLT-3.20;60;20191218;000000;10769.0000000;10771.0000000;10769.0000000;10771.0000000;2
SPFB.AFLT-3.20;60;20191218;110000;10740.0000000;10769.0000000;10680.0000000;10680.0000000;738
SPFB.AFLT-3.20;60;20191218;120000;10680.0000000;10703.0000000;10680.0000000;10703.0000000;311
SPFB.AFLT-3.20;60;20191218;130000;10706.0000000;10709.0000000;10706.0000000;10707.0000000;26
SPFB.AFLT-3.20;60;20191218;140000;10707.0000000;10711.0000000;10697.0000000;10704.0000000;91
SPFB.AFLT-3.20;60;20191218;150000;10705.0000000;10740.0000000;10705.0000000;10739.0000000;132
SPFB.AFLT-3.20;60;20191218;160000;10700.0000000;10700.0000000;10691.0000000;10696.0000000;23
SPFB.AFLT-3.20;60;20191218;170000;10701.0000000;10705.0000000;10690.0000000;10692.0000000;267
SPFB.AFLT-3.20;60;20191218;180000;10690.0000000;10720.0000000;10690.0000000;10690.0000000;325
SPFB.AFLT-3.20;60;20191218;190000;10690.0000000;10702.0000000;10690.0000000;10693.0000000;149
SPFB.AFLT-3.20;60;20191218;200000;10671.0000000;10717.0000000;10670.0000000;10706.0000000;11
SPFB.AFLT-3.20;60;20191218;210000;10668.0000000;10668.0000000;10654.0000000;10655.0000000;3
SPFB.AFLT-3.20;60;20191218;220000;10659.0000000;10714.0000000;10659.0000000;10669.0000000;11
SPFB.AFLT-3.20;60;20191218;230000;10660.0000000;10720.0000000;10652.0000000;10652.0000000;8
SPFB.AFLT-3.20;60;20191219;000000;10672.0000000;10750.0000000;10663.0000000;10665.0000000;55
SPFB.AFLT-3.20;60;20191219;110000;10669.0000000;10724.0000000;10650.0000000;10698.0000000;54
SPFB.AFLT-3.20;60;20191219;120000;10700.0000000;10709.0000000;10637.0000000;10679.0000000;311
SPFB.AFLT-3.20;60;20191219;130000;10670.0000000;10678.0000000;10648.0000000;10648.0000000;217
SPFB.AFLT-3.20;60;20191219;140000;10650.0000000;10653.0000000;10600.0000000;10612.0000000;228
SPFB.AFLT-3.20;60;20191219;150000;10618.0000000;10650.0000000;10611.0000000;10618.0000000;140
SPFB.AFLT-3.20;60;20191219;160000;10618.0000000;10661.0000000;10618.0000000;10640.0000000;107
SPFB.AFLT-3.20;60;20191219;170000;10640.0000000;10640.0000000;10601.0000000;10606.0000000;280
SPFB.AFLT-3.20;60;20191219;180000;10601.0000000;10617.0000000;10552.0000000;10617.0000000;120
SPFB.AFLT-3.20;60;20191219;190000;10613.0000000;10615.0000000;10569.0000000;10569.0000000;90
SPFB.AFLT-3.20;60;20191219;200000;10616.0000000;10699.0000000;10616.0000000;10667.0000000;55
SPFB.AFLT-3.20;60;20191219;210000;10667.0000000;10667.0000000;10644.0000000;10651.0000000;21
SPFB.AFLT-3.20;60;20191219;220000;10646.0000000;10646.0000000;10645.0000000;10645.0000000;6
SPFB.AFLT-3.20;60;20191219;230000;10631.0000000;10644.0000000;10618.0000000;10644.0000000;11
SPFB.AFLT-3.20;60;20191220;000000;10643.0000000;10643.0000000;10643.0000000;10643.0000000;1
SPFB.AFLT-3.20;60;20191220;110000;10620.0000000;10667.0000000;10600.0000000;10619.0000000;267
SPFB.AFLT-3.20;60;20191220;120000;10609.0000000;10609.0000000;10534.0000000;10567.0000000;162
SPFB.AFLT-3.20;60;20191220;130000;10567.0000000;10586.0000000;10553.0000000;10565.0000000;52
SPFB.AFLT-3.20;60;20191220;140000;10553.0000000;10553.0000000;10493.0000000;10501.0000000;228
SPFB.AFLT-3.20;60;20191220;150000;10509.0000000;10540.0000000;10500.0000000;10530.0000000;50
SPFB.AFLT-3.20;60;20191220;160000;10537.0000000;10565.0000000;10537.0000000;10555.0000000;28
SPFB.AFLT-3.20;60;20191220;170000;10545.0000000;10547.0000000;10537.0000000;10537.0000000;42
SPFB.AFLT-3.20;60;20191220;180000;10530.0000000;10556.0000000;10530.0000000;10545.0000000;33
SPFB.AFLT-3.20;60;20191220;190000;10545.0000000;10550.0000000;10523.0000000;10532.0000000;61
SPFB.AFLT-3.20;60;20191220;200000;10510.0000000;10510.0000000;10510.0000000;10510.0000000;1
SPFB.AFLT-3.20;60;20191220;210000;10530.0000000;10530.0000000;10530.0000000;10530.0000000;3
SPFB.AFLT-3.20;60;20191220;220000;10543.0000000;10543.0000000;10543.0000000;10543.0000000;1
SPFB.AFLT-3.20;60;20191221;000000;10555.0000000;10555.0000000;10555.0000000;10555.0000000;3
SPFB.AFLT-3.20;60;20191223;110000;10568.0000000;10588.0000000;10528.0000000;10540.0000000;99
SPFB.AFLT-3.20;60;20191223;120000;10526.0000000;10565.0000000;10505.0000000;10565.0000000;78
SPFB.AFLT-3.20;60;20191223;130000;10564.0000000;10568.0000000;10553.0000000;10556.0000000;39
SPFB.AFLT-3.20;60;20191223;140000;10592.0000000;10594.0000000;10578.0000000;10578.0000000;56
SPFB.AFLT-3.20;60;20191223;150000;10577.0000000;10587.0000000;10566.0000000;10577.0000000;25
SPFB.AFLT-3.20;60;20191223;160000;10584.0000000;10587.0000000;10553.0000000;10558.0000000;107
SPFB.AFLT-3.20;60;20191223;170000;10574.0000000;10577.0000000;10560.0000000;10560.0000000;31
SPFB.AFLT-3.20;60;20191223;180000;10563.0000000;10566.0000000;10562.0000000;10562.0000000;5
SPFB.AFLT-3.20;60;20191223;190000;10573.0000000;10573.0000000;10555.0000000;10557.0000000;68
SPFB.AFLT-3.20;60;20191223;200000;10567.0000000;10582.0000000;10557.0000000;10582.0000000;10
SPFB.AFLT-3.20;60;20191223;210000;10577.0000000;10589.0000000;10577.0000000;10579.0000000;18
SPFB.AFLT-3.20;60;20191223;220000;10579.0000000;10579.0000000;10579.0000000;10579.0000000;1
SPFB.AFLT-3.20;60;20191223;230000;10590.0000000;10600.0000000;10590.0000000;10600.0000000;3
SPFB.AFLT-3.20;60;20191224;110000;10581.0000000;10582.0000000;10557.0000000;10557.0000000;81
SPFB.AFLT-3.20;60;20191224;120000;10557.0000000;10557.0000000;10525.0000000;10539.0000000;20
SPFB.AFLT-3.20;60;20191224;130000;10540.0000000;10540.0000000;10530.0000000;10535.0000000;12
SPFB.AFLT-3.20;60;20191224;140000;10536.0000000;10539.0000000;10507.0000000;10533.0000000;260
SPFB.AFLT-3.20;60;20191224;150000;10538.0000000;10557.0000000;10520.0000000;10523.0000000;1190
SPFB.AFLT-3.20;60;20191224;160000;10529.0000000;10531.0000000;10516.0000000;10516.0000000;26
SPFB.AFLT-3.20;60;20191224;170000;10520.0000000;10521.0000000;10508.0000000;10510.0000000;24
SPFB.AFLT-3.20;60;20191224;180000;10508.0000000;10508.0000000;10482.0000000;10485.0000000;103
SPFB.AFLT-3.20;60;20191224;190000;10482.0000000;10492.0000000;10477.0000000;10491.0000000;62
SPFB.AFLT-3.20;60;20191224;200000;10518.0000000;10521.0000000;10504.0000000;10504.0000000;14
SPFB.AFLT-3.20;60;20191224;220000;10504.0000000;10510.0000000;10504.0000000;10510.0000000;2
SPFB.AFLT-3.20;60;20191225;110000;10506.0000000;10506.0000000;10486.0000000;10494.0000000;97
SPFB.AFLT-3.20;60;20191225;120000;10497.0000000;10505.0000000;10486.0000000;10501.0000000;104
SPFB.AFLT-3.20;60;20191225;130000;10501.0000000;10503.0000000;10497.0000000;10497.0000000;93
SPFB.AFLT-3.20;60;20191225;140000;10491.0000000;10491.0000000;10486.0000000;10486.0000000;7
SPFB.AFLT-3.20;60;20191225;150000;10484.0000000;10493.0000000;10472.0000000;10493.0000000;30
SPFB.AFLT-3.20;60;20191225;160000;10495.0000000;10500.0000000;10471.0000000;10476.0000000;30
SPFB.AFLT-3.20;60;20191225;170000;10470.0000000;10470.0000000;10454.0000000;10464.0000000;144
SPFB.AFLT-3.20;60;20191225;180000;10461.0000000;10494.0000000;10456.0000000;10494.0000000;134
SPFB.AFLT-3.20;60;20191225;190000;10491.0000000;10496.0000000;10482.0000000;10496.0000000;20
SPFB.AFLT-3.20;60;20191225;210000;10477.0000000;10505.0000000;10471.0000000;10471.0000000;11
SPFB.AFLT-3.20;60;20191226;110000;10500.0000000;10545.0000000;10494.0000000;10525.0000000;379
SPFB.AFLT-3.20;60;20191226;120000;10529.0000000;10533.0000000;10520.0000000;10521.0000000;188
SPFB.AFLT-3.20;60;20191226;130000;10515.0000000;10525.0000000;10515.0000000;10525.0000000;15
SPFB.AFLT-3.20;60;20191226;140000;10532.0000000;10532.0000000;10520.0000000;10520.0000000;10
SPFB.AFLT-3.20;60;20191226;150000;10524.0000000;10560.0000000;10524.0000000;10545.0000000;85
SPFB.AFLT-3.20;60;20191226;160000;10545.0000000;10555.0000000;10543.0000000;10544.0000000;21
SPFB.AFLT-3.20;60;20191226;170000;10531.0000000;10563.0000000;10525.0000000;10563.0000000;29
SPFB.AFLT-3.20;60;20191226;180000;10562.0000000;10565.0000000;10542.0000000;10559.0000000;92
SPFB.AFLT-3.20;60;20191226;190000;10553.0000000;10564.0000000;10525.0000000;10539.0000000;74
SPFB.AFLT-3.20;60;20191226;200000;10531.0000000;10531.0000000;10531.0000000;10531.0000000;3
SPFB.AFLT-3.20;60;20191226;220000;10564.0000000;10594.0000000;10564.0000000;10594.0000000;5
SPFB.AFLT-3.20;60;20191227;110000;10550.0000000;10596.0000000;10550.0000000;10582.0000000;85
SPFB.AFLT-3.20;60;20191227;120000;10576.0000000;10590.0000000;10554.0000000;10573.0000000;147
SPFB.AFLT-3.20;60;20191227;130000;10572.0000000;10583.0000000;10557.0000000;10567.0000000;50
SPFB.AFLT-3.20;60;20191227;140000;10561.0000000;10561.0000000;10546.0000000;10546.0000000;19
SPFB.AFLT-3.20;60;20191227;150000;10563.0000000;10563.0000000;10549.0000000;10550.0000000;46
SPFB.AFLT-3.20;60;20191227;160000;10548.0000000;10548.0000000;10512.0000000;10512.0000000;138
SPFB.AFLT-3.20;60;20191227;170000;10528.0000000;10537.0000000;10502.0000000;10537.0000000;98
SPFB.AFLT-3.20;60;20191227;180000;10530.0000000;10543.0000000;10519.0000000;10533.0000000;44
SPFB.AFLT-3.20;60;20191227;190000;10540.0000000;10540.0000000;10528.0000000;10528.0000000;7
SPFB.AFLT-3.20;60;20191227;210000;10515.0000000;10515.0000000;10515.0000000;10515.0000000;1
SPFB.AFLT-3.20;60;20191227;220000;10517.0000000;10517.0000000;10517.0000000;10517.0000000;1
SPFB.AFLT-3.20;60;20191227;230000;10517.0000000;10523.0000000;10517.0000000;10523.0000000;5
SPFB.AFLT-3.20;60;20191230;110000;10536.0000000;10559.0000000;10534.0000000;10548.0000000;62
SPFB.AFLT-3.20;60;20191230;120000;10547.0000000;10566.0000000;10546.0000000;10555.0000000;49
SPFB.AFLT-3.20;60;20191230;130000;10539.0000000;10550.0000000;10518.0000000;10550.0000000;29
SPFB.AFLT-3.20;60;20191230;140000;10552.0000000;10555.0000000;10544.0000000;10545.0000000;40
SPFB.AFLT-3.20;60;20191230;160000;10545.0000000;10550.0000000;10545.0000000;10549.0000000;6
SPFB.AFLT-3.20;60;20191230;180000;10519.0000000;10519.0000000;10498.0000000;10498.0000000;18
SPFB.AFLT-3.20;60;20191230;190000;10507.0000000;10508.0000000;10507.0000000;10508.0000000;5
SPFB.AFLT-3.20;60;20191230;200000;10466.0000000;10508.0000000;10463.0000000;10508.0000000;5
SPFB.AFLT-3.20;60;20191230;220000;10487.0000000;10487.0000000;10487.0000000;10487.0000000;1
SPFB.AFLT-3.20;60;20191230;230000;10487.0000000;10487.0000000;10456.0000000;10456.0000000;7
SPFB.AFLT-3.20;60;20200103;110000;10469.0000000;10525.0000000;10469.0000000;10510.0000000;57
SPFB.AFLT-3.20;60;20200103;120000;10505.0000000;10518.0000000;10486.0000000;10489.0000000;44
SPFB.AFLT-3.20;60;20200103;130000;10489.0000000;10519.0000000;10476.0000000;10506.0000000;521
SPFB.AFLT-3.20;60;20200103;140000;10515.0000000;10540.0000000;10515.0000000;10532.0000000;190
SPFB.AFLT-3.20;60;20200103;150000;10535.0000000;10546.0000000;10502.0000000;10502.0000000;89
SPFB.AFLT-3.20;60;20200103;160000;10507.0000000;10507.0000000;10495.0000000;10499.0000000;9
SPFB.AFLT-3.20;60;20200103;170000;10507.0000000;10516.0000000;10485.0000000;10494.0000000;226
SPFB.AFLT-3.20;60;20200103;180000;10491.0000000;10505.0000000;10484.0000000;10505.0000000;267
SPFB.AFLT-3.20;60;20200103;190000;10504.0000000;10506.0000000;10465.0000000;10465.0000000;90
SPFB.AFLT-3.20;60;20200103;200000;10501.0000000;10501.0000000;10500.0000000;10500.0000000;2
SPFB.AFLT-3.20;60;20200103;210000;10481.0000000;10481.0000000;10481.0000000;10481.0000000;1
SPFB.AFLT-3.20;60;20200103;220000;10490.0000000;10490.0000000;10490.0000000;10490.0000000;1
SPFB.AFLT-3.20;60;20200103;230000;10490.0000000;10491.0000000;10490.0000000;10491.0000000;3
SPFB.AFLT-3.20;60;20200104;000000;10495.0000000;10495.0000000;10495.0000000;10495.0000000;3
SPFB.AFLT-3.20;60;20200106;110000;10467.0000000;10485.0000000;10435.0000000;10485.0000000;134
SPFB.AFLT-3.20;60;20200106;120000;10467.0000000;10474.0000000;10467.0000000;10470.0000000;15
SPFB.AFLT-3.20;60;20200106;130000;10470.0000000;10494.0000000;10470.0000000;10483.0000000;32
SPFB.AFLT-3.20;60;20200106;140000;10473.0000000;10485.0000000;10470.0000000;10477.0000000;28
SPFB.AFLT-3.20;60;20200106;160000;10502.0000000;10527.0000000;10497.0000000;10497.0000000;130
SPFB.AFLT-3.20;60;20200106;170000;10493.0000000;10501.0000000;10485.0000000;10485.0000000;19
SPFB.AFLT-3.20;60;20200106;180000;10490.0000000;10509.0000000;10490.0000000;10509.0000000;24
SPFB.AFLT-3.20;60;20200106;190000;10491.0000000;10507.0000000;10491.0000000;10507.0000000;16
SPFB.AFLT-3.20;60;20200106;200000;10482.0000000;10516.0000000;10472.0000000;10485.0000000;114
SPFB.AFLT-3.20;60;20200106;210000;10492.0000000;10492.0000000;10481.0000000;10481.0000000;2
SPFB.AFLT-3.20;60;20200106;220000;10498.0000000;10498.0000000;10498.0000000;10498.0000000;1
SPFB.AFLT-3.20;60;20200107;000000;10496.0000000;10511.0000000;10480.0000000;10497.0000000;65
SPFB.AFLT-3.20;60;20200108;110000;10456.0000000;10498.0000000;10399.0000000;10479.0000000;303
SPFB.AFLT-3.20;60;20200108;120000;10478.0000000;10487.0000000;10450.0000000;10450.0000000;96
SPFB.AFLT-3.20;60;20200108;130000;10440.0000000;10455.0000000;10440.0000000;10455.0000000;16
SPFB.AFLT-3.20;60;20200108;140000;10458.0000000;10464.0000000;10458.0000000;10464.0000000;4
SPFB.AFLT-3.20;60;20200108;150000;10457.0000000;10470.0000000;10440.0000000;10458.0000000;68
SPFB.AFLT-3.20;60;20200108;160000;10447.0000000;10447.0000000;10438.0000000;10438.0000000;5
SPFB.AFLT-3.20;60;20200108;170000;10442.0000000;10442.0000000;10440.0000000;10440.0000000;6
SPFB.AFLT-3.20;60;20200108;180000;10449.0000000;10451.0000000;10449.0000000;10451.0000000;30
SPFB.AFLT-3.20;60;20200108;190000;10435.0000000;10437.0000000;10426.0000000;10426.0000000;76
SPFB.AFLT-3.20;60;20200108;200000;10430.0000000;10430.0000000;10411.0000000;10412.0000000;33
SPFB.AFLT-3.20;60;20200108;210000;10419.0000000;10449.0000000;10419.0000000;10449.0000000;25
SPFB.AFLT-3.20;60;20200108;220000;10431.0000000;10431.0000000;10429.0000000;10429.0000000;4
SPFB.AFLT-3.20;60;20200109;000000;10439.0000000;10465.0000000;10438.0000000;10451.0000000;375
SPFB.AFLT-3.20;60;20200109;110000;10466.0000000;10642.0000000;10466.0000000;10595.0000000;757
SPFB.AFLT-3.20;60;20200109;120000;10600.0000000;10609.0000000;10540.0000000;10540.0000000;71
SPFB.AFLT-3.20;60;20200109;130000;10544.0000000;10549.0000000;10539.0000000;10541.0000000;43
SPFB.AFLT-3.20;60;20200109;140000;10541.0000000;10574.0000000;10529.0000000;10529.0000000;305
SPFB.AFLT-3.20;60;20200109;150000;10532.0000000;10576.0000000;10532.0000000;10555.0000000;187
SPFB.AFLT-3.20;60;20200109;160000;10564.0000000;10611.0000000;10564.0000000;10603.0000000;85
SPFB.AFLT-3.20;60;20200109;170000;10591.0000000;10607.0000000;10591.0000000;10595.0000000;155
SPFB.AFLT-3.20;60;20200109;180000;10603.0000000;10608.0000000;10599.0000000;10599.0000000;27
SPFB.AFLT-3.20;60;20200109;190000;10583.0000000;10611.0000000;10577.0000000;10586.0000000;359
SPFB.AFLT-3.20;60;20200109;200000;10601.0000000;10619.0000000;10585.0000000;10587.0000000;151
SPFB.AFLT-3.20;60;20200109;210000;10599.0000000;10616.0000000;10583.0000000;10593.0000000;117
SPFB.AFLT-3.20;60;20200109;220000;10610.0000000;10645.0000000;10594.0000000;10603.0000000;415
SPFB.AFLT-3.20;60;20200109;230000;10602.0000000;10602.0000000;10560.0000000;10594.0000000;132
SPFB.AFLT-3.20;60;20200110;000000;10599.0000000;10599.0000000;10556.0000000;10579.0000000;27
SPFB.AFLT-3.20;60;20200110;110000;10614.0000000;10720.0000000;10612.0000000;10622.0000000;598
SPFB.AFLT-3.20;60;20200110;120000;10637.0000000;10662.0000000;10632.0000000;10632.0000000;58
SPFB.AFLT-3.20;60;20200110;130000;10625.0000000;10647.0000000;10560.0000000;10632.0000000;263
SPFB.AFLT-3.20;60;20200110;140000;10631.0000000;10645.0000000;10629.0000000;10630.0000000;97
SPFB.AFLT-3.20;60;20200110;150000;10639.0000000;10641.0000000;10623.0000000;10641.0000000;26
SPFB.AFLT-3.20;60;20200110;160000;10641.0000000;10650.0000000;10630.0000000;10636.0000000;74
SPFB.AFLT-3.20;60;20200110;170000;10620.0000000;10631.0000000;10601.0000000;10627.0000000;73
SPFB.AFLT-3.20;60;20200110;180000;10627.0000000;10664.0000000;10626.0000000;10646.0000000;209
SPFB.AFLT-3.20;60;20200110;190000;10647.0000000;10653.0000000;10632.0000000;10644.0000000;47
SPFB.AFLT-3.20;60;20200110;200000;10628.0000000;10640.0000000;10570.0000000;10593.0000000;103
SPFB.AFLT-3.20;60;20200110;220000;10600.0000000;10602.0000000;10592.0000000;10600.0000000;9
SPFB.AFLT-3.20;60;20200110;230000;10607.0000000;10625.0000000;10603.0000000;10612.0000000;56
SPFB.AFLT-3.20;60;20200111;000000;10603.0000000;10609.0000000;10600.0000000;10600.0000000;14
SPFB.AFLT-3.20;60;20200113;110000;10600.0000000;10715.0000000;10600.0000000;10698.0000000;375
SPFB.AFLT-3.20;60;20200113;120000;10689.0000000;10693.0000000;10637.0000000;10648.0000000;77
SPFB.AFLT-3.20;60;20200113;130000;10650.0000000;10668.0000000;10650.0000000;10650.0000000;57
SPFB.AFLT-3.20;60;20200113;140000;10671.0000000;10671.0000000;10642.0000000;10647.0000000;37
SPFB.AFLT-3.20;60;20200113;150000;10659.0000000;10673.0000000;10658.0000000;10668.0000000;36
SPFB.AFLT-3.20;60;20200113;160000;10667.0000000;10674.0000000;10653.0000000;10653.0000000;34
SPFB.AFLT-3.20;60;20200113;170000;10663.0000000;10674.0000000;10649.0000000;10670.0000000;23
SPFB.AFLT-3.20;60;20200113;180000;10674.0000000;10678.0000000;10658.0000000;10678.0000000;77
SPFB.AFLT-3.20;60;20200113;190000;10689.0000000;10691.0000000;10662.0000000;10663.0000000;70
SPFB.AFLT-3.20;60;20200113;200000;10709.0000000;10709.0000000;10631.0000000;10645.0000000;18
SPFB.AFLT-3.20;60;20200113;210000;10689.0000000;10689.0000000;10655.0000000;10655.0000000;3
SPFB.AFLT-3.20;60;20200113;220000;10656.0000000;10657.0000000;10656.0000000;10657.0000000;6
SPFB.AFLT-3.20;60;20200113;230000;10657.0000000;10657.0000000;10657.0000000;10657.0000000;10
SPFB.AFLT-3.20;60;20200114;000000;10690.0000000;10710.0000000;10650.0000000;10650.0000000;53
SPFB.AFLT-3.20;60;20200114;110000;10701.0000000;10750.0000000;10686.0000000;10719.0000000;720
SPFB.AFLT-3.20;60;20200114;120000;10711.0000000;10711.0000000;10671.0000000;10688.0000000;123
SPFB.AFLT-3.20;60;20200114;130000;10687.0000000;10699.0000000;10685.0000000;10699.0000000;273
SPFB.AFLT-3.20;60;20200114;140000;10698.0000000;11087.0000000;10698.0000000;11044.0000000;4007
SPFB.AFLT-3.20;60;20200114;150000;11046.0000000;11147.0000000;10933.0000000;10975.0000000;2577
SPFB.AFLT-3.20;60;20200114;160000;10975.0000000;11032.0000000;10948.0000000;10966.0000000;921
SPFB.AFLT-3.20;60;20200114;170000;10977.0000000;11059.0000000;10860.0000000;11050.0000000;1247
SPFB.AFLT-3.20;60;20200114;180000;11034.0000000;11068.0000000;10919.0000000;11002.0000000;1359
SPFB.AFLT-3.20;60;20200114;190000;11009.0000000;11025.0000000;10964.0000000;10985.0000000;113
SPFB.AFLT-3.20;60;20200114;200000;10999.0000000;10999.0000000;10900.0000000;10989.0000000;46
SPFB.AFLT-3.20;60;20200114;210000;10976.0000000;10976.0000000;10976.0000000;10976.0000000;1
SPFB.AFLT-3.20;60;20200114;220000;10992.0000000;11030.0000000;10989.0000000;11017.0000000;130
SPFB.AFLT-3.20;60;20200114;230000;10951.0000000;11029.0000000;10941.0000000;11029.0000000;54
SPFB.AFLT-3.20;60;20200115;000000;11029.0000000;11035.0000000;10981.0000000;11018.0000000;64
SPFB.AFLT-3.20;60;20200115;110000;11050.0000000;11128.0000000;10991.0000000;11035.0000000;1249
SPFB.AFLT-3.20;60;20200115;120000;11036.0000000;11301.0000000;10988.0000000;11215.0000000;2259
SPFB.AFLT-3.20;60;20200115;130000;11213.0000000;11264.0000000;11170.0000000;11233.0000000;750
SPFB.AFLT-3.20;60;20200115;140000;11233.0000000;11239.0000000;11167.0000000;11188.0000000;283
SPFB.AFLT-3.20;60;20200115;150000;11195.0000000;11222.0000000;11189.0000000;11202.0000000;258
SPFB.AFLT-3.20;60;20200115;160000;11220.0000000;11240.0000000;11197.0000000;11197.0000000;377
SPFB.AFLT-3.20;60;20200115;170000;11198.0000000;11209.0000000;11029.0000000;11080.0000000;1254
SPFB.AFLT-3.20;60;20200115;180000;11068.0000000;11233.0000000;11064.0000000;11223.0000000;1320
SPFB.AFLT-3.20;60;20200115;190000;11220.0000000;11236.0000000;11200.0000000;11220.0000000;301
SPFB.AFLT-3.20;60;20200115;200000;11219.0000000;11272.0000000;11200.0000000;11248.0000000;69
SPFB.AFLT-3.20;60;20200115;210000;11242.0000000;11259.0000000;11165.0000000;11228.0000000;84
SPFB.AFLT-3.20;60;20200115;220000;11212.0000000;11228.0000000;11202.0000000;11202.0000000;10
SPFB.AFLT-3.20;60;20200115;230000;11226.0000000;11249.0000000;11201.0000000;11247.0000000;28
SPFB.AFLT-3.20;60;20200116;000000;11240.0000000;11240.0000000;11240.0000000;11240.0000000;3
SPFB.AFLT-3.20;60;20200116;110000;11259.0000000;11350.0000000;11195.0000000;11205.0000000;2695
SPFB.AFLT-3.20;60;20200116;120000;11214.0000000;11258.0000000;11210.0000000;11251.0000000;349
SPFB.AFLT-3.20;60;20200116;130000;11252.0000000;11252.0000000;11203.0000000;11212.0000000;295
SPFB.AFLT-3.20;60;20200116;140000;11216.0000000;11239.0000000;11200.0000000;11200.0000000;90
SPFB.AFLT-3.20;60;20200116;150000;11200.0000000;11227.0000000;11140.0000000;11174.0000000;295
SPFB.AFLT-3.20;60;20200116;160000;11176.0000000;11229.0000000;11176.0000000;11205.0000000;268
SPFB.AFLT-3.20;60;20200116;170000;11197.0000000;11207.0000000;11163.0000000;11178.0000000;123
SPFB.AFLT-3.20;60;20200116;180000;11170.0000000;11238.0000000;11115.0000000;11220.0000000;427
SPFB.AFLT-3.20;60;20200116;190000;11215.0000000;11215.0000000;11070.0000000;11087.0000000;536
SPFB.AFLT-3.20;60;20200116;200000;11126.0000000;11126.0000000;10980.0000000;11075.0000000;127
SPFB.AFLT-3.20;60;20200116;210000;11075.0000000;11086.0000000;11074.0000000;11086.0000000;17
SPFB.AFLT-3.20;60;20200116;220000;11070.0000000;11070.0000000;11051.0000000;11065.0000000;39
SPFB.AFLT-3.20;60;20200116;230000;11070.0000000;11072.0000000;11060.0000000;11070.0000000;23
SPFB.AFLT-3.20;60;20200117;000000;11072.0000000;11077.0000000;11072.0000000;11077.0000000;5
SPFB.AFLT-3.20;60;20200117;110000;11094.0000000;11213.0000000;11070.0000000;11210.0000000;408
SPFB.AFLT-3.20;60;20200117;120000;11199.0000000;11259.0000000;11189.0000000;11204.0000000;589
SPFB.AFLT-3.20;60;20200117;130000;11204.0000000;11240.0000000;11193.0000000;11200.0000000;317
SPFB.AFLT-3.20;60;20200117;140000;11200.0000000;11200.0000000;11171.0000000;11175.0000000;72
SPFB.AFLT-3.20;60;20200117;150000;11188.0000000;11189.0000000;11155.0000000;11157.0000000;73
SPFB.AFLT-3.20;60;20200117;160000;11156.0000000;11169.0000000;11135.0000000;11158.0000000;147
SPFB.AFLT-3.20;60;20200117;170000;11155.0000000;11183.0000000;11155.0000000;11160.0000000;82
SPFB.AFLT-3.20;60;20200117;180000;11159.0000000;11187.0000000;11157.0000000;11187.0000000;96
SPFB.AFLT-3.20;60;20200117;190000;11189.0000000;11210.0000000;11176.0000000;11176.0000000;221
SPFB.AFLT-3.20;60;20200117;200000;11130.0000000;11160.0000000;11115.0000000;11136.0000000;28
SPFB.AFLT-3.20;60;20200117;210000;11147.0000000;11147.0000000;11147.0000000;11147.0000000;1
SPFB.AFLT-3.20;60;20200117;220000;11159.0000000;11161.0000000;11137.0000000;11137.0000000;15
SPFB.AFLT-3.20;60;20200117;230000;11156.0000000;11159.0000000;11156.0000000;11159.0000000;8
SPFB.AFLT-3.20;60;20200120;110000;11156.0000000;11610.0000000;11156.0000000;11481.0000000;2009
SPFB.AFLT-3.20;60;20200120;120000;11491.0000000;11598.0000000;11483.0000000;11571.0000000;601
SPFB.AFLT-3.20;60;20200120;130000;11560.0000000;11584.0000000;11537.0000000;11558.0000000;208
SPFB.AFLT-3.20;60;20200120;140000;11557.0000000;11573.0000000;11482.0000000;11521.0000000;595
SPFB.AFLT-3.20;60;20200120;150000;11520.0000000;11650.0000000;11520.0000000;11634.0000000;393
SPFB.AFLT-3.20;60;20200120;160000;11618.0000000;11671.0000000;11597.0000000;11665.0000000;324
SPFB.AFLT-3.20;60;20200120;170000;11663.0000000;11667.0000000;11616.0000000;11621.0000000;586
SPFB.AFLT-3.20;60;20200120;180000;11615.0000000;11678.0000000;11573.0000000;11662.0000000;531
SPFB.AFLT-3.20;60;20200120;190000;11659.0000000;11661.0000000;11587.0000000;11605.0000000;891
SPFB.AFLT-3.20;60;20200120;200000;11660.0000000;11660.0000000;11648.0000000;11650.0000000;65
SPFB.AFLT-3.20;60;20200120;210000;11611.0000000;11649.0000000;11611.0000000;11649.0000000;6
SPFB.AFLT-3.20;60;20200120;220000;11647.0000000;11647.0000000;11647.0000000;11647.0000000;3
SPFB.AFLT-3.20;60;20200120;230000;11647.0000000;11648.0000000;11647.0000000;11648.0000000;13
SPFB.AFLT-3.20;60;20200121;000000;11618.0000000;11674.0000000;11617.0000000;11674.0000000;42
SPFB.AFLT-3.20;60;20200121;110000;11633.0000000;11639.0000000;11518.0000000;11546.0000000;617
SPFB.AFLT-3.20;60;20200121;120000;11553.0000000;11579.0000000;11439.0000000;11552.0000000;1183
SPFB.AFLT-3.20;60;20200121;130000;11580.0000000;11590.0000000;11503.0000000;11516.0000000;293
SPFB.AFLT-3.20;60;20200121;140000;11528.0000000;11538.0000000;11505.0000000;11509.0000000;26
SPFB.AFLT-3.20;60;20200121;150000;11496.0000000;11503.0000000;11496.0000000;11500.0000000;33
SPFB.AFLT-3.20;60;20200121;160000;11515.0000000;11517.0000000;11503.0000000;11505.0000000;27
SPFB.AFLT-3.20;60;20200121;170000;11506.0000000;11508.0000000;11444.0000000;11457.0000000;236
SPFB.AFLT-3.20;60;20200121;180000;11455.0000000;11522.0000000;11455.0000000;11504.0000000;161
SPFB.AFLT-3.20;60;20200121;190000;11504.0000000;11527.0000000;11491.0000000;11527.0000000;149
SPFB.AFLT-3.20;60;20200121;200000;11546.0000000;11546.0000000;11530.0000000;11530.0000000;3
SPFB.AFLT-3.20;60;20200121;210000;11530.0000000;11547.0000000;11530.0000000;11547.0000000;7
SPFB.AFLT-3.20;60;20200121;220000;11523.0000000;11523.0000000;11523.0000000;11523.0000000;4
SPFB.AFLT-3.20;60;20200121;230000;11524.0000000;11524.0000000;11520.0000000;11520.0000000;7
SPFB.AFLT-3.20;60;20200122;000000;11515.0000000;11515.0000000;11472.0000000;11477.0000000;66
SPFB.AFLT-3.20;60;20200122;110000;11518.0000000;11633.0000000;11518.0000000;11549.0000000;881
SPFB.AFLT-3.20;60;20200122;120000;11566.0000000;11566.0000000;11360.0000000;11494.0000000;461
SPFB.AFLT-3.20;60;20200122;130000;11477.0000000;11500.0000000;11437.0000000;11500.0000000;228
SPFB.AFLT-3.20;60;20200122;140000;11495.0000000;11519.0000000;11454.0000000;11478.0000000;79
SPFB.AFLT-3.20;60;20200122;150000;11483.0000000;11499.0000000;11453.0000000;11467.0000000;228
SPFB.AFLT-3.20;60;20200122;160000;11470.0000000;11649.0000000;11457.0000000;11614.0000000;755
SPFB.AFLT-3.20;60;20200122;170000;11614.0000000;11636.0000000;11577.0000000;11615.0000000;255
SPFB.AFLT-3.20;60;20200122;180000;11615.0000000;11621.0000000;11575.0000000;11595.0000000;208
SPFB.AFLT-3.20;60;20200122;190000;11567.0000000;11586.0000000;11549.0000000;11573.0000000;134
SPFB.AFLT-3.20;60;20200122;200000;11543.0000000;11596.0000000;11534.0000000;11596.0000000;9
SPFB.AFLT-3.20;60;20200122;210000;11580.0000000;11580.0000000;11540.0000000;11540.0000000;9
SPFB.AFLT-3.20;60;20200122;220000;11592.0000000;11592.0000000;11554.0000000;11557.0000000;22
SPFB.AFLT-3.20;60;20200122;230000;11556.0000000;11589.0000000;11552.0000000;11589.0000000;16
SPFB.AFLT-3.20;60;20200123;000000;11579.0000000;11630.0000000;11579.0000000;11625.0000000;34
SPFB.AFLT-3.20;60;20200123;110000;11538.0000000;11538.0000000;11384.0000000;11487.0000000;447
SPFB.AFLT-3.20;60;20200123;120000;11507.0000000;11707.0000000;11507.0000000;11653.0000000;329
SPFB.AFLT-3.20;60;20200123;130000;11700.0000000;11827.0000000;11679.0000000;11750.0000000;1238
SPFB.AFLT-3.20;60;20200123;140000;11749.0000000;11776.0000000;11659.0000000;11685.0000000;295
SPFB.AFLT-3.20;60;20200123;150000;11682.0000000;11769.0000000;11600.0000000;11743.0000000;1716
SPFB.AFLT-3.20;60;20200123;160000;11747.0000000;11760.0000000;11694.0000000;11695.0000000;247
SPFB.AFLT-3.20;60;20200123;170000;11703.0000000;11760.0000000;11686.0000000;11686.0000000;221
SPFB.AFLT-3.20;60;20200123;180000;11679.0000000;11700.0000000;11564.0000000;11651.0000000;823
SPFB.AFLT-3.20;60;20200123;190000;11652.0000000;11659.0000000;11600.0000000;11655.0000000;126
SPFB.AFLT-3.20;60;20200123;200000;11604.0000000;11654.0000000;11604.0000000;11654.0000000;3
SPFB.AFLT-3.20;60;20200123;210000;11652.0000000;11655.0000000;11650.0000000;11651.0000000;42
SPFB.AFLT-3.20;60;20200123;220000;11651.0000000;11684.0000000;11651.0000000;11683.0000000;12
SPFB.AFLT-3.20;60;20200123;230000;11684.0000000;11713.0000000;11682.0000000;11682.0000000;14
SPFB.AFLT-3.20;60;20200124;000000;11710.0000000;11722.0000000;11704.0000000;11722.0000000;19
SPFB.AFLT-3.20;60;20200124;110000;11701.0000000;11715.0000000;11586.0000000;11657.0000000;966
SPFB.AFLT-3.20;60;20200124;120000;11678.0000000;11680.0000000;11590.0000000;11630.0000000;165
SPFB.AFLT-3.20;60;20200124;130000;11625.0000000;11646.0000000;11608.0000000;11608.0000000;164
SPFB.AFLT-3.20;60;20200124;140000;11613.0000000;11631.0000000;11609.0000000;11631.0000000;93
SPFB.AFLT-3.20;60;20200124;150000;11617.0000000;11655.0000000;11612.0000000;11646.0000000;87
SPFB.AFLT-3.20;60;20200124;160000;11648.0000000;11683.0000000;11633.0000000;11633.0000000;293
SPFB.AFLT-3.20;60;20200124;170000;11651.0000000;11651.0000000;11592.0000000;11594.0000000;95
SPFB.AFLT-3.20;60;20200124;180000;11597.0000000;11653.0000000;11587.0000000;11609.0000000;232
SPFB.AFLT-3.20;60;20200124;190000;11605.0000000;11609.0000000;11567.0000000;11567.0000000;228
SPFB.AFLT-3.20;60;20200124;200000;11563.0000000;11646.0000000;11517.0000000;11553.0000000;66
SPFB.AFLT-3.20;60;20200124;210000;11553.0000000;11568.0000000;11516.0000000;11516.0000000;106
SPFB.AFLT-3.20;60;20200124;220000;11516.0000000;11522.0000000;11501.0000000;11502.0000000;113
SPFB.AFLT-3.20;60;20200124;230000;11500.0000000;11525.0000000;11483.0000000;11525.0000000;69
SPFB.AFLT-3.20;60;20200125;000000;11515.0000000;11541.0000000;11515.0000000;11541.0000000;26
SPFB.AFLT-3.20;60;20200127;110000;11541.0000000;11543.0000000;11021.0000000;11177.0000000;2566
SPFB.AFLT-3.20;60;20200127;120000;11179.0000000;11220.0000000;11170.0000000;11209.0000000;978
SPFB.AFLT-3.20;60;20200127;130000;11199.0000000;11199.0000000;10956.0000000;10971.0000000;2666
SPFB.AFLT-3.20;60;20200127;140000;10970.0000000;11055.0000000;10936.0000000;11004.0000000;1695
SPFB.AFLT-3.20;60;20200127;150000;11020.0000000;11065.0000000;10991.0000000;11012.0000000;799
SPFB.AFLT-3.20;60;20200127;160000;11013.0000000;11074.0000000;11011.0000000;11061.0000000;374
SPFB.AFLT-3.20;60;20200127;170000;11061.0000000;11068.0000000;11031.0000000;11055.0000000;659
SPFB.AFLT-3.20;60;20200127;180000;11053.0000000;11055.0000000;10901.0000000;11014.0000000;3175
SPFB.AFLT-3.20;60;20200127;190000;11018.0000000;11165.0000000;11011.0000000;11125.0000000;1315
SPFB.AFLT-3.20;60;20200127;200000;11126.0000000;11689.0000000;11060.0000000;11275.0000000;1652
SPFB.AFLT-3.20;60;20200127;210000;11275.0000000;11294.0000000;11221.0000000;11286.0000000;181
SPFB.AFLT-3.20;60;20200127;220000;11240.0000000;11274.0000000;11222.0000000;11227.0000000;44
SPFB.AFLT-3.20;60;20200127;230000;11227.0000000;11227.0000000;11157.0000000;11200.0000000;94
SPFB.AFLT-3.20;60;20200128;000000;11171.0000000;11214.0000000;11161.0000000;11161.0000000;50
SPFB.AFLT-3.20;60;20200128;110000;11166.0000000;11166.0000000;11000.0000000;11032.0000000;1794
SPFB.AFLT-3.20;60;20200128;120000;11028.0000000;11055.0000000;10957.0000000;10960.0000000;872
SPFB.AFLT-3.20;60;20200128;130000;10962.0000000;10962.0000000;10810.0000000;10876.0000000;2455
SPFB.AFLT-3.20;60;20200128;140000;10881.0000000;10945.0000000;10869.0000000;10910.0000000;623
SPFB.AFLT-3.20;60;20200128;150000;10904.0000000;10915.0000000;10878.0000000;10915.0000000;334
SPFB.AFLT-3.20;60;20200128;160000;10913.0000000;11070.0000000;10887.0000000;10991.0000000;2933
SPFB.AFLT-3.20;60;20200128;170000;10989.0000000;11016.0000000;10953.0000000;10960.0000000;1483
SPFB.AFLT-3.20;60;20200128;180000;10962.0000000;11000.0000000;10925.0000000;10961.0000000;353
SPFB.AFLT-3.20;60;20200128;190000;10976.0000000;10994.0000000;10929.0000000;10966.0000000;223
SPFB.AFLT-3.20;60;20200128;200000;10970.0000000;11087.0000000;10970.0000000;11020.0000000;89
SPFB.AFLT-3.20;60;20200128;210000;11024.0000000;11048.0000000;11024.0000000;11040.0000000;45
SPFB.AFLT-3.20;60;20200128;220000;11047.0000000;11049.0000000;11037.0000000;11042.0000000;117
SPFB.AFLT-3.20;60;20200128;230000;11036.0000000;11036.0000000;11015.0000000;11015.0000000;33
SPFB.AFLT-3.20;60;20200129;000000;11022.0000000;11042.0000000;11022.0000000;11042.0000000;21
SPFB.AFLT-3.20;60;20200129;110000;11023.0000000;11058.0000000;10984.0000000;10985.0000000;1104
SPFB.AFLT-3.20;60;20200129;120000;10985.0000000;11043.0000000;10965.0000000;11012.0000000;696
SPFB.AFLT-3.20;60;20200129;130000;10999.0000000;11020.0000000;10976.0000000;10996.0000000;582
SPFB.AFLT-3.20;60;20200129;140000;10996.0000000;10999.0000000;10876.0000000;10912.0000000;683
SPFB.AFLT-3.20;60;20200129;150000;10921.0000000;10967.0000000;10899.0000000;10967.0000000;2062
SPFB.AFLT-3.20;60;20200129;160000;10972.0000000;11010.0000000;10948.0000000;10968.0000000;717
SPFB.AFLT-3.20;60;20200129;170000;10965.0000000;10990.0000000;10911.0000000;10925.0000000;385
SPFB.AFLT-3.20;60;20200129;180000;10917.0000000;11003.0000000;10859.0000000;10904.0000000;987
SPFB.AFLT-3.20;60;20200129;190000;10898.0000000;10934.0000000;10885.0000000;10918.0000000;519
SPFB.AFLT-3.20;60;20200129;200000;10951.0000000;10967.0000000;10913.0000000;10965.0000000;7
SPFB.AFLT-3.20;60;20200129;210000;10950.0000000;10959.0000000;10913.0000000;10914.0000000;41
SPFB.AFLT-3.20;60;20200129;220000;10890.0000000;10939.0000000;10887.0000000;10910.0000000;57
SPFB.AFLT-3.20;60;20200129;230000;10905.0000000;10940.0000000;10863.0000000;10910.0000000;158
SPFB.AFLT-3.20;60;20200130;000000;10890.0000000;10892.0000000;10890.0000000;10892.0000000;2
SPFB.AFLT-3.20;60;20200130;110000;10890.0000000;10890.0000000;10427.0000000;10790.0000000;2444
SPFB.AFLT-3.20;60;20200130;120000;10795.0000000;10911.0000000;10781.0000000;10834.0000000;952
SPFB.AFLT-3.20;60;20200130;130000;10837.0000000;10879.0000000;10813.0000000;10818.0000000;309
SPFB.AFLT-3.20;60;20200130;140000;10822.0000000;10943.0000000;10801.0000000;10943.0000000;483
SPFB.AFLT-3.20;60;20200130;150000;10937.0000000;10987.0000000;10894.0000000;10956.0000000;1036
SPFB.AFLT-3.20;60;20200130;160000;10957.0000000;10957.0000000;10855.0000000;10877.0000000;1085
SPFB.AFLT-3.20;60;20200130;170000;10873.0000000;10961.0000000;10873.0000000;10961.0000000;693
SPFB.AFLT-3.20;60;20200130;180000;10942.0000000;11022.0000000;10907.0000000;10926.0000000;744
SPFB.AFLT-3.20;60;20200130;190000;10926.0000000;10969.0000000;10867.0000000;10886.0000000;281
SPFB.AFLT-3.20;60;20200130;200000;10855.0000000;10926.0000000;10854.0000000;10901.0000000;27
SPFB.AFLT-3.20;60;20200130;210000;10901.0000000;10901.0000000;10852.0000000;10878.0000000;56
SPFB.AFLT-3.20;60;20200130;220000;10870.0000000;10870.0000000;10850.0000000;10850.0000000;24
SPFB.AFLT-3.20;60;20200130;230000;10879.0000000;10908.0000000;10866.0000000;10908.0000000;4
SPFB.AFLT-3.20;60;20200131;000000;10909.0000000;10942.0000000;10865.0000000;10865.0000000;136
SPFB.AFLT-3.20;60;20200131;110000;10944.0000000;10960.0000000;10903.0000000;10920.0000000;1030
SPFB.AFLT-3.20;60;20200131;120000;10937.0000000;10947.0000000;10928.0000000;10940.0000000;71
SPFB.AFLT-3.20;60;20200131;130000;10941.0000000;10941.0000000;10900.0000000;10902.0000000;184
SPFB.AFLT-3.20;60;20200131;140000;10900.0000000;10910.0000000;10805.0000000;10830.0000000;559
SPFB.AFLT-3.20;60;20200131;150000;10837.0000000;10857.0000000;10787.0000000;10834.0000000;1372
SPFB.AFLT-3.20;60;20200131;160000;10834.0000000;10855.0000000;10826.0000000;10849.0000000;499
SPFB.AFLT-3.20;60;20200131;170000;10851.0000000;10913.0000000;10851.0000000;10864.0000000;766
SPFB.AFLT-3.20;60;20200131;180000;10840.0000000;10882.0000000;10808.0000000;10871.0000000;881
SPFB.AFLT-3.20;60;20200131;190000;10858.0000000;10865.0000000;10812.0000000;10849.0000000;436
SPFB.AFLT-3.20;60;20200131;200000;10812.0000000;10872.0000000;10801.0000000;10860.0000000;82
SPFB.AFLT-3.20;60;20200131;210000;10810.0000000;10850.0000000;10803.0000000;10804.0000000;63
SPFB.AFLT-3.20;60;20200131;220000;10805.0000000;10815.0000000;10804.0000000;10815.0000000;118
SPFB.AFLT-3.20;60;20200131;230000;10815.0000000;10815.0000000;10805.0000000;10815.0000000;47
SPFB.AFLT-3.20;60;20200201;000000;10810.0000000;10810.0000000;10810.0000000;10810.0000000;2
SPFB.AFLT-3.20;60;20200203;110000;10805.0000000;11002.0000000;10738.0000000;10910.0000000;2428
SPFB.AFLT-3.20;60;20200203;120000;10915.0000000;10940.0000000;10824.0000000;10907.0000000;655
SPFB.AFLT-3.20;60;20200203;130000;10891.0000000;10926.0000000;10888.0000000;10913.0000000;124
SPFB.AFLT-3.20;60;20200203;140000;10922.0000000;10965.0000000;10917.0000000;10965.0000000;198
SPFB.AFLT-3.20;60;20200203;150000;10958.0000000;11027.0000000;10958.0000000;10990.0000000;813
SPFB.AFLT-3.20;60;20200203;160000;10996.0000000;11000.0000000;10926.0000000;10964.0000000;170
SPFB.AFLT-3.20;60;20200203;170000;10974.0000000;10981.0000000;10908.0000000;10926.0000000;201
SPFB.AFLT-3.20;60;20200203;180000;10910.0000000;10957.0000000;10910.0000000;10957.0000000;72
SPFB.AFLT-3.20;60;20200203;190000;10966.0000000;11090.0000000;10949.0000000;11060.0000000;1880
SPFB.AFLT-3.20;60;20200203;200000;11092.0000000;11197.0000000;11035.0000000;11100.0000000;679
SPFB.AFLT-3.20;60;20200203;210000;11130.0000000;11144.0000000;11106.0000000;11123.0000000;80
SPFB.AFLT-3.20;60;20200203;220000;11123.0000000;11140.0000000;11100.0000000;11139.0000000;114
SPFB.AFLT-3.20;60;20200203;230000;11115.0000000;11136.0000000;11000.0000000;11083.0000000;301
SPFB.AFLT-3.20;60;20200204;000000;11083.0000000;11143.0000000;11057.0000000;11143.0000000;75
SPFB.AFLT-3.20;60;20200204;110000;11117.0000000;11200.0000000;11085.0000000;11107.0000000;1122
SPFB.AFLT-3.20;60;20200204;120000;11101.0000000;11159.0000000;11061.0000000;11108.0000000;1039
SPFB.AFLT-3.20;60;20200204;130000;11112.0000000;11307.0000000;11112.0000000;11283.0000000;1220
SPFB.AFLT-3.20;60;20200204;140000;11288.0000000;11411.0000000;11247.0000000;11348.0000000;2220
SPFB.AFLT-3.20;60;20200204;150000;11320.0000000;11377.0000000;11301.0000000;11363.0000000;1321
SPFB.AFLT-3.20;60;20200204;160000;11367.0000000;11372.0000000;11301.0000000;11330.0000000;629
SPFB.AFLT-3.20;60;20200204;170000;11318.0000000;11350.0000000;11278.0000000;11329.0000000;490
SPFB.AFLT-3.20;60;20200204;180000;11339.0000000;11343.0000000;11257.0000000;11271.0000000;821
SPFB.AFLT-3.20;60;20200204;190000;11277.0000000;11281.0000000;11251.0000000;11277.0000000;205
SPFB.AFLT-3.20;60;20200204;200000;11328.0000000;11328.0000000;11256.0000000;11309.0000000;98
SPFB.AFLT-3.20;60;20200204;210000;11318.0000000;11324.0000000;11306.0000000;11306.0000000;17
SPFB.AFLT-3.20;60;20200204;220000;11304.0000000;11307.0000000;11300.0000000;11300.0000000;33
SPFB.AFLT-3.20;60;20200204;230000;11310.0000000;11310.0000000;11300.0000000;11301.0000000;39
SPFB.AFLT-3.20;60;20200205;000000;11307.0000000;11310.0000000;11301.0000000;11310.0000000;24
SPFB.AFLT-3.20;60;20200205;110000;11316.0000000;11537.0000000;11310.0000000;11510.0000000;3673
SPFB.AFLT-3.20;60;20200205;120000;11511.0000000;11733.0000000;11480.0000000;11710.0000000;4519
SPFB.AFLT-3.20;60;20200205;130000;11727.0000000;11900.0000000;11694.0000000;11814.0000000;3712
SPFB.AFLT-3.20;60;20200205;140000;11819.0000000;11819.0000000;11730.0000000;11790.0000000;885
SPFB.AFLT-3.20;60;20200205;150000;11805.0000000;11835.0000000;11736.0000000;11767.0000000;1299
SPFB.AFLT-3.20;60;20200205;160000;11762.0000000;11790.0000000;11725.0000000;11728.0000000;687
SPFB.AFLT-3.20;60;20200205;170000;11704.0000000;11773.0000000;11695.0000000;11771.0000000;936
SPFB.AFLT-3.20;60;20200205;180000;11771.0000000;11800.0000000;11723.0000000;11800.0000000;604
SPFB.AFLT-3.20;60;20200205;190000;11790.0000000;11890.0000000;11768.0000000;11825.0000000;3868
SPFB.AFLT-3.20;60;20200205;200000;11816.0000000;11899.0000000;11777.0000000;11859.0000000;273
SPFB.AFLT-3.20;60;20200205;210000;11859.0000000;11860.0000000;11828.0000000;11860.0000000;76
SPFB.AFLT-3.20;60;20200205;220000;11849.0000000;11855.0000000;11830.0000000;11830.0000000;98
SPFB.AFLT-3.20;60;20200205;230000;11837.0000000;11886.0000000;11832.0000000;11886.0000000;129
SPFB.AFLT-3.20;60;20200206;000000;11887.0000000;11984.0000000;11887.0000000;11949.0000000;687
SPFB.AFLT-3.20;60;20200206;110000;11920.0000000;12152.0000000;11883.0000000;11889.0000000;3351
SPFB.AFLT-3.20;60;20200206;120000;11899.0000000;12000.0000000;11853.0000000;11951.0000000;1821
SPFB.AFLT-3.20;60;20200206;130000;11955.0000000;12068.0000000;11949.0000000;11987.0000000;1598
SPFB.AFLT-3.20;60;20200206;140000;11993.0000000;12011.0000000;11933.0000000;11933.0000000;498
SPFB.AFLT-3.20;60;20200206;150000;11931.0000000;11944.0000000;11832.0000000;11900.0000000;1547
SPFB.AFLT-3.20;60;20200206;160000;11892.0000000;12011.0000000;11871.0000000;11994.0000000;738
SPFB.AFLT-3.20;60;20200206;170000;11986.0000000;12000.0000000;11947.0000000;11958.0000000;849
SPFB.AFLT-3.20;60;20200206;180000;11950.0000000;11983.0000000;11890.0000000;11976.0000000;622
SPFB.AFLT-3.20;60;20200206;190000;11976.0000000;11976.0000000;11923.0000000;11939.0000000;664
SPFB.AFLT-3.20;60;20200206;200000;11927.0000000;12048.0000000;11922.0000000;11980.0000000;257
SPFB.AFLT-3.20;60;20200206;210000;11938.0000000;11976.0000000;11937.0000000;11942.0000000;52
SPFB.AFLT-3.20;60;20200206;220000;11962.0000000;11962.0000000;11925.0000000;11925.0000000;51
SPFB.AFLT-3.20;60;20200206;230000;11943.0000000;11975.0000000;11943.0000000;11947.0000000;71
SPFB.AFLT-3.20;60;20200207;000000;11959.0000000;11960.0000000;11937.0000000;11950.0000000;35
SPFB.AFLT-3.20;60;20200207;110000;11975.0000000;12027.0000000;11779.0000000;11865.0000000;2040
SPFB.AFLT-3.20;60;20200207;120000;11829.0000000;11935.0000000;11744.0000000;11886.0000000;1896
SPFB.AFLT-3.20;60;20200207;130000;11895.0000000;11923.0000000;11853.0000000;11913.0000000;712
SPFB.AFLT-3.20;60;20200207;140000;11920.0000000;11966.0000000;11752.0000000;11895.0000000;3756
SPFB.AFLT-3.20;60;20200207;150000;11899.0000000;12023.0000000;11899.0000000;12002.0000000;960
SPFB.AFLT-3.20;60;20200207;160000;12002.0000000;12015.0000000;11928.0000000;11941.0000000;225
SPFB.AFLT-3.20;60;20200207;170000;11986.0000000;12005.0000000;11943.0000000;11989.0000000;357
SPFB.AFLT-3.20;60;20200207;180000;11973.0000000;12002.0000000;11948.0000000;11985.0000000;895
SPFB.AFLT-3.20;60;20200207;190000;11979.0000000;12050.0000000;11972.0000000;12047.0000000;548
SPFB.AFLT-3.20;60;20200207;200000;12052.0000000;12088.0000000;11920.0000000;12007.0000000;230
SPFB.AFLT-3.20;60;20200207;210000;12005.0000000;12005.0000000;11961.0000000;11999.0000000;90
SPFB.AFLT-3.20;60;20200207;220000;11999.0000000;11999.0000000;11978.0000000;11997.0000000;16
SPFB.AFLT-3.20;60;20200207;230000;11985.0000000;11999.0000000;11981.0000000;11998.0000000;32
SPFB.AFLT-3.20;60;20200208;000000;11998.0000000;12000.0000000;11991.0000000;11991.0000000;17
SPFB.AFLT-3.20;60;20200210;110000;12013.0000000;12193.0000000;12013.0000000;12107.0000000;2074
SPFB.AFLT-3.20;60;20200210;120000;12120.0000000;12168.0000000;12109.0000000;12134.0000000;921
SPFB.AFLT-3.20;60;20200210;130000;12117.0000000;12117.0000000;11920.0000000;11971.0000000;2035
SPFB.AFLT-3.20;60;20200210;140000;11978.0000000;11983.0000000;11855.0000000;11943.0000000;1835
SPFB.AFLT-3.20;60;20200210;150000;11956.0000000;11978.0000000;11918.0000000;11940.0000000;172
SPFB.AFLT-3.20;60;20200210;160000;11948.0000000;11950.0000000;11914.0000000;11916.0000000;326
SPFB.AFLT-3.20;60;20200210;170000;11912.0000000;11912.0000000;11800.0000000;11872.0000000;1356
SPFB.AFLT-3.20;60;20200210;180000;11874.0000000;11902.0000000;11817.0000000;11893.0000000;398
SPFB.AFLT-3.20;60;20200210;190000;11908.0000000;11959.0000000;11890.0000000;11922.0000000;606
SPFB.AFLT-3.20;60;20200210;200000;11949.0000000;11949.0000000;11887.0000000;11887.0000000;10
SPFB.AFLT-3.20;60;20200210;210000;11884.0000000;11925.0000000;11883.0000000;11883.0000000;7
SPFB.AFLT-3.20;60;20200210;220000;11890.0000000;11906.0000000;11880.0000000;11906.0000000;3
SPFB.AFLT-3.20;60;20200210;230000;11900.0000000;11900.0000000;11900.0000000;11900.0000000;1
SPFB.AFLT-3.20;60;20200211;000000;11905.0000000;11906.0000000;11900.0000000;11900.0000000;5
SPFB.AFLT-3.20;60;20200211;110000;11898.0000000;12019.0000000;11800.0000000;11800.0000000;1308
SPFB.AFLT-3.20;60;20200211;120000;11800.0000000;11815.0000000;11709.0000000;11710.0000000;931
SPFB.AFLT-3.20;60;20200211;130000;11717.0000000;11845.0000000;11681.0000000;11823.0000000;1276
SPFB.AFLT-3.20;60;20200211;140000;11794.0000000;11830.0000000;11776.0000000;11828.0000000;240
SPFB.AFLT-3.20;60;20200211;150000;11800.0000000;11814.0000000;11745.0000000;11766.0000000;280
SPFB.AFLT-3.20;60;20200211;160000;11787.0000000;11842.0000000;11761.0000000;11834.0000000;142
SPFB.AFLT-3.20;60;20200211;170000;11842.0000000;11842.0000000;11793.0000000;11793.0000000;103
SPFB.AFLT-3.20;60;20200211;180000;11798.0000000;11827.0000000;11745.0000000;11805.0000000;486
SPFB.AFLT-3.20;60;20200211;190000;11831.0000000;11884.0000000;11791.0000000;11835.0000000;166
SPFB.AFLT-3.20;60;20200211;200000;11825.0000000;11825.0000000;11788.0000000;11788.0000000;6
SPFB.AFLT-3.20;60;20200211;220000;11792.0000000;11809.0000000;11792.0000000;11799.0000000;8
SPFB.AFLT-3.20;60;20200211;230000;11800.0000000;11839.0000000;11800.0000000;11800.0000000;8
SPFB.AFLT-3.20;60;20200212;000000;11792.0000000;11846.0000000;11792.0000000;11820.0000000;33
SPFB.AFLT-3.20;60;20200212;110000;11845.0000000;11883.0000000;11773.0000000;11831.0000000;539
SPFB.AFLT-3.20;60;20200212;120000;11838.0000000;12009.0000000;11838.0000000;12009.0000000;969
SPFB.AFLT-3.20;60;20200212;130000;12010.0000000;12053.0000000;11977.0000000;12000.0000000;484
SPFB.AFLT-3.20;60;20200212;140000;11997.0000000;11999.0000000;11968.0000000;11982.0000000;273
SPFB.AFLT-3.20;60;20200212;150000;11977.0000000;11995.0000000;11969.0000000;11978.0000000;75
SPFB.AFLT-3.20;60;20200212;160000;11972.0000000;11990.0000000;11954.0000000;11990.0000000;57
SPFB.AFLT-3.20;60;20200212;170000;11981.0000000;12000.0000000;11954.0000000;11980.0000000;263
SPFB.AFLT-3.20;60;20200212;180000;11966.0000000;12015.0000000;11961.0000000;11997.0000000;114
SPFB.AFLT-3.20;60;20200212;190000;11986.0000000;12041.0000000;11977.0000000;12005.0000000;279
SPFB.AFLT-3.20;60;20200212;200000;12005.0000000;12072.0000000;12000.0000000;12054.0000000;82
SPFB.AFLT-3.20;60;20200212;210000;12055.0000000;12058.0000000;12051.0000000;12058.0000000;7
SPFB.AFLT-3.20;60;20200212;220000;12059.0000000;12068.0000000;12045.0000000;12045.0000000;15
SPFB.AFLT-3.20;60;20200212;230000;12045.0000000;12066.0000000;12032.0000000;12066.0000000;36
SPFB.AFLT-3.20;60;20200213;000000;12050.0000000;12090.0000000;12031.0000000;12090.0000000;23
SPFB.AFLT-3.20;60;20200213;110000;12029.0000000;12029.0000000;11915.0000000;11959.0000000;906
SPFB.AFLT-3.20;60;20200213;120000;11951.0000000;12109.0000000;11942.0000000;12075.0000000;1025
SPFB.AFLT-3.20;60;20200213;130000;12089.0000000;12110.0000000;11985.0000000;11989.0000000;466
SPFB.AFLT-3.20;60;20200213;140000;11987.0000000;12230.0000000;11983.0000000;12165.0000000;2449
SPFB.AFLT-3.20;60;20200213;150000;12161.0000000;12193.0000000;12121.0000000;12144.0000000;524
SPFB.AFLT-3.20;60;20200213;160000;12135.0000000;12172.0000000;12104.0000000;12105.0000000;527
SPFB.AFLT-3.20;60;20200213;170000;12105.0000000;12105.0000000;12030.0000000;12030.0000000;639
SPFB.AFLT-3.20;60;20200213;180000;12038.0000000;12042.0000000;11973.0000000;11992.0000000;242
SPFB.AFLT-3.20;60;20200213;190000;11986.0000000;12020.0000000;11955.0000000;12015.0000000;327
SPFB.AFLT-3.20;60;20200213;210000;12006.0000000;12011.0000000;12006.0000000;12010.0000000;5
SPFB.AFLT-3.20;60;20200213;220000;12039.0000000;12048.0000000;12007.0000000;12007.0000000;8
SPFB.AFLT-3.20;60;20200214;000000;12015.0000000;12064.0000000;12005.0000000;12005.0000000;42
SPFB.AFLT-3.20;60;20200214;110000;12016.0000000;12054.0000000;12007.0000000;12027.0000000;255
SPFB.AFLT-3.20;60;20200214;120000;12023.0000000;12023.0000000;11920.0000000;11965.0000000;661
SPFB.AFLT-3.20;60;20200214;130000;11950.0000000;11950.0000000;11881.0000000;11905.0000000;812
SPFB.AFLT-3.20;60;20200214;140000;11898.0000000;11966.0000000;11898.0000000;11953.0000000;502
SPFB.AFLT-3.20;60;20200214;150000;11949.0000000;12020.0000000;11886.0000000;11998.0000000;252
SPFB.AFLT-3.20;60;20200214;160000;12000.0000000;12021.0000000;11997.0000000;12004.0000000;36
SPFB.AFLT-3.20;60;20200214;170000;11999.0000000;12001.0000000;11959.0000000;11975.0000000;36
SPFB.AFLT-3.20;60;20200214;180000;11984.0000000;11987.0000000;11960.0000000;11961.0000000;170
SPFB.AFLT-3.20;60;20200214;190000;11966.0000000;12050.0000000;11949.0000000;12021.0000000;293
SPFB.AFLT-3.20;60;20200214;200000;12007.0000000;12007.0000000;11995.0000000;12006.0000000;6
SPFB.AFLT-3.20;60;20200214;210000;11982.0000000;11982.0000000;11981.0000000;11981.0000000;6
SPFB.AFLT-3.20;60;20200214;220000;12003.0000000;12047.0000000;12003.0000000;12047.0000000;5
SPFB.AFLT-3.20;60;20200214;230000;12000.0000000;12060.0000000;12000.0000000;12060.0000000;116
SPFB.AFLT-3.20;60;20200215;000000;12059.0000000;12059.0000000;12032.0000000;12035.0000000;26
SPFB.AFLT-3.20;60;20200217;110000;12059.0000000;12099.0000000;12037.0000000;12057.0000000;290
SPFB.AFLT-3.20;60;20200217;120000;12061.0000000;12067.0000000;12013.0000000;12019.0000000;71
SPFB.AFLT-3.20;60;20200217;130000;12022.0000000;12055.0000000;12005.0000000;12055.0000000;356
SPFB.AFLT-3.20;60;20200217;140000;12047.0000000;12067.0000000;12047.0000000;12055.0000000;111
SPFB.AFLT-3.20;60;20200217;150000;12063.0000000;12066.0000000;12046.0000000;12065.0000000;53
SPFB.AFLT-3.20;60;20200217;160000;12049.0000000;12055.0000000;12045.0000000;12045.0000000;47
SPFB.AFLT-3.20;60;20200217;170000;12045.0000000;12075.0000000;12020.0000000;12060.0000000;416
SPFB.AFLT-3.20;60;20200217;180000;12049.0000000;12081.0000000;12049.0000000;12076.0000000;45
SPFB.AFLT-3.20;60;20200217;190000;12084.0000000;12091.0000000;12052.0000000;12073.0000000;151
SPFB.AFLT-3.20;60;20200217;200000;12087.0000000;12087.0000000;12043.0000000;12070.0000000;31
SPFB.AFLT-3.20;60;20200217;210000;12076.0000000;12134.0000000;12044.0000000;12131.0000000;34
SPFB.AFLT-3.20;60;20200217;220000;12129.0000000;12129.0000000;12079.0000000;12103.0000000;7
SPFB.AFLT-3.20;60;20200217;230000;12103.0000000;12103.0000000;12070.0000000;12071.0000000;38
SPFB.AFLT-3.20;60;20200218;000000;12065.0000000;12065.0000000;12035.0000000;12035.0000000;31
SPFB.AFLT-3.20;60;20200218;110000;12026.0000000;12029.0000000;11929.0000000;11956.0000000;698
SPFB.AFLT-3.20;60;20200218;120000;11952.0000000;11971.0000000;11911.0000000;11915.0000000;241
SPFB.AFLT-3.20;60;20200218;130000;11911.0000000;11919.0000000;11752.0000000;11760.0000000;750
SPFB.AFLT-3.20;60;20200218;140000;11801.0000000;11850.0000000;11752.0000000;11811.0000000;746
SPFB.AFLT-3.20;60;20200218;150000;11803.0000000;11849.0000000;11803.0000000;11803.0000000;406
SPFB.AFLT-3.20;60;20200218;160000;11810.0000000;11815.0000000;11750.0000000;11769.0000000;611
SPFB.AFLT-3.20;60;20200218;170000;11760.0000000;11779.0000000;11715.0000000;11746.0000000;807
SPFB.AFLT-3.20;60;20200218;180000;11740.0000000;11823.0000000;11740.0000000;11823.0000000;373
SPFB.AFLT-3.20;60;20200218;190000;11817.0000000;11864.0000000;11806.0000000;11864.0000000;260
SPFB.AFLT-3.20;60;20200218;200000;11805.0000000;11824.0000000;11805.0000000;11823.0000000;36
SPFB.AFLT-3.20;60;20200218;210000;11823.0000000;11823.0000000;11822.0000000;11822.0000000;50
SPFB.AFLT-3.20;60;20200218;220000;11822.0000000;11845.0000000;11822.0000000;11843.0000000;24
SPFB.AFLT-3.20;60;20200218;230000;11861.0000000;11864.0000000;11824.0000000;11863.0000000;27
SPFB.AFLT-3.20;60;20200219;110000;11810.0000000;11899.0000000;11805.0000000;11859.0000000;705
SPFB.AFLT-3.20;60;20200219;120000;11874.0000000;11892.0000000;11814.0000000;11815.0000000;221
SPFB.AFLT-3.20;60;20200219;130000;11831.0000000;11841.0000000;11806.0000000;11824.0000000;40
SPFB.AFLT-3.20;60;20200219;140000;11830.0000000;11847.0000000;11740.0000000;11752.0000000;589
SPFB.AFLT-3.20;60;20200219;150000;11758.0000000;11789.0000000;11740.0000000;11755.0000000;485
SPFB.AFLT-3.20;60;20200219;160000;11761.0000000;11776.0000000;11749.0000000;11765.0000000;108
SPFB.AFLT-3.20;60;20200219;170000;11762.0000000;11980.0000000;11762.0000000;11858.0000000;5691
SPFB.AFLT-3.20;60;20200219;180000;11863.0000000;11887.0000000;11821.0000000;11826.0000000;143
SPFB.AFLT-3.20;60;20200219;190000;11830.0000000;11843.0000000;11797.0000000;11809.0000000;236
SPFB.AFLT-3.20;60;20200219;200000;11801.0000000;11817.0000000;11801.0000000;11817.0000000;3
SPFB.AFLT-3.20;60;20200219;210000;11840.0000000;11847.0000000;11823.0000000;11847.0000000;11
SPFB.AFLT-3.20;60;20200219;220000;11820.0000000;11820.0000000;11820.0000000;11820.0000000;1
SPFB.AFLT-3.20;60;20200219;230000;11817.0000000;11839.0000000;11817.0000000;11839.0000000;6
SPFB.AFLT-3.20;60;20200220;000000;11839.0000000;11839.0000000;11839.0000000;11839.0000000;5
SPFB.AFLT-3.20;60;20200220;110000;11852.0000000;11883.0000000;11804.0000000;11838.0000000;308
SPFB.AFLT-3.20;60;20200220;120000;11873.0000000;11873.0000000;11810.0000000;11840.0000000;32
SPFB.AFLT-3.20;60;20200220;130000;11829.0000000;11829.0000000;11757.0000000;11772.0000000;318
SPFB.AFLT-3.20;60;20200220;140000;11754.0000000;11764.0000000;11597.0000000;11672.0000000;1559
SPFB.AFLT-3.20;60;20200220;150000;11682.0000000;11691.0000000;11657.0000000;11672.0000000;161
SPFB.AFLT-3.20;60;20200220;160000;11684.0000000;11709.0000000;11666.0000000;11682.0000000;210
SPFB.AFLT-3.20;60;20200220;170000;11672.0000000;11677.0000000;11630.0000000;11644.0000000;289
SPFB.AFLT-3.20;60;20200220;180000;11650.0000000;11665.0000000;11631.0000000;11645.0000000;303
SPFB.AFLT-3.20;60;20200220;190000;11641.0000000;11685.0000000;11637.0000000;11683.0000000;423
SPFB.AFLT-3.20;60;20200220;200000;11696.0000000;11697.0000000;11631.0000000;11631.0000000;65
SPFB.AFLT-3.20;60;20200220;210000;11631.0000000;11658.0000000;11606.0000000;11650.0000000;31
SPFB.AFLT-3.20;60;20200220;220000;11620.0000000;11653.0000000;11620.0000000;11653.0000000;4
SPFB.AFLT-3.20;60;20200220;230000;11652.0000000;11652.0000000;11652.0000000;11652.0000000;2
SPFB.AFLT-3.20;60;20200221;000000;11653.0000000;11653.0000000;11610.0000000;11610.0000000;35
SPFB.AFLT-3.20;60;20200221;110000;11607.0000000;11607.0000000;11505.0000000;11534.0000000;939
SPFB.AFLT-3.20;60;20200221;120000;11527.0000000;11620.0000000;11480.0000000;11615.0000000;580
SPFB.AFLT-3.20;60;20200221;130000;11601.0000000;11615.0000000;11551.0000000;11555.0000000;171
SPFB.AFLT-3.20;60;20200221;140000;11550.0000000;11553.0000000;11525.0000000;11553.0000000;63
SPFB.AFLT-3.20;60;20200221;150000;11547.0000000;11606.0000000;11547.0000000;11606.0000000;45
SPFB.AFLT-3.20;60;20200221;160000;11590.0000000;11635.0000000;11590.0000000;11615.0000000;342
SPFB.AFLT-3.20;60;20200221;170000;11599.0000000;11660.0000000;11599.0000000;11650.0000000;118
SPFB.AFLT-3.20;60;20200221;180000;11660.0000000;11663.0000000;11597.0000000;11598.0000000;78
SPFB.AFLT-3.20;60;20200221;190000;11604.0000000;11690.0000000;11598.0000000;11668.0000000;214
SPFB.AFLT-3.20;60;20200221;200000;11678.0000000;11690.0000000;11629.0000000;11650.0000000;54
SPFB.AFLT-3.20;60;20200221;210000;11691.0000000;11691.0000000;11660.0000000;11660.0000000;11
SPFB.AFLT-3.20;60;20200221;220000;11659.0000000;11659.0000000;11659.0000000;11659.0000000;2
SPFB.AFLT-3.20;60;20200221;230000;11651.0000000;11651.0000000;11651.0000000;11651.0000000;2
SPFB.AFLT-3.20;60;20200222;000000;11657.0000000;11660.0000000;11657.0000000;11660.0000000;7
SPFB.AFLT-3.20;60;20200225;110000;11651.0000000;11651.0000000;11240.0000000;11279.0000000;2953
SPFB.AFLT-3.20;60;20200225;120000;11280.0000000;11390.0000000;11202.0000000;11347.0000000;1430
SPFB.AFLT-3.20;60;20200225;130000;11351.0000000;11351.0000000;11264.0000000;11271.0000000;336
SPFB.AFLT-3.20;60;20200225;140000;11277.0000000;11286.0000000;11092.0000000;11129.0000000;1179
SPFB.AFLT-3.20;60;20200225;150000;11135.0000000;11144.0000000;11036.0000000;11090.0000000;1056
SPFB.AFLT-3.20;60;20200225;160000;11105.0000000;11110.0000000;11020.0000000;11104.0000000;550
SPFB.AFLT-3.20;60;20200225;170000;11105.0000000;11151.0000000;11061.0000000;11061.0000000;431
SPFB.AFLT-3.20;60;20200225;180000;11075.0000000;11352.0000000;11016.0000000;11101.0000000;3262
SPFB.AFLT-3.20;60;20200225;190000;11099.0000000;11120.0000000;11002.0000000;11119.0000000;481
SPFB.AFLT-3.20;60;20200225;200000;11110.0000000;11110.0000000;10971.0000000;11050.0000000;173
SPFB.AFLT-3.20;60;20200225;210000;11013.0000000;11046.0000000;11000.0000000;11000.0000000;71
SPFB.AFLT-3.20;60;20200225;220000;11000.0000000;11034.0000000;10940.0000000;11028.0000000;104
SPFB.AFLT-3.20;60;20200225;230000;10965.0000000;10980.0000000;10868.0000000;10973.0000000;174
SPFB.AFLT-3.20;60;20200226;000000;10977.0000000;11018.0000000;10887.0000000;10970.0000000;95
SPFB.AFLT-3.20;60;20200226;110000;10921.0000000;10922.0000000;10509.0000000;10667.0000000;4192
SPFB.AFLT-3.20;60;20200226;120000;10641.0000000;10770.0000000;10601.0000000;10636.0000000;1249
SPFB.AFLT-3.20;60;20200226;130000;10630.0000000;10649.0000000;10552.0000000;10604.0000000;718
SPFB.AFLT-3.20;60;20200226;140000;10616.0000000;10627.0000000;10556.0000000;10563.0000000;549
SPFB.AFLT-3.20;60;20200226;150000;10564.0000000;10721.0000000;10563.0000000;10663.0000000;804
SPFB.AFLT-3.20;60;20200226;160000;10665.0000000;10688.0000000;10611.0000000;10662.0000000;401
SPFB.AFLT-3.20;60;20200226;170000;10665.0000000;10834.0000000;10657.0000000;10794.0000000;1172
SPFB.AFLT-3.20;60;20200226;180000;10776.0000000;10899.0000000;10697.0000000;10867.0000000;1156
SPFB.AFLT-3.20;60;20200226;190000;10877.0000000;10890.0000000;10800.0000000;10870.0000000;662
SPFB.AFLT-3.20;60;20200226;200000;10851.0000000;10900.0000000;10740.0000000;10744.0000000;181
SPFB.AFLT-3.20;60;20200226;210000;10816.0000000;10816.0000000;10770.0000000;10770.0000000;15
SPFB.AFLT-3.20;60;20200226;220000;10810.0000000;10811.0000000;10685.0000000;10685.0000000;44
SPFB.AFLT-3.20;60;20200226;230000;10748.0000000;10750.0000000;10672.0000000;10715.0000000;32
SPFB.AFLT-3.20;60;20200227;000000;10691.0000000;10742.0000000;10680.0000000;10680.0000000;57
SPFB.AFLT-3.20;60;20200227;110000;10689.0000000;10740.0000000;10581.0000000;10605.0000000;2156
SPFB.AFLT-3.20;60;20200227;120000;10600.0000000;10657.0000000;10469.0000000;10529.0000000;6664
SPFB.AFLT-3.20;60;20200227;130000;10533.0000000;10559.0000000;10441.0000000;10486.0000000;6172
SPFB.AFLT-3.20;60;20200227;140000;10485.0000000;10512.0000000;10402.0000000;10412.0000000;2355
SPFB.AFLT-3.20;60;20200227;150000;10409.0000000;10477.0000000;10312.0000000;10334.0000000;1816
SPFB.AFLT-3.20;60;20200227;160000;10333.0000000;10357.0000000;10200.0000000;10216.0000000;2431
SPFB.AFLT-3.20;60;20200227;170000;10207.0000000;10309.0000000;10052.0000000;10237.0000000;3870
SPFB.AFLT-3.20;60;20200227;180000;10221.0000000;10221.0000000;10033.0000000;10109.0000000;2624
SPFB.AFLT-3.20;60;20200227;190000;10123.0000000;10171.0000000;10020.0000000;10048.0000000;1799
SPFB.AFLT-3.20;60;20200227;200000;10170.0000000;10312.0000000;9937.0000000;9981.0000000;1703
SPFB.AFLT-3.20;60;20200227;210000;10040.0000000;10180.0000000;9996.0000000;10124.0000000;433
SPFB.AFLT-3.20;60;20200227;220000;10135.0000000;10200.0000000;10091.0000000;10200.0000000;245
SPFB.AFLT-3.20;60;20200227;230000;10104.0000000;10149.0000000;10095.0000000;10148.0000000;197
SPFB.AFLT-3.20;60;20200228;000000;10149.0000000;10149.0000000;10065.0000000;10065.0000000;162
SPFB.AFLT-3.20;60;20200228;110000;10046.0000000;10046.0000000;9246.0000000;9362.0000000;5880
SPFB.AFLT-3.20;60;20200228;120000;9362.0000000;9488.0000000;9257.0000000;9338.0000000;2403
SPFB.AFLT-3.20;60;20200228;130000;9325.0000000;9411.0000000;9052.0000000;9279.0000000;2886
SPFB.AFLT-3.20;60;20200228;140000;9276.0000000;9593.0000000;9222.0000000;9537.0000000;2544
SPFB.AFLT-3.20;60;20200228;150000;9535.0000000;9841.0000000;9482.0000000;9730.0000000;3793
SPFB.AFLT-3.20;60;20200228;160000;9733.0000000;9749.0000000;9569.0000000;9632.0000000;2689
SPFB.AFLT-3.20;60;20200228;170000;9617.0000000;9654.0000000;9468.0000000;9584.0000000;3825
SPFB.AFLT-3.20;60;20200228;180000;9551.0000000;9568.0000000;9329.0000000;9382.0000000;2891
SPFB.AFLT-3.20;60;20200228;190000;9375.0000000;9633.0000000;9277.0000000;9495.0000000;2721
SPFB.AFLT-3.20;60;20200228;200000;9490.0000000;9569.0000000;9389.0000000;9420.0000000;223
SPFB.AFLT-3.20;60;20200228;210000;9422.0000000;9483.0000000;9405.0000000;9481.0000000;94
SPFB.AFLT-3.20;60;20200228;220000;9481.0000000;9618.0000000;9481.0000000;9569.0000000;361
SPFB.AFLT-3.20;60;20200228;230000;9538.0000000;9538.0000000;9435.0000000;9497.0000000;154
SPFB.AFLT-3.20;60;20200229;000000;9494.0000000;9569.0000000;9440.0000000;9535.0000000;108
SPFB.AFLT-3.20;60;20200302;110000;9607.0000000;9956.0000000;9568.0000000;9902.0000000;6017
SPFB.AFLT-3.20;60;20200302;120000;9884.0000000;9990.0000000;9705.0000000;9711.0000000;3164
SPFB.AFLT-3.20;60;20200302;130000;9710.0000000;9767.0000000;9680.0000000;9703.0000000;1392
SPFB.AFLT-3.20;60;20200302;140000;9713.0000000;9713.0000000;9461.0000000;9461.0000000;2608
SPFB.AFLT-3.20;60;20200302;150000;9479.0000000;9562.0000000;9190.0000000;9227.0000000;7851
SPFB.AFLT-3.20;60;20200302;160000;9223.0000000;9369.0000000;9115.0000000;9275.0000000;4832
SPFB.AFLT-3.20;60;20200302;170000;9286.0000000;9414.0000000;9254.0000000;9387.0000000;2785
SPFB.AFLT-3.20;60;20200302;180000;9397.0000000;9549.0000000;9305.0000000;9321.0000000;3691
SPFB.AFLT-3.20;60;20200302;190000;9330.0000000;9385.0000000;9261.0000000;9341.0000000;1169
SPFB.AFLT-3.20;60;20200302;200000;9334.0000000;9569.0000000;9334.0000000;9532.0000000;392
SPFB.AFLT-3.20;60;20200302;210000;9537.0000000;9544.0000000;9511.0000000;9511.0000000;61
SPFB.AFLT-3.20;60;20200302;220000;9516.0000000;9517.0000000;9502.0000000;9517.0000000;71
SPFB.AFLT-3.20;60;20200302;230000;9522.0000000;9522.0000000;9487.0000000;9487.0000000;172
SPFB.AFLT-3.20;60;20200303;000000;9488.0000000;9500.0000000;9486.0000000;9500.0000000;11
SPFB.AFLT-3.20;60;20200303;110000;9537.0000000;9669.0000000;9381.0000000;9422.0000000;3563
SPFB.AFLT-3.20;60;20200303;120000;9420.0000000;9546.0000000;9370.0000000;9540.0000000;1897
SPFB.AFLT-3.20;60;20200303;130000;9540.0000000;9564.0000000;9430.0000000;9465.0000000;1759
SPFB.AFLT-3.20;60;20200303;140000;9442.0000000;9458.0000000;9361.0000000;9440.0000000;875
SPFB.AFLT-3.20;60;20200303;150000;9447.0000000;9447.0000000;9388.0000000;9413.0000000;740
SPFB.AFLT-3.20;60;20200303;160000;9423.0000000;9510.0000000;9417.0000000;9471.0000000;1386
SPFB.AFLT-3.20;60;20200303;170000;9470.0000000;9489.0000000;9438.0000000;9440.0000000;1127
SPFB.AFLT-3.20;60;20200303;180000;9447.0000000;9455.0000000;9308.0000000;9321.0000000;611
SPFB.AFLT-3.20;60;20200303;190000;9325.0000000;9491.0000000;9301.0000000;9445.0000000;2752
SPFB.AFLT-3.20;60;20200303;200000;9469.0000000;9469.0000000;9393.0000000;9447.0000000;36
SPFB.AFLT-3.20;60;20200303;210000;9412.0000000;9447.0000000;9403.0000000;9427.0000000;15
SPFB.AFLT-3.20;60;20200303;220000;9401.0000000;9401.0000000;9048.0000000;9079.0000000;885
SPFB.AFLT-3.20;60;20200303;230000;9056.0000000;9174.0000000;9030.0000000;9173.0000000;482
SPFB.AFLT-3.20;60;20200304;000000;9174.0000000;9217.0000000;9112.0000000;9195.0000000;247
SPFB.AFLT-3.20;60;20200304;110000;9197.0000000;9370.0000000;9197.0000000;9294.0000000;1168
SPFB.AFLT-3.20;60;20200304;120000;9277.0000000;9307.0000000;9151.0000000;9300.0000000;2059
SPFB.AFLT-3.20;60;20200304;130000;9302.0000000;9368.0000000;9290.0000000;9315.0000000;837
SPFB.AFLT-3.20;60;20200304;140000;9325.0000000;9350.0000000;9247.0000000;9262.0000000;588
SPFB.AFLT-3.20;60;20200304;150000;9261.0000000;9289.0000000;9231.0000000;9278.0000000;379
SPFB.AFLT-3.20;60;20200304;160000;9285.0000000;9335.0000000;9281.0000000;9292.0000000;528
SPFB.AFLT-3.20;60;20200304;170000;9281.0000000;9285.0000000;9252.0000000;9263.0000000;200
SPFB.AFLT-3.20;60;20200304;180000;9259.0000000;9272.0000000;9213.0000000;9233.0000000;1180
SPFB.AFLT-3.20;60;20200304;190000;9239.0000000;9295.0000000;9230.0000000;9255.0000000;267
SPFB.AFLT-3.20;60;20200304;200000;9277.0000000;9277.0000000;9201.0000000;9238.0000000;35
SPFB.AFLT-3.20;60;20200304;210000;9239.0000000;9240.0000000;9210.0000000;9210.0000000;12
SPFB.AFLT-3.20;60;20200304;220000;9225.0000000;9319.0000000;9211.0000000;9313.0000000;45
SPFB.AFLT-3.20;60;20200304;230000;9295.0000000;9301.0000000;9295.0000000;9300.0000000;63
SPFB.AFLT-3.20;60;20200305;000000;9310.0000000;9340.0000000;9300.0000000;9340.0000000;70
SPFB.AFLT-3.20;60;20200305;110000;9325.0000000;9378.0000000;9280.0000000;9345.0000000;842
SPFB.AFLT-3.20;60;20200305;120000;9341.0000000;9342.0000000;9227.0000000;9253.0000000;497
SPFB.AFLT-3.20;60;20200305;130000;9236.0000000;9247.0000000;9125.0000000;9137.0000000;892
SPFB.AFLT-3.20;60;20200305;140000;9132.0000000;9144.0000000;9011.0000000;9060.0000000;2647
SPFB.AFLT-3.20;60;20200305;150000;9060.0000000;9147.0000000;9027.0000000;9044.0000000;2075
SPFB.AFLT-3.20;60;20200305;160000;9044.0000000;9126.0000000;9038.0000000;9065.0000000;1263
SPFB.AFLT-3.20;60;20200305;170000;9062.0000000;9062.0000000;8869.0000000;8915.0000000;6072
SPFB.AFLT-3.20;60;20200305;180000;8919.0000000;8973.0000000;8888.0000000;8898.0000000;2078
SPFB.AFLT-3.20;60;20200305;190000;8899.0000000;8999.0000000;8889.0000000;8964.0000000;1593
SPFB.AFLT-3.20;60;20200305;200000;8960.0000000;8960.0000000;8888.0000000;8888.0000000;102
SPFB.AFLT-3.20;60;20200305;210000;8889.0000000;8889.0000000;8792.0000000;8827.0000000;616
SPFB.AFLT-3.20;60;20200305;220000;8826.0000000;8872.0000000;8817.0000000;8819.0000000;252
SPFB.AFLT-3.20;60;20200305;230000;8853.0000000;8875.0000000;8820.0000000;8875.0000000;412
SPFB.AFLT-3.20;60;20200306;000000;8868.0000000;8875.0000000;8756.0000000;8760.0000000;759
SPFB.AFLT-3.20;60;20200306;110000;8755.0000000;8755.0000000;8361.0000000;8483.0000000;14738
SPFB.AFLT-3.20;60;20200306;120000;8471.0000000;8521.0000000;8389.0000000;8425.0000000;4686
SPFB.AFLT-3.20;60;20200306;130000;8417.0000000;8463.0000000;8365.0000000;8453.0000000;2668
SPFB.AFLT-3.20;60;20200306;140000;8439.0000000;8456.0000000;8383.0000000;8429.0000000;3255
SPFB.AFLT-3.20;60;20200306;150000;8415.0000000;8440.0000000;8333.0000000;8343.0000000;2827
SPFB.AFLT-3.20;60;20200306;160000;8337.0000000;8380.0000000;8325.0000000;8361.0000000;1446
SPFB.AFLT-3.20;60;20200306;170000;8362.0000000;8527.0000000;8346.0000000;8467.0000000;3531
SPFB.AFLT-3.20;60;20200306;180000;8471.0000000;8553.0000000;8459.0000000;8485.0000000;1467
SPFB.AFLT-3.20;60;20200306;190000;8479.0000000;8587.0000000;8440.0000000;8556.0000000;1600
SPFB.AFLT-3.20;60;20200306;200000;8531.0000000;8591.0000000;8410.0000000;8560.0000000;291
SPFB.AFLT-3.20;60;20200306;210000;8553.0000000;8554.0000000;8415.0000000;8549.0000000;172
SPFB.AFLT-3.20;60;20200306;220000;8513.0000000;8543.0000000;8443.0000000;8480.0000000;149
SPFB.AFLT-3.20;60;20200306;230000;8478.0000000;8478.0000000;8368.0000000;8442.0000000;233
SPFB.AFLT-3.20;60;20200307;000000;8437.0000000;8439.0000000;8381.0000000;8435.0000000;167
SPFB.AFLT-3.20;60;20200310;110000;8388.0000000;8388.0000000;7174.0000000;7937.0000000;10991
SPFB.AFLT-3.20;60;20200310;120000;7939.0000000;8001.0000000;7874.0000000;7898.0000000;3389
SPFB.AFLT-3.20;60;20200310;130000;7905.0000000;8197.0000000;7898.0000000;8195.0000000;2026
SPFB.AFLT-3.20;60;20200310;140000;8182.0000000;8503.0000000;8115.0000000;8171.0000000;4386
SPFB.AFLT-3.20;60;20200310;150000;8171.0000000;8375.0000000;8067.0000000;8337.0000000;2036
SPFB.AFLT-3.20;60;20200310;160000;8325.0000000;8325.0000000;8065.0000000;8150.0000000;1617
SPFB.AFLT-3.20;60;20200310;170000;8169.0000000;8325.0000000;8169.0000000;8245.0000000;2212
SPFB.AFLT-3.20;60;20200310;180000;8233.0000000;8258.0000000;8070.0000000;8095.0000000;2931
SPFB.AFLT-3.20;60;20200310;190000;8109.0000000;8238.0000000;7964.0000000;8238.0000000;938
SPFB.AFLT-3.20;60;20200310;200000;8232.0000000;8232.0000000;8026.0000000;8050.0000000;149
SPFB.AFLT-3.20;60;20200310;210000;8144.0000000;8145.0000000;8054.0000000;8109.0000000;12
SPFB.AFLT-3.20;60;20200310;220000;8051.0000000;8100.0000000;8051.0000000;8058.0000000;31
SPFB.AFLT-3.20;60;20200310;230000;8097.0000000;8250.0000000;8051.0000000;8250.0000000;213
SPFB.AFLT-3.20;60;20200311;000000;8250.0000000;8300.0000000;8250.0000000;8292.0000000;93
SPFB.AFLT-3.20;60;20200311;110000;8180.0000000;8181.0000000;8002.0000000;8136.0000000;1602
SPFB.AFLT-3.20;60;20200311;120000;8132.0000000;8136.0000000;7928.0000000;8067.0000000;1891
SPFB.AFLT-3.20;60;20200311;130000;8057.0000000;8121.0000000;7970.0000000;8010.0000000;1055
SPFB.AFLT-3.20;60;20200311;140000;7997.0000000;8060.0000000;7990.0000000;8038.0000000;401
SPFB.AFLT-3.20;60;20200311;150000;8040.0000000;8040.0000000;7810.0000000;7858.0000000;779
SPFB.AFLT-3.20;60;20200311;160000;7899.0000000;7901.0000000;7643.0000000;7700.0000000;1776
SPFB.AFLT-3.20;60;20200311;170000;7691.0000000;7955.0000000;7689.0000000;7952.0000000;2533
SPFB.AFLT-3.20;60;20200311;180000;7949.0000000;7956.0000000;7751.0000000;7815.0000000;2046
SPFB.AFLT-3.20;60;20200311;190000;7820.0000000;7834.0000000;7734.0000000;7784.0000000;997
SPFB.AFLT-3.20;60;20200311;200000;7896.0000000;7896.0000000;7701.0000000;7701.0000000;181
SPFB.AFLT-3.20;60;20200311;210000;7702.0000000;7760.0000000;7550.0000000;7600.0000000;319
SPFB.AFLT-3.20;60;20200311;220000;7600.0000000;7656.0000000;7413.0000000;7465.0000000;729
SPFB.AFLT-3.20;60;20200311;230000;7431.0000000;7558.0000000;7352.0000000;7411.0000000;750
SPFB.AFLT-3.20;60;20200312;000000;7440.0000000;7498.0000000;7369.0000000;7375.0000000;275
SPFB.AFLT-3.20;60;20200312;110000;7390.0000000;7422.0000000;7050.0000000;7129.0000000;5593
SPFB.AFLT-3.20;60;20200312;120000;7130.0000000;7219.0000000;7130.0000000;7186.0000000;1461
SPFB.AFLT-3.20;60;20200312;130000;7182.0000000;7202.0000000;7111.0000000;7143.0000000;2118
SPFB.AFLT-3.20;60;20200312;140000;7125.0000000;7134.0000000;6781.0000000;6871.0000000;4689
SPFB.AFLT-3.20;60;20200312;150000;6911.0000000;7065.0000000;6823.0000000;7000.0000000;3310
SPFB.AFLT-3.20;60;20200312;160000;6985.0000000;7199.0000000;6950.0000000;7121.0000000;2143
SPFB.AFLT-3.20;60;20200312;170000;7092.0000000;7168.0000000;6930.0000000;7160.0000000;2562
SPFB.AFLT-3.20;60;20200312;180000;7139.0000000;7182.0000000;7051.0000000;7149.0000000;1298
SPFB.AFLT-3.20;60;20200312;190000;7125.0000000;7200.0000000;7058.0000000;7060.0000000;1634
SPFB.AFLT-3.20;60;20200312;200000;7024.0000000;7025.0000000;6851.0000000;7000.0000000;176
SPFB.AFLT-3.20;60;20200312;210000;6995.0000000;7384.0000000;6854.0000000;7050.0000000;505
SPFB.AFLT-3.20;60;20200312;220000;7039.0000000;7121.0000000;6870.0000000;6929.0000000;198
SPFB.AFLT-3.20;60;20200312;230000;6920.0000000;6929.0000000;6784.0000000;6784.0000000;267
SPFB.AFLT-3.20;60;20200313;000000;6784.0000000;6895.0000000;6460.0000000;6465.0000000;544
SPFB.AFLT-3.20;60;20200313;110000;6642.0000000;7480.0000000;6465.0000000;7285.0000000;5345
SPFB.AFLT-3.20;60;20200313;120000;7301.0000000;7350.0000000;7109.0000000;7114.0000000;1523
SPFB.AFLT-3.20;60;20200313;130000;7107.0000000;7284.0000000;7107.0000000;7203.0000000;831
SPFB.AFLT-3.20;60;20200313;140000;7187.0000000;7469.0000000;7169.0000000;7284.0000000;1639
SPFB.AFLT-3.20;60;20200313;150000;7303.0000000;7644.0000000;7303.0000000;7568.0000000;4648
SPFB.AFLT-3.20;60;20200313;160000;7598.0000000;7604.0000000;7420.0000000;7490.0000000;1388
SPFB.AFLT-3.20;60;20200313;170000;7476.0000000;7531.0000000;7287.0000000;7325.0000000;901
SPFB.AFLT-3.20;60;20200313;180000;7322.0000000;7425.0000000;7266.0000000;7291.0000000;1056
SPFB.AFLT-3.20;60;20200313;190000;7296.0000000;7469.0000000;7292.0000000;7401.0000000;4068
SPFB.AFLT-3.20;60;20200313;200000;7265.0000000;7440.0000000;7201.0000000;7330.0000000;195
SPFB.AFLT-3.20;60;20200313;210000;7411.0000000;7411.0000000;6952.0000000;7167.0000000;941
SPFB.AFLT-3.20;60;20200313;220000;7167.0000000;7195.0000000;6933.0000000;7065.0000000;915
SPFB.AFLT-3.20;60;20200313;230000;7065.0000000;7183.0000000;6982.0000000;7143.0000000;924
SPFB.AFLT-3.20;60;20200314;000000;7180.0000000;7559.0000000;7159.0000000;7406.0000000;1584
SPFB.AFLT-3.20;60;20200316;110000;7405.0000000;7405.0000000;6800.0000000;6879.0000000;5108
SPFB.AFLT-3.20;60;20200316;120000;6881.0000000;6927.0000000;6781.0000000;6894.0000000;4324
SPFB.AFLT-3.20;60;20200316;130000;6898.0000000;6999.0000000;6871.0000000;6892.0000000;3086
SPFB.AFLT-3.20;60;20200316;140000;6890.0000000;6907.0000000;6871.0000000;6888.0000000;1733
SPFB.AFLT-3.20;60;20200316;150000;6894.0000000;6894.0000000;6730.0000000;6741.0000000;2406
SPFB.AFLT-3.20;60;20200316;160000;6747.0000000;6777.0000000;6540.0000000;6680.0000000;7532
SPFB.AFLT-3.20;60;20200316;170000;6669.0000000;6783.0000000;6453.0000000;6707.0000000;4887
SPFB.AFLT-3.20;60;20200316;180000;6705.0000000;6887.0000000;6619.0000000;6853.0000000;3319
SPFB.AFLT-3.20;60;20200316;190000;6851.0000000;6935.0000000;6738.0000000;6841.0000000;2050
SPFB.AFLT-3.20;60;20200316;200000;6848.0000000;6848.0000000;6650.0000000;6782.0000000;106
SPFB.AFLT-3.20;60;20200316;210000;6770.0000000;6770.0000000;6376.0000000;6445.0000000;473
SPFB.AFLT-3.20;60;20200316;220000;6475.0000000;6599.0000000;6379.0000000;6549.0000000;573
SPFB.AFLT-3.20;60;20200316;230000;6557.0000000;6557.0000000;6090.0000000;6201.0000000;799
SPFB.AFLT-3.20;60;20200317;000000;6224.0000000;6288.0000000;6224.0000000;6285.0000000;185
SPFB.AFLT-3.20;60;20200317;110000;6290.0000000;7024.0000000;6218.0000000;6727.0000000;10446
SPFB.AFLT-3.20;60;20200317;120000;6738.0000000;6800.0000000;6536.0000000;6561.0000000;4621
SPFB.AFLT-3.20;60;20200317;130000;6560.0000000;6707.0000000;6413.0000000;6502.0000000;3379
SPFB.AFLT-3.20;60;20200317;140000;6502.0000000;6519.0000000;6275.0000000;6358.0000000;5348
SPFB.AFLT-3.20;60;20200317;150000;6364.0000000;6481.0000000;6310.0000000;6385.0000000;1894
SPFB.AFLT-3.20;60;20200317;160000;6385.0000000;6424.0000000;6352.0000000;6391.0000000;1048
SPFB.AFLT-3.20;60;20200317;170000;6396.0000000;6511.0000000;6330.0000000;6391.0000000;1354
SPFB.AFLT-3.20;60;20200317;180000;6388.0000000;6497.0000000;6364.0000000;6460.0000000;1276
SPFB.AFLT-3.20;60;20200317;190000;6457.0000000;6668.0000000;6452.0000000;6471.0000000;3982
SPFB.AFLT-3.20;60;20200317;200000;6481.0000000;6600.0000000;6480.0000000;6480.0000000;285
SPFB.AFLT-3.20;60;20200317;210000;6450.0000000;6480.0000000;6416.0000000;6480.0000000;120
SPFB.AFLT-3.20;60;20200317;220000;6498.0000000;6580.0000000;6466.0000000;6476.0000000;82
SPFB.AFLT-3.20;60;20200317;230000;6477.0000000;6499.0000000;6452.0000000;6488.0000000;148
SPFB.AFLT-3.20;60;20200318;000000;6462.0000000;6560.0000000;6462.0000000;6560.0000000;36
SPFB.AFLT-3.20;60;20200318;110000;6475.0000000;6475.0000000;5957.0000000;5975.0000000;6272
SPFB.AFLT-3.20;60;20200318;120000;5969.0000000;6057.0000000;5755.0000000;5882.0000000;7245
SPFB.AFLT-3.20;60;20200318;130000;5881.0000000;5958.0000000;5645.0000000;5714.0000000;5482
SPFB.AFLT-3.20;60;20200318;140000;5734.0000000;5821.0000000;5666.0000000;5710.0000000;1789
SPFB.AFLT-3.20;60;20200318;150000;5717.0000000;5800.0000000;5680.0000000;5756.0000000;2685
SPFB.AFLT-3.20;60;20200318;160000;5774.0000000;5887.0000000;5668.0000000;5719.0000000;5801
SPFB.AFLT-3.20;60;20200318;170000;5739.0000000;5828.0000000;5657.0000000;5783.0000000;4686
SPFB.AFLT-3.20;60;20200318;180000;5781.0000000;5839.0000000;5705.0000000;5733.0000000;1534
SPFB.AFLT-3.20;60;20200318;190000;5743.0000000;5744.0000000;5660.0000000;5673.0000000;1616
SPFB.AFLT-3.20;60;20200318;200000;5602.0000000;5750.0000000;5051.0000000;5171.0000000;1749
SPFB.AFLT-3.20;60;20200318;210000;5230.0000000;5296.0000000;5170.0000000;5295.0000000;368
SPFB.AFLT-3.20;60;20200318;220000;5295.0000000;5340.0000000;5110.0000000;5340.0000000;652
SPFB.AFLT-3.20;60;20200318;230000;5300.0000000;5387.0000000;5251.0000000;5325.0000000;155
SPFB.AFLT-3.20;60;20200319;000000;5281.0000000;5340.0000000;5266.0000000;5310.0000000;200
SPFB.AFLT-3.20;60;20200319;110000;5347.0000000;5627.0000000;5154.0000000;5517.0000000;6521
SPFB.AFLT-3.20;60;20200319;120000;5537.0000000;6170.0000000;5458.0000000;5708.0000000;4593
SPFB.AFLT-3.20;60;20200319;130000;5743.0000000;5917.0000000;5616.0000000;5669.0000000;1843
SPFB.AFLT-3.20;60;20200319;140000;5660.0000000;6389.0000000;5568.0000000;5641.0000000;2444
SPFB.AFLT-3.20;60;20200319;150000;5662.0000000;5714.0000000;5539.0000000;5634.0000000;1109
SPFB.AFLT-3.20;60;20200319;160000;5661.0000000;5712.0000000;5628.0000000;5711.0000000;183
SPFB.AFLT-3.20;60;20200319;170000;5707.0000000;5729.0000000;5575.0000000;5628.0000000;392
SPFB.AFLT-3.20;60;20200319;180000;5675.0000000;5821.0000000;5675.0000000;5792.0000000;500
SPFB.AFLT-3.20;60;20200319;190000;5811.0000000;6038.0000000;5741.0000000;5969.0000000;1877
