<TICKER>;<PER>;<DATE>;<TIME>;<OPEN>;<HIGH>;<LOW>;<CLOSE>;<VOL>
SPFB.MTSI-6.21;60;20200730;110000;36672.0000000;36672.0000000;36672.0000000;36672.0000000;1
SPFB.MTSI-6.21;60;20200803;120000;30665.0000000;30665.0000000;30665.0000000;30665.0000000;2
SPFB.MTSI-6.21;60;20200803;230000;30255.0000000;30255.0000000;30255.0000000;30255.0000000;1
SPFB.MTSI-6.21;60;20200804;170000;36017.0000000;36017.0000000;30710.0000000;32027.0000000;10
SPFB.MTSI-6.21;60;20200804;180000;33123.0000000;33123.0000000;33123.0000000;33123.0000000;1
SPFB.MTSI-6.21;60;20200804;200000;33424.0000000;33955.0000000;33424.0000000;33955.0000000;2
SPFB.MTSI-6.21;60;20200805;110000;34838.0000000;34838.0000000;34838.0000000;34838.0000000;1
SPFB.MTSI-6.21;60;20200810;170000;34337.0000000;34337.0000000;30960.0000000;30960.0000000;2
SPFB.MTSI-6.21;60;20200811;180000;34150.0000000;34150.0000000;34150.0000000;34150.0000000;1
SPFB.MTSI-6.21;60;20200818;230000;33397.0000000;33397.0000000;33396.0000000;33396.0000000;3
SPFB.MTSI-6.21;60;20200820;110000;32471.0000000;32471.0000000;32471.0000000;32471.0000000;1
SPFB.MTSI-6.21;60;20200820;120000;35134.0000000;35134.0000000;35134.0000000;35134.0000000;1
SPFB.MTSI-6.21;60;20200820;150000;32575.0000000;32575.0000000;32575.0000000;32575.0000000;1
SPFB.MTSI-6.21;60;20201127;130000;32939.0000000;32939.0000000;32939.0000000;32939.0000000;1
SPFB.MTSI-6.21;60;20201218;190000;32948.0000000;32948.0000000;32948.0000000;32948.0000000;1
SPFB.MTSI-6.21;60;20201223;150000;33100.0000000;33100.0000000;33100.0000000;33100.0000000;1
SPFB.MTSI-6.21;60;20210114;130000;33841.0000000;33841.0000000;33829.0000000;33829.0000000;24
SPFB.MTSI-6.21;60;20210114;140000;33851.0000000;33851.0000000;33851.0000000;33851.0000000;2
SPFB.MTSI-6.21;60;20210114;160000;33859.0000000;33859.0000000;33859.0000000;33859.0000000;5
SPFB.MTSI-6.21;60;20210114;180000;33910.0000000;33910.0000000;33910.0000000;33910.0000000;1
SPFB.MTSI-6.21;60;20210115;130000;34431.0000000;34431.0000000;34431.0000000;34431.0000000;2
SPFB.MTSI-6.21;60;20210115;150000;34072.0000000;34072.0000000;34072.0000000;34072.0000000;2
SPFB.MTSI-6.21;60;20210118;140000;34000.0000000;34000.0000000;34000.0000000;34000.0000000;1
SPFB.MTSI-6.21;60;20210119;120000;33333.0000000;33700.0000000;33300.0000000;33500.0000000;5
SPFB.MTSI-6.21;60;20210121;120000;33500.0000000;33500.0000000;33500.0000000;33500.0000000;1
SPFB.MTSI-6.21;60;20210121;140000;33600.0000000;33600.0000000;33600.0000000;33600.0000000;3
SPFB.MTSI-6.21;60;20210121;170000;33628.0000000;33628.0000000;33628.0000000;33628.0000000;1
SPFB.MTSI-6.21;60;20210122;180000;33400.0000000;33400.0000000;33400.0000000;33400.0000000;1
SPFB.MTSI-6.21;60;20210125;120000;33750.0000000;33750.0000000;33750.0000000;33750.0000000;1
SPFB.MTSI-6.21;60;20210125;160000;34027.0000000;34027.0000000;34027.0000000;34027.0000000;10
SPFB.MTSI-6.21;60;20210125;170000;34017.0000000;34017.0000000;34017.0000000;34017.0000000;10
SPFB.MTSI-6.21;60;20210128;180000;33651.0000000;33651.0000000;33651.0000000;33651.0000000;1
SPFB.MTSI-6.21;60;20210129;130000;33600.0000000;33600.0000000;33600.0000000;33600.0000000;2
SPFB.MTSI-6.21;60;20210129;150000;33686.0000000;33686.0000000;33686.0000000;33686.0000000;2
SPFB.MTSI-6.21;60;20210201;110000;33771.0000000;33771.0000000;33400.0000000;33400.0000000;3
SPFB.MTSI-6.21;60;20210201;130000;33652.0000000;33652.0000000;33652.0000000;33652.0000000;2
SPFB.MTSI-6.21;60;20210201;180000;33692.0000000;33692.0000000;33642.0000000;33642.0000000;4
SPFB.MTSI-6.21;60;20210201;190000;33630.0000000;33630.0000000;33630.0000000;33630.0000000;10
SPFB.MTSI-6.21;60;20210201;200000;33728.0000000;33728.0000000;33728.0000000;33728.0000000;6
SPFB.MTSI-6.21;60;20210201;210000;33717.0000000;33717.0000000;33717.0000000;33717.0000000;5
SPFB.MTSI-6.21;60;20210202;120000;33772.0000000;33772.0000000;33772.0000000;33772.0000000;5
SPFB.MTSI-6.21;60;20210202;150000;33454.0000000;33454.0000000;33454.0000000;33454.0000000;3
SPFB.MTSI-6.21;60;20210203;120000;33860.0000000;33860.0000000;33860.0000000;33860.0000000;11
SPFB.MTSI-6.21;60;20210204;120000;34069.0000000;34069.0000000;34069.0000000;34069.0000000;1
SPFB.MTSI-6.21;60;20210204;190000;33851.0000000;33851.0000000;33840.0000000;33840.0000000;2
SPFB.MTSI-6.21;60;20210205;160000;33700.0000000;33700.0000000;33700.0000000;33700.0000000;4
SPFB.MTSI-6.21;60;20210205;180000;33700.0000000;33700.0000000;33700.0000000;33700.0000000;2
SPFB.MTSI-6.21;60;20210205;190000;33920.0000000;33920.0000000;33920.0000000;33920.0000000;1
SPFB.MTSI-6.21;60;20210208;110000;34000.0000000;34000.0000000;34000.0000000;34000.0000000;1
SPFB.MTSI-6.21;60;20210209;160000;33800.0000000;33800.0000000;33800.0000000;33800.0000000;2
SPFB.MTSI-6.21;60;20210209;180000;33771.0000000;33771.0000000;33502.0000000;33502.0000000;7
SPFB.MTSI-6.21;60;20210211;110000;33450.0000000;33450.0000000;33450.0000000;33450.0000000;1
SPFB.MTSI-6.21;60;20210211;120000;33598.0000000;33598.0000000;33598.0000000;33598.0000000;1
SPFB.MTSI-6.21;60;20210211;140000;33579.0000000;33579.0000000;33579.0000000;33579.0000000;1
SPFB.MTSI-6.21;60;20210211;170000;33559.0000000;33559.0000000;33559.0000000;33559.0000000;1
SPFB.MTSI-6.21;60;20210211;180000;33569.0000000;33569.0000000;33569.0000000;33569.0000000;2
SPFB.MTSI-6.21;60;20210211;190000;33400.0000000;33400.0000000;33400.0000000;33400.0000000;1
SPFB.MTSI-6.21;60;20210211;230000;33526.0000000;33526.0000000;33224.0000000;33224.0000000;6
SPFB.MTSI-6.21;60;20210212;120000;33201.0000000;33201.0000000;33100.0000000;33100.0000000;5
SPFB.MTSI-6.21;60;20210212;130000;33200.0000000;33299.0000000;33200.0000000;33299.0000000;3
SPFB.MTSI-6.21;60;20210212;180000;33229.0000000;33239.0000000;33229.0000000;33239.0000000;5
SPFB.MTSI-6.21;60;20210212;190000;33010.0000000;33107.0000000;33010.0000000;33107.0000000;12
SPFB.MTSI-6.21;60;20210212;200000;33005.0000000;33005.0000000;32504.0000000;32504.0000000;7
SPFB.MTSI-6.21;60;20210212;210000;33275.0000000;33275.0000000;33275.0000000;33275.0000000;4
SPFB.MTSI-6.21;60;20210215;110000;33300.0000000;33300.0000000;33300.0000000;33300.0000000;1
SPFB.MTSI-6.21;60;20210215;160000;33300.0000000;33300.0000000;33300.0000000;33300.0000000;1
SPFB.MTSI-6.21;60;20210215;170000;33278.0000000;33298.0000000;33278.0000000;33298.0000000;17
SPFB.MTSI-6.21;60;20210215;180000;33278.0000000;33298.0000000;33278.0000000;33288.0000000;16
SPFB.MTSI-6.21;60;20210215;210000;33747.0000000;33747.0000000;33747.0000000;33747.0000000;1
SPFB.MTSI-6.21;60;20210216;180000;33414.0000000;33414.0000000;33414.0000000;33414.0000000;1
SPFB.MTSI-6.21;60;20210217;000000;33201.0000000;33201.0000000;33201.0000000;33201.0000000;2
SPFB.MTSI-6.21;60;20210217;120000;33202.0000000;33502.0000000;33202.0000000;33502.0000000;3
SPFB.MTSI-6.21;60;20210217;170000;33207.0000000;33207.0000000;33205.0000000;33205.0000000;8
SPFB.MTSI-6.21;60;20210217;180000;32901.0000000;32901.0000000;32901.0000000;32901.0000000;2
SPFB.MTSI-6.21;60;20210217;200000;32900.0000000;32900.0000000;32900.0000000;32900.0000000;1
SPFB.MTSI-6.21;60;20210217;230000;32900.0000000;33159.0000000;32900.0000000;33159.0000000;2
SPFB.MTSI-6.21;60;20210218;000000;33000.0000000;33000.0000000;33000.0000000;33000.0000000;1
SPFB.MTSI-6.21;60;20210218;110000;32937.0000000;32937.0000000;32937.0000000;32937.0000000;1
SPFB.MTSI-6.21;60;20210218;120000;32778.0000000;32778.0000000;32778.0000000;32778.0000000;3
SPFB.MTSI-6.21;60;20210218;130000;32788.0000000;32799.0000000;32788.0000000;32799.0000000;2
SPFB.MTSI-6.21;60;20210218;170000;32758.0000000;32758.0000000;32758.0000000;32758.0000000;5
SPFB.MTSI-6.21;60;20210218;180000;32601.0000000;32601.0000000;32500.0000000;32500.0000000;13
SPFB.MTSI-6.21;60;20210218;190000;32434.0000000;32434.0000000;32434.0000000;32434.0000000;3
SPFB.MTSI-6.21;60;20210219;110000;32302.0000000;32302.0000000;32302.0000000;32302.0000000;1
SPFB.MTSI-6.21;60;20210219;130000;32740.0000000;32740.0000000;32740.0000000;32740.0000000;1
SPFB.MTSI-6.21;60;20210219;140000;32740.0000000;32740.0000000;32740.0000000;32740.0000000;7
SPFB.MTSI-6.21;60;20210219;220000;32902.0000000;32902.0000000;32902.0000000;32902.0000000;2
SPFB.MTSI-6.21;60;20210222;110000;32785.0000000;32785.0000000;32600.0000000;32600.0000000;8
SPFB.MTSI-6.21;60;20210222;160000;32600.0000000;32600.0000000;32600.0000000;32600.0000000;1
SPFB.MTSI-6.21;60;20210222;180000;32602.0000000;32602.0000000;32602.0000000;32602.0000000;1
SPFB.MTSI-6.21;60;20210222;210000;32781.0000000;32781.0000000;32781.0000000;32781.0000000;3
SPFB.MTSI-6.21;60;20210224;110000;32301.0000000;32301.0000000;32301.0000000;32301.0000000;2
SPFB.MTSI-6.21;60;20210224;150000;32401.0000000;32401.0000000;32401.0000000;32401.0000000;1
SPFB.MTSI-6.21;60;20210224;180000;32185.0000000;32185.0000000;31922.0000000;31922.0000000;68
SPFB.MTSI-6.21;60;20210224;190000;31900.0000000;32050.0000000;31900.0000000;32050.0000000;7
SPFB.MTSI-6.21;60;20210224;200000;32015.0000000;32015.0000000;31986.0000000;31991.0000000;46
SPFB.MTSI-6.21;60;20210224;210000;31951.0000000;31951.0000000;31951.0000000;31951.0000000;1
SPFB.MTSI-6.21;60;20210224;230000;32046.0000000;32046.0000000;31991.0000000;31991.0000000;14
SPFB.MTSI-6.21;60;20210225;000000;32056.0000000;32056.0000000;32056.0000000;32056.0000000;4
SPFB.MTSI-6.21;60;20210225;110000;32080.0000000;32080.0000000;31990.0000000;31990.0000000;257
SPFB.MTSI-6.21;60;20210225;120000;31970.0000000;31970.0000000;31900.0000000;31900.0000000;11
SPFB.MTSI-6.21;60;20210225;140000;31973.0000000;31973.0000000;31973.0000000;31973.0000000;5
SPFB.MTSI-6.21;60;20210225;160000;32023.0000000;32023.0000000;32023.0000000;32023.0000000;5
SPFB.MTSI-6.21;60;20210225;170000;32001.0000000;32001.0000000;31905.0000000;31905.0000000;3
SPFB.MTSI-6.21;60;20210225;180000;31892.0000000;31892.0000000;31701.0000000;31780.0000000;14
SPFB.MTSI-6.21;60;20210225;210000;31974.0000000;31974.0000000;31974.0000000;31974.0000000;1
SPFB.MTSI-6.21;60;20210226;110000;31617.0000000;31718.0000000;31500.0000000;31718.0000000;51
SPFB.MTSI-6.21;60;20210226;120000;31789.0000000;31789.0000000;31789.0000000;31789.0000000;15
SPFB.MTSI-6.21;60;20210226;150000;31647.0000000;31647.0000000;31647.0000000;31647.0000000;1
SPFB.MTSI-6.21;60;20210226;170000;31849.0000000;31849.0000000;31849.0000000;31849.0000000;1
SPFB.MTSI-6.21;60;20210226;180000;31782.0000000;31782.0000000;31701.0000000;31701.0000000;13
SPFB.MTSI-6.21;60;20210226;210000;31799.0000000;31799.0000000;31799.0000000;31799.0000000;1
SPFB.MTSI-6.21;60;20210226;230000;31714.0000000;31714.0000000;31714.0000000;31714.0000000;1
SPFB.MTSI-6.21;60;20210227;000000;31704.0000000;31704.0000000;31704.0000000;31704.0000000;1
SPFB.MTSI-6.21;60;20210301;110000;31794.0000000;31794.0000000;31794.0000000;31794.0000000;3
SPFB.MTSI-6.21;60;20210301;120000;31756.0000000;31756.0000000;31710.0000000;31710.0000000;7
SPFB.MTSI-6.21;60;20210301;130000;31685.0000000;31685.0000000;31685.0000000;31685.0000000;2
SPFB.MTSI-6.21;60;20210301;140000;31695.0000000;31695.0000000;31675.0000000;31675.0000000;90
SPFB.MTSI-6.21;60;20210301;150000;31685.0000000;31726.0000000;31685.0000000;31726.0000000;16
SPFB.MTSI-6.21;60;20210301;160000;31715.0000000;31715.0000000;31695.0000000;31695.0000000;22
SPFB.MTSI-6.21;60;20210301;180000;31695.0000000;31706.0000000;31695.0000000;31706.0000000;12
SPFB.MTSI-6.21;60;20210301;190000;31761.0000000;31761.0000000;31761.0000000;31761.0000000;5
SPFB.MTSI-6.21;60;20210301;210000;31866.0000000;31866.0000000;31866.0000000;31866.0000000;2
SPFB.MTSI-6.21;60;20210302;000000;32000.0000000;32004.0000000;32000.0000000;32004.0000000;2
SPFB.MTSI-6.21;60;20210302;110000;32000.0000000;32000.0000000;31955.0000000;31955.0000000;5
SPFB.MTSI-6.21;60;20210302;120000;32000.0000000;32000.0000000;32000.0000000;32000.0000000;2
SPFB.MTSI-6.21;60;20210302;130000;32140.0000000;32202.0000000;32115.0000000;32126.0000000;28
SPFB.MTSI-6.21;60;20210302;140000;32100.0000000;32100.0000000;32100.0000000;32100.0000000;1
SPFB.MTSI-6.21;60;20210302;150000;32050.0000000;32050.0000000;32010.0000000;32010.0000000;17
SPFB.MTSI-6.21;60;20210302;160000;32030.0000000;32030.0000000;32030.0000000;32030.0000000;5
SPFB.MTSI-6.21;60;20210302;170000;32041.0000000;32041.0000000;32041.0000000;32041.0000000;2
SPFB.MTSI-6.21;60;20210302;180000;32000.0000000;32000.0000000;31930.0000000;31935.0000000;23
SPFB.MTSI-6.21;60;20210302;190000;32100.0000000;32100.0000000;32100.0000000;32100.0000000;3
SPFB.MTSI-6.21;60;20210303;110000;32100.0000000;32539.0000000;32100.0000000;32494.0000000;20
SPFB.MTSI-6.21;60;20210303;120000;32470.0000000;32470.0000000;32341.0000000;32341.0000000;36
SPFB.MTSI-6.21;60;20210303;130000;32340.0000000;32340.0000000;32316.0000000;32316.0000000;27
SPFB.MTSI-6.21;60;20210303;140000;32346.0000000;32346.0000000;32265.0000000;32265.0000000;53
SPFB.MTSI-6.21;60;20210303;150000;32305.0000000;32305.0000000;32285.0000000;32285.0000000;45
SPFB.MTSI-6.21;60;20210303;170000;32200.0000000;32200.0000000;32100.0000000;32100.0000000;125
SPFB.MTSI-6.21;60;20210303;180000;32104.0000000;32104.0000000;31990.0000000;31990.0000000;16
SPFB.MTSI-6.21;60;20210304;110000;32040.0000000;32040.0000000;32035.0000000;32035.0000000;2
SPFB.MTSI-6.21;60;20210304;120000;32002.0000000;32002.0000000;31965.0000000;31965.0000000;3
SPFB.MTSI-6.21;60;20210304;150000;31965.0000000;31965.0000000;31965.0000000;31965.0000000;6
SPFB.MTSI-6.21;60;20210304;160000;32304.0000000;32761.0000000;32304.0000000;32570.0000000;6
SPFB.MTSI-6.21;60;20210304;180000;32485.0000000;32485.0000000;32485.0000000;32485.0000000;1
SPFB.MTSI-6.21;60;20210304;200000;32929.0000000;32929.0000000;32785.0000000;32785.0000000;13
SPFB.MTSI-6.21;60;20210304;210000;32654.0000000;32654.0000000;32599.0000000;32599.0000000;2
SPFB.MTSI-6.21;60;20210304;220000;32328.0000000;32328.0000000;32301.0000000;32301.0000000;3
SPFB.MTSI-6.21;60;20210304;230000;32260.0000000;32260.0000000;32260.0000000;32260.0000000;5
SPFB.MTSI-6.21;60;20210305;140000;32370.0000000;32500.0000000;32370.0000000;32470.0000000;5
SPFB.MTSI-6.21;60;20210305;180000;32604.0000000;32641.0000000;32301.0000000;32301.0000000;11
SPFB.MTSI-6.21;60;20210305;230000;32175.0000000;32175.0000000;32175.0000000;32175.0000000;2
SPFB.MTSI-6.21;60;20210306;000000;32175.0000000;32175.0000000;32175.0000000;32175.0000000;1
SPFB.MTSI-6.21;60;20210309;080000;32078.0000000;32078.0000000;32000.0000000;32000.0000000;9
SPFB.MTSI-6.21;60;20210309;090000;31800.0000000;31900.0000000;31800.0000000;31900.0000000;16
SPFB.MTSI-6.21;60;20210309;100000;31900.0000000;31900.0000000;31860.0000000;31860.0000000;3
SPFB.MTSI-6.21;60;20210309;110000;32005.0000000;32114.0000000;32005.0000000;32114.0000000;14
SPFB.MTSI-6.21;60;20210309;120000;32100.0000000;32109.0000000;31806.0000000;31826.0000000;194
SPFB.MTSI-6.21;60;20210309;130000;31826.0000000;31826.0000000;31805.0000000;31826.0000000;23
SPFB.MTSI-6.21;60;20210309;140000;31876.0000000;31896.0000000;31876.0000000;31892.0000000;78
SPFB.MTSI-6.21;60;20210309;150000;31937.0000000;31957.0000000;31868.0000000;31957.0000000;105
SPFB.MTSI-6.21;60;20210309;160000;31906.0000000;31952.0000000;31890.0000000;31952.0000000;39
SPFB.MTSI-6.21;60;20210309;170000;31922.0000000;31932.0000000;31910.0000000;31912.0000000;53
SPFB.MTSI-6.21;60;20210309;180000;31900.0000000;31900.0000000;31700.0000000;31711.0000000;110
SPFB.MTSI-6.21;60;20210309;200000;31710.0000000;31860.0000000;31710.0000000;31860.0000000;6
SPFB.MTSI-6.21;60;20210309;210000;31860.0000000;31860.0000000;31860.0000000;31860.0000000;1
SPFB.MTSI-6.21;60;20210309;220000;31840.0000000;31840.0000000;31840.0000000;31840.0000000;1
SPFB.MTSI-6.21;60;20210309;230000;31870.0000000;31870.0000000;31800.0000000;31800.0000000;6
SPFB.MTSI-6.21;60;20210310;080000;31996.0000000;31996.0000000;31996.0000000;31996.0000000;1
SPFB.MTSI-6.21;60;20210310;110000;31900.0000000;32004.0000000;31888.0000000;31888.0000000;5
SPFB.MTSI-6.21;60;20210310;120000;32049.0000000;32049.0000000;32009.0000000;32009.0000000;44
SPFB.MTSI-6.21;60;20210310;140000;32029.0000000;32029.0000000;32029.0000000;32029.0000000;1
SPFB.MTSI-6.21;60;20210310;150000;32059.0000000;32069.0000000;31978.0000000;31978.0000000;49
SPFB.MTSI-6.21;60;20210310;160000;31988.0000000;32009.0000000;31888.0000000;31918.0000000;38
SPFB.MTSI-6.21;60;20210310;170000;31900.0000000;31968.0000000;31900.0000000;31968.0000000;13
SPFB.MTSI-6.21;60;20210310;180000;31987.0000000;32019.0000000;31975.0000000;32019.0000000;56
SPFB.MTSI-6.21;60;20210310;190000;32000.0000000;32000.0000000;31975.0000000;31975.0000000;35
SPFB.MTSI-6.21;60;20210310;200000;31805.0000000;31806.0000000;31805.0000000;31806.0000000;2
SPFB.MTSI-6.21;60;20210310;210000;31806.0000000;31870.0000000;31806.0000000;31866.0000000;65
SPFB.MTSI-6.21;60;20210310;220000;31815.0000000;31815.0000000;31815.0000000;31815.0000000;4
SPFB.MTSI-6.21;60;20210310;230000;31883.0000000;31951.0000000;31883.0000000;31951.0000000;2
SPFB.MTSI-6.21;60;20210311;000000;31940.0000000;31940.0000000;31940.0000000;31940.0000000;1
SPFB.MTSI-6.21;60;20210311;090000;31940.0000000;31997.0000000;31940.0000000;31997.0000000;12
SPFB.MTSI-6.21;60;20210311;110000;31997.0000000;32174.0000000;31997.0000000;32035.0000000;49
SPFB.MTSI-6.21;60;20210311;120000;32130.0000000;32170.0000000;32085.0000000;32170.0000000;8
SPFB.MTSI-6.21;60;20210311;130000;32180.0000000;33116.0000000;32085.0000000;32216.0000000;57
SPFB.MTSI-6.21;60;20210311;140000;32271.0000000;32271.0000000;32256.0000000;32256.0000000;9
SPFB.MTSI-6.21;60;20210311;150000;32266.0000000;32275.0000000;32182.0000000;32182.0000000;82
SPFB.MTSI-6.21;60;20210311;160000;32182.0000000;32231.0000000;32167.0000000;32231.0000000;22
SPFB.MTSI-6.21;60;20210311;170000;32162.0000000;32165.0000000;32150.0000000;32150.0000000;55
SPFB.MTSI-6.21;60;20210311;180000;32148.0000000;32148.0000000;32148.0000000;32148.0000000;2
SPFB.MTSI-6.21;60;20210311;190000;32223.0000000;32223.0000000;32222.0000000;32222.0000000;2
SPFB.MTSI-6.21;60;20210311;200000;32286.0000000;32286.0000000;32182.0000000;32194.0000000;73
SPFB.MTSI-6.21;60;20210311;210000;32194.0000000;32226.0000000;32194.0000000;32226.0000000;8
SPFB.MTSI-6.21;60;20210311;220000;32384.0000000;32384.0000000;32334.0000000;32334.0000000;7
SPFB.MTSI-6.21;60;20210311;230000;32334.0000000;32334.0000000;32334.0000000;32334.0000000;2
SPFB.MTSI-6.21;60;20210312;100000;32334.0000000;32334.0000000;32334.0000000;32334.0000000;3
SPFB.MTSI-6.21;60;20210312;110000;32334.0000000;32397.0000000;32334.0000000;32397.0000000;6
SPFB.MTSI-6.21;60;20210312;120000;32404.0000000;32404.0000000;32400.0000000;32400.0000000;2
SPFB.MTSI-6.21;60;20210312;130000;32369.0000000;32400.0000000;32299.0000000;32299.0000000;21
SPFB.MTSI-6.21;60;20210312;140000;32349.0000000;32355.0000000;32348.0000000;32348.0000000;9
SPFB.MTSI-6.21;60;20210312;150000;32409.0000000;32409.0000000;32409.0000000;32409.0000000;1
SPFB.MTSI-6.21;60;20210312;160000;32409.0000000;32409.0000000;32409.0000000;32409.0000000;4
SPFB.MTSI-6.21;60;20210312;170000;32409.0000000;32460.0000000;32409.0000000;32445.0000000;16
SPFB.MTSI-6.21;60;20210312;180000;32430.0000000;32564.0000000;32400.0000000;32564.0000000;22
SPFB.MTSI-6.21;60;20210312;190000;32554.0000000;32684.0000000;32554.0000000;32605.0000000;15
SPFB.MTSI-6.21;60;20210312;200000;32565.0000000;32565.0000000;32353.0000000;32353.0000000;23
SPFB.MTSI-6.21;60;20210312;220000;32307.0000000;32341.0000000;32266.0000000;32266.0000000;32
SPFB.MTSI-6.21;60;20210312;230000;32326.0000000;32340.0000000;32326.0000000;32330.0000000;9
SPFB.MTSI-6.21;60;20210313;000000;32356.0000000;32356.0000000;32356.0000000;32356.0000000;3
SPFB.MTSI-6.21;60;20210315;080000;32507.0000000;32507.0000000;32507.0000000;32507.0000000;2
SPFB.MTSI-6.21;60;20210315;090000;32507.0000000;32507.0000000;32507.0000000;32507.0000000;4
SPFB.MTSI-6.21;60;20210315;110000;32560.0000000;33150.0000000;32002.0000000;32480.0000000;186
SPFB.MTSI-6.21;60;20210315;120000;32533.0000000;32668.0000000;32533.0000000;32648.0000000;14
SPFB.MTSI-6.21;60;20210315;130000;32679.0000000;32750.0000000;32679.0000000;32724.0000000;19
SPFB.MTSI-6.21;60;20210315;140000;32730.0000000;32750.0000000;32687.0000000;32687.0000000;80
SPFB.MTSI-6.21;60;20210315;150000;32669.0000000;32678.0000000;32590.0000000;32665.0000000;51
SPFB.MTSI-6.21;60;20210315;160000;32686.0000000;32700.0000000;32676.0000000;32700.0000000;11
SPFB.MTSI-6.21;60;20210315;170000;32700.0000000;32700.0000000;32480.0000000;32496.0000000;23
SPFB.MTSI-6.21;60;20210315;180000;32494.0000000;32506.0000000;32400.0000000;32464.0000000;65
SPFB.MTSI-6.21;60;20210315;190000;32561.0000000;32566.0000000;32425.0000000;32425.0000000;9
SPFB.MTSI-6.21;60;20210315;200000;32452.0000000;32727.0000000;32395.0000000;32727.0000000;20
SPFB.MTSI-6.21;60;20210315;220000;32430.0000000;32430.0000000;32430.0000000;32430.0000000;2
SPFB.MTSI-6.21;60;20210316;090000;32700.0000000;32700.0000000;32700.0000000;32700.0000000;1
SPFB.MTSI-6.21;60;20210316;110000;32550.0000000;32624.0000000;32491.0000000;32491.0000000;26
SPFB.MTSI-6.21;60;20210316;120000;32448.0000000;32454.0000000;32368.0000000;32368.0000000;55
SPFB.MTSI-6.21;60;20210316;130000;32397.0000000;32436.0000000;32383.0000000;32415.0000000;53
SPFB.MTSI-6.21;60;20210316;140000;32453.0000000;32505.0000000;32430.0000000;32440.0000000;26
SPFB.MTSI-6.21;60;20210316;150000;32562.0000000;32570.0000000;32530.0000000;32530.0000000;25
SPFB.MTSI-6.21;60;20210316;160000;32520.0000000;32520.0000000;32343.0000000;32370.0000000;1008
SPFB.MTSI-6.21;60;20210316;170000;32373.0000000;32436.0000000;32260.0000000;32305.0000000;131
SPFB.MTSI-6.21;60;20210316;180000;32269.0000000;32269.0000000;32140.0000000;32235.0000000;108
SPFB.MTSI-6.21;60;20210316;190000;32265.0000000;32399.0000000;32247.0000000;32399.0000000;74
SPFB.MTSI-6.21;60;20210316;200000;32301.0000000;32301.0000000;32181.0000000;32201.0000000;135
SPFB.MTSI-6.21;60;20210316;210000;32197.0000000;32203.0000000;32174.0000000;32174.0000000;39
SPFB.MTSI-6.21;60;20210316;220000;32184.0000000;32189.0000000;32165.0000000;32180.0000000;49
SPFB.MTSI-6.21;60;20210316;230000;32170.0000000;32220.0000000;32157.0000000;32161.0000000;50
SPFB.MTSI-6.21;60;20210317;000000;32219.0000000;32219.0000000;32200.0000000;32200.0000000;2
SPFB.MTSI-6.21;60;20210317;080000;32200.0000000;32347.0000000;32171.0000000;32347.0000000;6
SPFB.MTSI-6.21;60;20210317;090000;32250.0000000;32347.0000000;32250.0000000;32280.0000000;11
SPFB.MTSI-6.21;60;20210317;100000;32202.0000000;32202.0000000;32202.0000000;32202.0000000;5
SPFB.MTSI-6.21;60;20210317;110000;32242.0000000;32303.0000000;32210.0000000;32300.0000000;43
SPFB.MTSI-6.21;60;20210317;120000;32300.0000000;32331.0000000;32200.0000000;32200.0000000;505
SPFB.MTSI-6.21;60;20210317;130000;32228.0000000;32230.0000000;32188.0000000;32188.0000000;42
SPFB.MTSI-6.21;60;20210317;140000;32189.0000000;32210.0000000;32189.0000000;32210.0000000;42
SPFB.MTSI-6.21;60;20210317;150000;32188.0000000;32290.0000000;32170.0000000;32255.0000000;80
SPFB.MTSI-6.21;60;20210317;160000;32227.0000000;32228.0000000;32189.0000000;32189.0000000;53
SPFB.MTSI-6.21;60;20210317;170000;32210.0000000;32281.0000000;31950.0000000;32018.0000000;318
SPFB.MTSI-6.21;60;20210317;180000;32001.0000000;32001.0000000;31900.0000000;31982.0000000;360
SPFB.MTSI-6.21;60;20210317;190000;31952.0000000;32067.0000000;31920.0000000;32067.0000000;30
SPFB.MTSI-6.21;60;20210317;200000;32074.0000000;32107.0000000;32074.0000000;32093.0000000;18
SPFB.MTSI-6.21;60;20210317;210000;32087.0000000;32093.0000000;32087.0000000;32088.0000000;9
SPFB.MTSI-6.21;60;20210317;220000;32108.0000000;32153.0000000;32108.0000000;32153.0000000;4
SPFB.MTSI-6.21;60;20210317;230000;32153.0000000;32229.0000000;32100.0000000;32100.0000000;14
SPFB.MTSI-6.21;60;20210318;000000;32100.0000000;32200.0000000;32032.0000000;32200.0000000;11
SPFB.MTSI-6.21;60;20210318;080000;32200.0000000;32200.0000000;32111.0000000;32111.0000000;3
SPFB.MTSI-6.21;60;20210318;090000;32111.0000000;32111.0000000;32111.0000000;32111.0000000;2
SPFB.MTSI-6.21;60;20210318;100000;32111.0000000;32120.0000000;32111.0000000;32120.0000000;3
SPFB.MTSI-6.21;60;20210318;110000;32180.0000000;32237.0000000;32117.0000000;32118.0000000;95
SPFB.MTSI-6.21;60;20210318;120000;32127.0000000;32133.0000000;32060.0000000;32133.0000000;179
SPFB.MTSI-6.21;60;20210318;130000;32068.0000000;32109.0000000;32068.0000000;32089.0000000;28
SPFB.MTSI-6.21;60;20210318;140000;32178.0000000;32179.0000000;32169.0000000;32169.0000000;6
SPFB.MTSI-6.21;60;20210318;150000;32169.0000000;32169.0000000;32099.0000000;32109.0000000;91
SPFB.MTSI-6.21;60;20210318;160000;32090.0000000;32148.0000000;32090.0000000;32148.0000000;7
SPFB.MTSI-6.21;60;20210318;170000;32166.0000000;32167.0000000;32097.0000000;32156.0000000;51
SPFB.MTSI-6.21;60;20210318;180000;32164.0000000;32164.0000000;32050.0000000;32139.0000000;282
SPFB.MTSI-6.21;60;20210318;190000;32090.0000000;32100.0000000;32030.0000000;32040.0000000;32
SPFB.MTSI-6.21;60;20210318;200000;32052.0000000;32101.0000000;32052.0000000;32101.0000000;11
SPFB.MTSI-6.21;60;20210318;210000;32047.0000000;32067.0000000;32046.0000000;32058.0000000;26
SPFB.MTSI-6.21;60;20210318;220000;32048.0000000;32053.0000000;31947.0000000;31947.0000000;110
SPFB.MTSI-6.21;60;20210318;230000;31959.0000000;31979.0000000;31854.0000000;31880.0000000;40
SPFB.MTSI-6.21;60;20210319;000000;31886.0000000;31972.0000000;31886.0000000;31950.0000000;28
SPFB.MTSI-6.21;60;20210319;090000;31900.0000000;31900.0000000;31816.0000000;31816.0000000;10
SPFB.MTSI-6.21;60;20210319;100000;31950.0000000;32065.0000000;31950.0000000;32065.0000000;14
SPFB.MTSI-6.21;60;20210319;110000;32100.0000000;32241.0000000;32100.0000000;32200.0000000;90
SPFB.MTSI-6.21;60;20210319;120000;32220.0000000;32220.0000000;32137.0000000;32179.0000000;347
SPFB.MTSI-6.21;60;20210319;130000;32160.0000000;32160.0000000;32131.0000000;32131.0000000;11
SPFB.MTSI-6.21;60;20210319;140000;32160.0000000;32207.0000000;32068.0000000;32068.0000000;62
SPFB.MTSI-6.21;60;20210319;150000;32043.0000000;32043.0000000;31881.0000000;31911.0000000;136
SPFB.MTSI-6.21;60;20210319;160000;31888.0000000;31980.0000000;31888.0000000;31904.0000000;16
SPFB.MTSI-6.21;60;20210319;170000;31903.0000000;31903.0000000;31650.0000000;31700.0000000;278
SPFB.MTSI-6.21;60;20210319;180000;31750.0000000;31834.0000000;31721.0000000;31721.0000000;62
SPFB.MTSI-6.21;60;20210319;190000;31790.0000000;31790.0000000;31705.0000000;31705.0000000;19
SPFB.MTSI-6.21;60;20210319;200000;31750.0000000;31790.0000000;31750.0000000;31751.0000000;9
SPFB.MTSI-6.21;60;20210319;210000;31790.0000000;31790.0000000;31789.0000000;31790.0000000;8
SPFB.MTSI-6.21;60;20210319;220000;31800.0000000;31835.0000000;31800.0000000;31835.0000000;6
SPFB.MTSI-6.21;60;20210319;230000;31834.0000000;31834.0000000;31834.0000000;31834.0000000;2
SPFB.MTSI-6.21;60;20210320;000000;31796.0000000;31835.0000000;31796.0000000;31835.0000000;19
SPFB.MTSI-6.21;60;20210322;080000;31853.0000000;31900.0000000;31853.0000000;31900.0000000;13
SPFB.MTSI-6.21;60;20210322;090000;31854.0000000;31900.0000000;31854.0000000;31900.0000000;4
SPFB.MTSI-6.21;60;20210322;100000;31900.0000000;31924.0000000;31853.0000000;31853.0000000;28
SPFB.MTSI-6.21;60;20210322;110000;31922.0000000;31980.0000000;31834.0000000;31905.0000000;253
SPFB.MTSI-6.21;60;20210322;120000;31905.0000000;31919.0000000;31904.0000000;31908.0000000;55
SPFB.MTSI-6.21;60;20210322;130000;31876.0000000;31876.0000000;31817.0000000;31828.0000000;114
SPFB.MTSI-6.21;60;20210322;140000;31875.0000000;31875.0000000;31875.0000000;31875.0000000;1
SPFB.MTSI-6.21;60;20210322;150000;31880.0000000;31880.0000000;31839.0000000;31859.0000000;55
SPFB.MTSI-6.21;60;20210322;160000;31858.0000000;31864.0000000;31814.0000000;31846.0000000;50
SPFB.MTSI-6.21;60;20210322;170000;31836.0000000;31868.0000000;31779.0000000;31779.0000000;45
SPFB.MTSI-6.21;60;20210322;180000;31878.0000000;31883.0000000;31820.0000000;31850.0000000;45
SPFB.MTSI-6.21;60;20210322;190000;31889.0000000;31900.0000000;31854.0000000;31899.0000000;17
SPFB.MTSI-6.21;60;20210322;200000;31802.0000000;31968.0000000;31795.0000000;31968.0000000;4
SPFB.MTSI-6.21;60;20210322;210000;31946.0000000;31946.0000000;31946.0000000;31946.0000000;1
SPFB.MTSI-6.21;60;20210322;220000;31947.0000000;31968.0000000;31947.0000000;31968.0000000;4
SPFB.MTSI-6.21;60;20210322;230000;31902.0000000;31903.0000000;31902.0000000;31903.0000000;14
SPFB.MTSI-6.21;60;20210323;000000;31950.0000000;31990.0000000;31950.0000000;31990.0000000;18
SPFB.MTSI-6.21;60;20210323;080000;31900.0000000;32050.0000000;31851.0000000;31851.0000000;27
SPFB.MTSI-6.21;60;20210323;110000;31948.0000000;31949.0000000;31920.0000000;31944.0000000;11
SPFB.MTSI-6.21;60;20210323;120000;31950.0000000;31960.0000000;31932.0000000;31932.0000000;13
SPFB.MTSI-6.21;60;20210323;130000;31950.0000000;31951.0000000;31933.0000000;31933.0000000;4
SPFB.MTSI-6.21;60;20210323;140000;31962.0000000;31998.0000000;31898.0000000;31907.0000000;713
SPFB.MTSI-6.21;60;20210323;150000;31915.0000000;31915.0000000;31895.0000000;31895.0000000;6
SPFB.MTSI-6.21;60;20210323;160000;31909.0000000;31909.0000000;31909.0000000;31909.0000000;1
SPFB.MTSI-6.21;60;20210323;170000;31900.0000000;31900.0000000;31801.0000000;31899.0000000;22
SPFB.MTSI-6.21;60;20210323;180000;31900.0000000;31939.0000000;31900.0000000;31925.0000000;26
SPFB.MTSI-6.21;60;20210323;190000;31929.0000000;31929.0000000;31801.0000000;31801.0000000;18
SPFB.MTSI-6.21;60;20210323;200000;31801.0000000;31801.0000000;31801.0000000;31801.0000000;2
SPFB.MTSI-6.21;60;20210323;210000;31913.0000000;31913.0000000;31803.0000000;31803.0000000;13
SPFB.MTSI-6.21;60;20210323;220000;31804.0000000;31805.0000000;31804.0000000;31805.0000000;2
SPFB.MTSI-6.21;60;20210323;230000;31804.0000000;31804.0000000;31802.0000000;31802.0000000;4
SPFB.MTSI-6.21;60;20210324;000000;31850.0000000;31850.0000000;31825.0000000;31850.0000000;21
SPFB.MTSI-6.21;60;20210324;080000;31803.0000000;31803.0000000;31803.0000000;31803.0000000;4
SPFB.MTSI-6.21;60;20210324;090000;31929.0000000;31929.0000000;31929.0000000;31929.0000000;1
SPFB.MTSI-6.21;60;20210324;100000;31802.0000000;31802.0000000;31802.0000000;31802.0000000;1
SPFB.MTSI-6.21;60;20210324;110000;31803.0000000;31858.0000000;31802.0000000;31858.0000000;23
SPFB.MTSI-6.21;60;20210324;120000;31920.0000000;31920.0000000;31723.0000000;31752.0000000;87
SPFB.MTSI-6.21;60;20210324;130000;31752.0000000;31803.0000000;31722.0000000;31752.0000000;43
SPFB.MTSI-6.21;60;20210324;140000;31743.0000000;31743.0000000;31677.0000000;31677.0000000;288
SPFB.MTSI-6.21;60;20210324;150000;31698.0000000;31700.0000000;31625.0000000;31700.0000000;45
SPFB.MTSI-6.21;60;20210324;160000;31676.0000000;31733.0000000;31675.0000000;31733.0000000;88
SPFB.MTSI-6.21;60;20210324;170000;31723.0000000;31743.0000000;31559.0000000;31600.0000000;136
SPFB.MTSI-6.21;60;20210324;180000;31631.0000000;31632.0000000;31550.0000000;31591.0000000;41
SPFB.MTSI-6.21;60;20210324;190000;31646.0000000;31660.0000000;31641.0000000;31650.0000000;28
SPFB.MTSI-6.21;60;20210324;200000;31620.0000000;31744.0000000;31620.0000000;31700.0000000;50
SPFB.MTSI-6.21;60;20210324;210000;31700.0000000;31700.0000000;31606.0000000;31606.0000000;19
SPFB.MTSI-6.21;60;20210324;220000;31608.0000000;31734.0000000;31606.0000000;31606.0000000;15
SPFB.MTSI-6.21;60;20210324;230000;31719.0000000;31719.0000000;31719.0000000;31719.0000000;3
SPFB.MTSI-6.21;60;20210325;000000;31601.0000000;31601.0000000;31500.0000000;31500.0000000;89
SPFB.MTSI-6.21;60;20210325;100000;31550.0000000;31655.0000000;31550.0000000;31550.0000000;6
SPFB.MTSI-6.21;60;20210325;110000;31644.0000000;31655.0000000;31644.0000000;31655.0000000;34
SPFB.MTSI-6.21;60;20210325;120000;31660.0000000;31660.0000000;31604.0000000;31618.0000000;42
SPFB.MTSI-6.21;60;20210325;130000;31608.0000000;31649.0000000;31600.0000000;31649.0000000;21
SPFB.MTSI-6.21;60;20210325;140000;31650.0000000;31650.0000000;31597.0000000;31635.0000000;8
SPFB.MTSI-6.21;60;20210325;150000;31603.0000000;31603.0000000;31526.0000000;31526.0000000;21
SPFB.MTSI-6.21;60;20210325;160000;31511.0000000;31581.0000000;31507.0000000;31508.0000000;22
SPFB.MTSI-6.21;60;20210325;170000;31507.0000000;31507.0000000;31351.0000000;31420.0000000;198
SPFB.MTSI-6.21;60;20210325;180000;31420.0000000;31460.0000000;31373.0000000;31447.0000000;133
SPFB.MTSI-6.21;60;20210325;190000;31489.0000000;31500.0000000;31432.0000000;31500.0000000;95
SPFB.MTSI-6.21;60;20210325;200000;31497.0000000;31497.0000000;31400.0000000;31497.0000000;8
SPFB.MTSI-6.21;60;20210325;210000;31555.0000000;31555.0000000;31425.0000000;31546.0000000;7
SPFB.MTSI-6.21;60;20210325;220000;31540.0000000;31549.0000000;31540.0000000;31549.0000000;2
SPFB.MTSI-6.21;60;20210325;230000;31544.0000000;31597.0000000;31497.0000000;31497.0000000;32
SPFB.MTSI-6.21;60;20210326;000000;31547.0000000;31556.0000000;31547.0000000;31556.0000000;8
SPFB.MTSI-6.21;60;20210326;080000;31599.0000000;31683.0000000;31482.0000000;31482.0000000;10
SPFB.MTSI-6.21;60;20210326;100000;31579.0000000;31595.0000000;31579.0000000;31595.0000000;12
SPFB.MTSI-6.21;60;20210326;110000;31595.0000000;31691.0000000;31595.0000000;31691.0000000;12
SPFB.MTSI-6.21;60;20210326;120000;31521.0000000;31526.0000000;31475.0000000;31475.0000000;109
SPFB.MTSI-6.21;60;20210326;130000;31535.0000000;31566.0000000;31465.0000000;31566.0000000;9
SPFB.MTSI-6.21;60;20210326;140000;31500.0000000;31501.0000000;31500.0000000;31500.0000000;10
SPFB.MTSI-6.21;60;20210326;160000;31501.0000000;31501.0000000;31501.0000000;31501.0000000;3
SPFB.MTSI-6.21;60;20210326;170000;31568.0000000;31568.0000000;31466.0000000;31466.0000000;118
SPFB.MTSI-6.21;60;20210326;180000;31466.0000000;31498.0000000;31436.0000000;31498.0000000;38
SPFB.MTSI-6.21;60;20210326;190000;31498.0000000;31499.0000000;31455.0000000;31455.0000000;7
SPFB.MTSI-6.21;60;20210326;210000;31456.0000000;31555.0000000;31456.0000000;31555.0000000;4
SPFB.MTSI-6.21;60;20210326;220000;31530.0000000;31530.0000000;31530.0000000;31530.0000000;1
SPFB.MTSI-6.21;60;20210326;230000;31497.0000000;31530.0000000;31497.0000000;31530.0000000;8
SPFB.MTSI-6.21;60;20210327;000000;31550.0000000;31550.0000000;31501.0000000;31501.0000000;2
SPFB.MTSI-6.21;60;20210329;080000;31503.0000000;31503.0000000;31503.0000000;31503.0000000;1
SPFB.MTSI-6.21;60;20210329;100000;31501.0000000;31501.0000000;31501.0000000;31501.0000000;1
SPFB.MTSI-6.21;60;20210329;110000;31559.0000000;31590.0000000;31508.0000000;31580.0000000;22
SPFB.MTSI-6.21;60;20210329;120000;31597.0000000;31656.0000000;31597.0000000;31636.0000000;7
SPFB.MTSI-6.21;60;20210329;130000;31635.0000000;31635.0000000;31533.0000000;31533.0000000;6
SPFB.MTSI-6.21;60;20210329;140000;31537.0000000;31537.0000000;31537.0000000;31537.0000000;1
SPFB.MTSI-6.21;60;20210329;150000;31636.0000000;31636.0000000;31600.0000000;31600.0000000;6
SPFB.MTSI-6.21;60;20210329;160000;31588.0000000;31588.0000000;31528.0000000;31542.0000000;91
SPFB.MTSI-6.21;60;20210329;170000;31534.0000000;31567.0000000;31417.0000000;31499.0000000;24
SPFB.MTSI-6.21;60;20210329;180000;31514.0000000;31515.0000000;31444.0000000;31444.0000000;20
SPFB.MTSI-6.21;60;20210329;190000;31417.0000000;31480.0000000;31402.0000000;31480.0000000;17
SPFB.MTSI-6.21;60;20210329;200000;31520.0000000;31520.0000000;31504.0000000;31504.0000000;6
SPFB.MTSI-6.21;60;20210329;210000;31504.0000000;31504.0000000;31432.0000000;31504.0000000;24
SPFB.MTSI-6.21;60;20210329;220000;31504.0000000;31504.0000000;31450.0000000;31450.0000000;13
SPFB.MTSI-6.21;60;20210329;230000;31432.0000000;31499.0000000;31432.0000000;31499.0000000;3
SPFB.MTSI-6.21;60;20210330;000000;31503.0000000;31504.0000000;31503.0000000;31504.0000000;8
SPFB.MTSI-6.21;60;20210330;080000;31500.0000000;31547.0000000;31500.0000000;31547.0000000;2
SPFB.MTSI-6.21;60;20210330;090000;31471.0000000;31471.0000000;31471.0000000;31471.0000000;1
SPFB.MTSI-6.21;60;20210330;100000;31471.0000000;31591.0000000;31471.0000000;31591.0000000;5
SPFB.MTSI-6.21;60;20210330;110000;31550.0000000;31645.0000000;31550.0000000;31615.0000000;77
SPFB.MTSI-6.21;60;20210330;120000;31601.0000000;31601.0000000;31551.0000000;31559.0000000;36
SPFB.MTSI-6.21;60;20210330;130000;31490.0000000;31631.0000000;31477.0000000;31631.0000000;29
SPFB.MTSI-6.21;60;20210330;140000;31550.0000000;31613.0000000;31548.0000000;31613.0000000;3
SPFB.MTSI-6.21;60;20210330;150000;31599.0000000;31599.0000000;31507.0000000;31520.0000000;9
SPFB.MTSI-6.21;60;20210330;160000;31524.0000000;31583.0000000;31523.0000000;31580.0000000;8
SPFB.MTSI-6.21;60;20210330;170000;31567.0000000;31572.0000000;31520.0000000;31572.0000000;7
SPFB.MTSI-6.21;60;20210330;180000;31506.0000000;31506.0000000;31506.0000000;31506.0000000;1
SPFB.MTSI-6.21;60;20210330;190000;31565.0000000;31566.0000000;31506.0000000;31555.0000000;79
SPFB.MTSI-6.21;60;20210330;200000;31558.0000000;31558.0000000;31558.0000000;31558.0000000;1
SPFB.MTSI-6.21;60;20210330;210000;31500.0000000;31500.0000000;31476.0000000;31476.0000000;10
SPFB.MTSI-6.21;60;20210330;220000;31560.0000000;31560.0000000;31475.0000000;31475.0000000;12
SPFB.MTSI-6.21;60;20210330;230000;31476.0000000;31476.0000000;31476.0000000;31476.0000000;1
SPFB.MTSI-6.21;60;20210331;000000;31505.0000000;31560.0000000;31505.0000000;31560.0000000;10
SPFB.MTSI-6.21;60;20210331;090000;31571.0000000;31571.0000000;31571.0000000;31571.0000000;1
SPFB.MTSI-6.21;60;20210331;110000;31564.0000000;31619.0000000;31530.0000000;31533.0000000;34
SPFB.MTSI-6.21;60;20210331;120000;31594.0000000;31594.0000000;31534.0000000;31591.0000000;37
SPFB.MTSI-6.21;60;20210331;130000;31553.0000000;31565.0000000;31534.0000000;31565.0000000;11
SPFB.MTSI-6.21;60;20210331;140000;31593.0000000;31594.0000000;31535.0000000;31536.0000000;40
SPFB.MTSI-6.21;60;20210331;150000;31595.0000000;31595.0000000;31574.0000000;31577.0000000;6
SPFB.MTSI-6.21;60;20210331;160000;31600.0000000;31617.0000000;31600.0000000;31600.0000000;27
SPFB.MTSI-6.21;60;20210331;170000;31601.0000000;31649.0000000;31600.0000000;31601.0000000;35
SPFB.MTSI-6.21;60;20210331;180000;31648.0000000;31679.0000000;31648.0000000;31679.0000000;10
SPFB.MTSI-6.21;60;20210331;190000;31601.0000000;31601.0000000;31601.0000000;31601.0000000;6
SPFB.MTSI-6.21;60;20210331;200000;31605.0000000;31625.0000000;31605.0000000;31625.0000000;29
SPFB.MTSI-6.21;60;20210331;210000;31601.0000000;31601.0000000;31600.0000000;31600.0000000;21
SPFB.MTSI-6.21;60;20210331;220000;31619.0000000;31619.0000000;31619.0000000;31619.0000000;1
SPFB.MTSI-6.21;60;20210331;230000;31555.0000000;31555.0000000;31555.0000000;31555.0000000;2
SPFB.MTSI-6.21;60;20210401;000000;31600.0000000;31600.0000000;31600.0000000;31600.0000000;4
SPFB.MTSI-6.21;60;20210401;080000;31620.0000000;31692.0000000;31620.0000000;31692.0000000;6
SPFB.MTSI-6.21;60;20210401;090000;31600.0000000;31600.0000000;31600.0000000;31600.0000000;3
SPFB.MTSI-6.21;60;20210401;110000;31743.0000000;31787.0000000;31621.0000000;31638.0000000;43
SPFB.MTSI-6.21;60;20210401;120000;31638.0000000;31638.0000000;31638.0000000;31638.0000000;1
SPFB.MTSI-6.21;60;20210401;130000;31763.0000000;31780.0000000;31763.0000000;31780.0000000;6
SPFB.MTSI-6.21;60;20210401;140000;31780.0000000;31780.0000000;31701.0000000;31701.0000000;6
SPFB.MTSI-6.21;60;20210401;150000;31733.0000000;31768.0000000;31662.0000000;31662.0000000;13
SPFB.MTSI-6.21;60;20210401;160000;31747.0000000;31775.0000000;31667.0000000;31667.0000000;7
SPFB.MTSI-6.21;60;20210401;170000;31715.0000000;31716.0000000;31670.0000000;31685.0000000;13
SPFB.MTSI-6.21;60;20210401;180000;31719.0000000;31719.0000000;31702.0000000;31718.0000000;5
SPFB.MTSI-6.21;60;20210401;190000;31670.0000000;31751.0000000;31670.0000000;31751.0000000;9
SPFB.MTSI-6.21;60;20210401;210000;31740.0000000;31740.0000000;31740.0000000;31740.0000000;3
SPFB.MTSI-6.21;60;20210401;220000;31700.0000000;31705.0000000;31700.0000000;31705.0000000;3
SPFB.MTSI-6.21;60;20210402;000000;31737.0000000;31737.0000000;31737.0000000;31737.0000000;4
SPFB.MTSI-6.21;60;20210402;080000;31773.0000000;31773.0000000;31735.0000000;31735.0000000;5
SPFB.MTSI-6.21;60;20210402;090000;31773.0000000;31773.0000000;31672.0000000;31672.0000000;2
SPFB.MTSI-6.21;60;20210402;100000;31754.0000000;31773.0000000;31754.0000000;31773.0000000;2
SPFB.MTSI-6.21;60;20210402;110000;31772.0000000;31773.0000000;31760.0000000;31760.0000000;8
SPFB.MTSI-6.21;60;20210402;120000;31715.0000000;31715.0000000;31700.0000000;31701.0000000;16
SPFB.MTSI-6.21;60;20210402;130000;31770.0000000;31770.0000000;31770.0000000;31770.0000000;2
SPFB.MTSI-6.21;60;20210402;140000;31773.0000000;31799.0000000;31773.0000000;31799.0000000;8
SPFB.MTSI-6.21;60;20210402;150000;31751.0000000;31805.0000000;31750.0000000;31775.0000000;24
SPFB.MTSI-6.21;60;20210402;160000;31753.0000000;31753.0000000;31741.0000000;31741.0000000;11
SPFB.MTSI-6.21;60;20210402;170000;31770.0000000;31770.0000000;31760.0000000;31760.0000000;6
SPFB.MTSI-6.21;60;20210402;180000;31776.0000000;31798.0000000;31750.0000000;31798.0000000;15
SPFB.MTSI-6.21;60;20210402;190000;31800.0000000;31848.0000000;31743.0000000;31848.0000000;35
SPFB.MTSI-6.21;60;20210402;200000;31727.0000000;31740.0000000;31700.0000000;31700.0000000;32
SPFB.MTSI-6.21;60;20210402;210000;31750.0000000;31851.0000000;31750.0000000;31851.0000000;6
SPFB.MTSI-6.21;60;20210402;220000;31751.0000000;31849.0000000;31751.0000000;31849.0000000;3
SPFB.MTSI-6.21;60;20210405;080000;31748.0000000;31749.0000000;31748.0000000;31749.0000000;7
SPFB.MTSI-6.21;60;20210405;110000;31844.0000000;31844.0000000;31760.0000000;31770.0000000;20
SPFB.MTSI-6.21;60;20210405;120000;31770.0000000;31770.0000000;31700.0000000;31732.0000000;87
SPFB.MTSI-6.21;60;20210405;130000;31733.0000000;31733.0000000;31733.0000000;31733.0000000;2
SPFB.MTSI-6.21;60;20210405;140000;31700.0000000;31700.0000000;31700.0000000;31700.0000000;13
SPFB.MTSI-6.21;60;20210405;150000;31734.0000000;31734.0000000;31734.0000000;31734.0000000;6
SPFB.MTSI-6.21;60;20210405;160000;31697.0000000;31720.0000000;31690.0000000;31692.0000000;28
SPFB.MTSI-6.21;60;20210405;170000;31692.0000000;31692.0000000;31690.0000000;31691.0000000;20
SPFB.MTSI-6.21;60;20210405;180000;31691.0000000;31691.0000000;31690.0000000;31690.0000000;8
SPFB.MTSI-6.21;60;20210405;190000;31719.0000000;31732.0000000;31681.0000000;31732.0000000;16
SPFB.MTSI-6.21;60;20210405;200000;31675.0000000;31732.0000000;31675.0000000;31732.0000000;4
SPFB.MTSI-6.21;60;20210405;210000;31675.0000000;31790.0000000;31675.0000000;31790.0000000;2
SPFB.MTSI-6.21;60;20210405;220000;31788.0000000;31788.0000000;31788.0000000;31788.0000000;1
SPFB.MTSI-6.21;60;20210405;230000;31780.0000000;31789.0000000;31780.0000000;31789.0000000;7
SPFB.MTSI-6.21;60;20210406;090000;31790.0000000;31800.0000000;31790.0000000;31800.0000000;4
SPFB.MTSI-6.21;60;20210406;100000;31803.0000000;31803.0000000;31803.0000000;31803.0000000;2
SPFB.MTSI-6.21;60;20210406;110000;31789.0000000;31790.0000000;31752.0000000;31790.0000000;10
SPFB.MTSI-6.21;60;20210406;120000;31787.0000000;31799.0000000;31756.0000000;31756.0000000;7
SPFB.MTSI-6.21;60;20210406;130000;31757.0000000;31794.0000000;31757.0000000;31794.0000000;11
SPFB.MTSI-6.21;60;20210406;140000;31785.0000000;31785.0000000;31740.0000000;31750.0000000;17
SPFB.MTSI-6.21;60;20210406;150000;31789.0000000;31789.0000000;31750.0000000;31750.0000000;3
SPFB.MTSI-6.21;60;20210406;160000;31748.0000000;31748.0000000;31675.0000000;31678.0000000;20
SPFB.MTSI-6.21;60;20210406;170000;31677.0000000;31724.0000000;31673.0000000;31700.0000000;20
SPFB.MTSI-6.21;60;20210406;180000;31700.0000000;31711.0000000;31680.0000000;31711.0000000;14
SPFB.MTSI-6.21;60;20210406;190000;31777.0000000;31780.0000000;31777.0000000;31777.0000000;6
SPFB.MTSI-6.21;60;20210406;200000;31685.0000000;31685.0000000;31685.0000000;31685.0000000;3
SPFB.MTSI-6.21;60;20210407;000000;31700.0000000;31700.0000000;31680.0000000;31680.0000000;15
SPFB.MTSI-6.21;60;20210407;110000;31650.0000000;31762.0000000;31650.0000000;31762.0000000;7
SPFB.MTSI-6.21;60;20210407;120000;31748.0000000;31748.0000000;31748.0000000;31748.0000000;1
SPFB.MTSI-6.21;60;20210407;130000;31650.0000000;31650.0000000;31650.0000000;31650.0000000;1
SPFB.MTSI-6.21;60;20210407;140000;31738.0000000;31739.0000000;31654.0000000;31700.0000000;25
SPFB.MTSI-6.21;60;20210407;150000;31653.0000000;31653.0000000;31652.0000000;31652.0000000;2
SPFB.MTSI-6.21;60;20210407;160000;31654.0000000;31654.0000000;31654.0000000;31654.0000000;2
SPFB.MTSI-6.21;60;20210407;170000;31654.0000000;31673.0000000;31654.0000000;31673.0000000;8
SPFB.MTSI-6.21;60;20210407;180000;31685.0000000;31714.0000000;31670.0000000;31688.0000000;27
SPFB.MTSI-6.21;60;20210407;190000;31681.0000000;31722.0000000;31673.0000000;31700.0000000;45
SPFB.MTSI-6.21;60;20210407;200000;31700.0000000;31791.0000000;31700.0000000;31791.0000000;9
SPFB.MTSI-6.21;60;20210407;210000;31702.0000000;31702.0000000;31702.0000000;31702.0000000;1
SPFB.MTSI-6.21;60;20210407;230000;31740.0000000;31740.0000000;31740.0000000;31740.0000000;2
SPFB.MTSI-6.21;60;20210408;000000;31784.0000000;31784.0000000;31784.0000000;31784.0000000;1
SPFB.MTSI-6.21;60;20210408;100000;31760.0000000;31783.0000000;31760.0000000;31783.0000000;3
SPFB.MTSI-6.21;60;20210408;110000;31705.0000000;31740.0000000;31705.0000000;31710.0000000;49
SPFB.MTSI-6.21;60;20210408;120000;31710.0000000;31710.0000000;31703.0000000;31703.0000000;5
SPFB.MTSI-6.21;60;20210408;130000;31704.0000000;31738.0000000;31699.0000000;31738.0000000;19
SPFB.MTSI-6.21;60;20210408;150000;31694.0000000;31694.0000000;31694.0000000;31694.0000000;1
SPFB.MTSI-6.21;60;20210408;160000;31716.0000000;31717.0000000;31663.0000000;31690.0000000;5
SPFB.MTSI-6.21;60;20210408;170000;31687.0000000;31688.0000000;31687.0000000;31688.0000000;3
SPFB.MTSI-6.21;60;20210408;180000;31690.0000000;31690.0000000;31690.0000000;31690.0000000;5
SPFB.MTSI-6.21;60;20210408;190000;31683.0000000;31709.0000000;31660.0000000;31709.0000000;11
SPFB.MTSI-6.21;60;20210408;200000;31688.0000000;31709.0000000;31688.0000000;31709.0000000;4
SPFB.MTSI-6.21;60;20210408;220000;31700.0000000;31700.0000000;31700.0000000;31700.0000000;5
SPFB.MTSI-6.21;60;20210409;110000;31653.0000000;31665.0000000;31653.0000000;31653.0000000;12
SPFB.MTSI-6.21;60;20210409;120000;31686.0000000;31719.0000000;31686.0000000;31699.0000000;4
SPFB.MTSI-6.21;60;20210409;130000;31718.0000000;31718.0000000;31710.0000000;31710.0000000;11
SPFB.MTSI-6.21;60;20210409;140000;31700.0000000;31747.0000000;31687.0000000;31747.0000000;8
SPFB.MTSI-6.21;60;20210409;150000;31690.0000000;31743.0000000;31686.0000000;31743.0000000;18
SPFB.MTSI-6.21;60;20210409;170000;31731.0000000;31731.0000000;31731.0000000;31731.0000000;15
SPFB.MTSI-6.21;60;20210409;180000;31698.0000000;31728.0000000;31698.0000000;31728.0000000;10
SPFB.MTSI-6.21;60;20210409;190000;31723.0000000;31744.0000000;31723.0000000;31744.0000000;24
SPFB.MTSI-6.21;60;20210409;200000;31676.0000000;31676.0000000;31676.0000000;31676.0000000;1
SPFB.MTSI-6.21;60;20210409;230000;31677.0000000;31677.0000000;31676.0000000;31676.0000000;10
SPFB.MTSI-6.21;60;20210410;000000;31677.0000000;31700.0000000;31677.0000000;31700.0000000;6
