<TICKER>;<PER>;<DATE>;<TIME>;<OPEN>;<HIGH>;<LOW>;<CLOSE>;<VOL>
SPFB.MTSI-12.20;60;20200313;160000;32250.0000000;32250.0000000;32250.0000000;32250.0000000;1
SPFB.MTSI-12.20;60;20200319;210000;30094.0000000;30094.0000000;30094.0000000;30094.0000000;2
SPFB.MTSI-12.20;60;20200324;110000;23748.0000000;23748.0000000;23748.0000000;23748.0000000;2
SPFB.MTSI-12.20;60;20200402;190000;35088.0000000;35088.0000000;35088.0000000;35088.0000000;2
SPFB.MTSI-12.20;60;20200409;170000;26017.0000000;26017.0000000;26017.0000000;26017.0000000;2
SPFB.MTSI-12.20;60;20200601;160000;28300.0000000;28300.0000000;28300.0000000;28300.0000000;1
SPFB.MTSI-12.20;60;20200603;160000;31551.0000000;31551.0000000;31551.0000000;31551.0000000;1
SPFB.MTSI-12.20;60;20200619;130000;31902.0000000;32078.0000000;31902.0000000;32078.0000000;3
SPFB.MTSI-12.20;60;20200623;170000;31671.0000000;31671.0000000;31671.0000000;31671.0000000;1
SPFB.MTSI-12.20;60;20200625;110000;29933.0000000;29933.0000000;29933.0000000;29933.0000000;3
SPFB.MTSI-12.20;60;20200708;160000;32438.0000000;32438.0000000;32430.0000000;32430.0000000;3
SPFB.MTSI-12.20;60;20200717;160000;32027.0000000;32027.0000000;32027.0000000;32027.0000000;1
SPFB.MTSI-12.20;60;20200720;230000;32432.0000000;32432.0000000;32432.0000000;32432.0000000;2
SPFB.MTSI-12.20;60;20200721;000000;32432.0000000;32432.0000000;32432.0000000;32432.0000000;1
SPFB.MTSI-12.20;60;20200722;140000;32390.0000000;32390.0000000;32390.0000000;32390.0000000;2
SPFB.MTSI-12.20;60;20200730;160000;32117.0000000;32117.0000000;32117.0000000;32117.0000000;1
SPFB.MTSI-12.20;60;20200731;180000;32465.0000000;32465.0000000;32464.0000000;32464.0000000;2
SPFB.MTSI-12.20;60;20200731;210000;32855.0000000;32855.0000000;32855.0000000;32855.0000000;1
SPFB.MTSI-12.20;60;20200731;220000;32856.0000000;32856.0000000;32856.0000000;32856.0000000;1
SPFB.MTSI-12.20;60;20200803;110000;32973.0000000;32973.0000000;32973.0000000;32973.0000000;1
SPFB.MTSI-12.20;60;20200803;120000;32973.0000000;32973.0000000;32973.0000000;32973.0000000;1
SPFB.MTSI-12.20;60;20200804;120000;33499.0000000;33499.0000000;33499.0000000;33499.0000000;1
SPFB.MTSI-12.20;60;20200804;190000;33294.0000000;33333.0000000;33294.0000000;33333.0000000;3
SPFB.MTSI-12.20;60;20200804;200000;33400.0000000;33400.0000000;33400.0000000;33400.0000000;2
SPFB.MTSI-12.20;60;20200806;160000;33200.0000000;33200.0000000;33200.0000000;33200.0000000;3
SPFB.MTSI-12.20;60;20200806;190000;33200.0000000;33200.0000000;33000.0000000;33000.0000000;3
SPFB.MTSI-12.20;60;20200807;180000;33090.0000000;33090.0000000;33000.0000000;33000.0000000;6
SPFB.MTSI-12.20;60;20200810;180000;33000.0000000;33000.0000000;33000.0000000;33000.0000000;2
SPFB.MTSI-12.20;60;20200811;110000;33000.0000000;33000.0000000;33000.0000000;33000.0000000;1
SPFB.MTSI-12.20;60;20200811;140000;33000.0000000;33000.0000000;33000.0000000;33000.0000000;3
SPFB.MTSI-12.20;60;20200811;160000;33100.0000000;33100.0000000;33000.0000000;33000.0000000;6
SPFB.MTSI-12.20;60;20200817;130000;33521.0000000;33521.0000000;33521.0000000;33521.0000000;1
SPFB.MTSI-12.20;60;20200817;140000;33924.0000000;33924.0000000;33924.0000000;33924.0000000;1
SPFB.MTSI-12.20;60;20200817;200000;33930.0000000;33930.0000000;33930.0000000;33930.0000000;1
SPFB.MTSI-12.20;60;20200818;000000;34256.0000000;34256.0000000;34256.0000000;34256.0000000;1
SPFB.MTSI-12.20;60;20200818;230000;33316.0000000;33316.0000000;33316.0000000;33316.0000000;1
SPFB.MTSI-12.20;60;20200819;160000;34180.0000000;34180.0000000;34180.0000000;34180.0000000;1
SPFB.MTSI-12.20;60;20200820;000000;33950.0000000;33950.0000000;33950.0000000;33950.0000000;1
SPFB.MTSI-12.20;60;20200820;120000;34100.0000000;34100.0000000;34100.0000000;34100.0000000;6
SPFB.MTSI-12.20;60;20200821;150000;34006.0000000;34006.0000000;34006.0000000;34006.0000000;2
SPFB.MTSI-12.20;60;20200821;160000;33867.0000000;33867.0000000;33867.0000000;33867.0000000;2
SPFB.MTSI-12.20;60;20200821;170000;34087.0000000;34087.0000000;34087.0000000;34087.0000000;2
SPFB.MTSI-12.20;60;20200824;160000;34087.0000000;34087.0000000;34087.0000000;34087.0000000;3
SPFB.MTSI-12.20;60;20200824;170000;34087.0000000;34087.0000000;34087.0000000;34087.0000000;2
SPFB.MTSI-12.20;60;20200824;180000;34087.0000000;34087.0000000;34087.0000000;34087.0000000;3
SPFB.MTSI-12.20;60;20200824;190000;34087.0000000;34087.0000000;34087.0000000;34087.0000000;3
SPFB.MTSI-12.20;60;20200826;190000;34252.0000000;34252.0000000;34252.0000000;34252.0000000;1
SPFB.MTSI-12.20;60;20200827;110000;34784.0000000;34784.0000000;34784.0000000;34784.0000000;2
SPFB.MTSI-12.20;60;20200827;130000;34788.0000000;34788.0000000;34788.0000000;34788.0000000;1
SPFB.MTSI-12.20;60;20200827;140000;34939.0000000;34939.0000000;34939.0000000;34939.0000000;4
SPFB.MTSI-12.20;60;20200827;160000;34938.0000000;34938.0000000;34100.0000000;34100.0000000;6
SPFB.MTSI-12.20;60;20200831;170000;34000.0000000;34000.0000000;33910.0000000;33970.0000000;6
SPFB.MTSI-12.20;60;20200831;190000;33987.0000000;33987.0000000;33987.0000000;33987.0000000;1
SPFB.MTSI-12.20;60;20200831;210000;33805.0000000;33805.0000000;33800.0000000;33800.0000000;2
SPFB.MTSI-12.20;60;20200831;220000;33800.0000000;33800.0000000;33800.0000000;33800.0000000;4
SPFB.MTSI-12.20;60;20200901;110000;33746.0000000;33746.0000000;33706.0000000;33706.0000000;3
SPFB.MTSI-12.20;60;20200901;120000;33670.0000000;33670.0000000;33306.0000000;33306.0000000;26
SPFB.MTSI-12.20;60;20200901;130000;33370.0000000;33370.0000000;33370.0000000;33370.0000000;1
SPFB.MTSI-12.20;60;20200901;150000;33570.0000000;33570.0000000;33470.0000000;33470.0000000;8
SPFB.MTSI-12.20;60;20200901;160000;33470.0000000;33470.0000000;33470.0000000;33470.0000000;1
SPFB.MTSI-12.20;60;20200901;170000;33650.0000000;33650.0000000;33650.0000000;33650.0000000;1
SPFB.MTSI-12.20;60;20200901;220000;33570.0000000;33570.0000000;33570.0000000;33570.0000000;3
SPFB.MTSI-12.20;60;20200902;110000;33450.0000000;33450.0000000;33450.0000000;33450.0000000;1
SPFB.MTSI-12.20;60;20200902;160000;34089.0000000;34089.0000000;34089.0000000;34089.0000000;1
SPFB.MTSI-12.20;60;20200902;170000;34089.0000000;34173.0000000;34089.0000000;34100.0000000;4
SPFB.MTSI-12.20;60;20200902;180000;34000.0000000;34000.0000000;34000.0000000;34000.0000000;1
SPFB.MTSI-12.20;60;20200902;190000;34185.0000000;34185.0000000;33780.0000000;33780.0000000;2
SPFB.MTSI-12.20;60;20200902;230000;33750.0000000;33750.0000000;33750.0000000;33750.0000000;2
SPFB.MTSI-12.20;60;20200903;110000;33531.0000000;33531.0000000;33531.0000000;33531.0000000;2
SPFB.MTSI-12.20;60;20200903;170000;33735.0000000;33853.0000000;33650.0000000;33650.0000000;8
SPFB.MTSI-12.20;60;20200903;200000;33660.0000000;33660.0000000;33502.0000000;33502.0000000;14
SPFB.MTSI-12.20;60;20200903;230000;33503.0000000;33503.0000000;32601.0000000;32621.0000000;7
SPFB.MTSI-12.20;60;20200904;110000;33490.0000000;33490.0000000;33490.0000000;33490.0000000;1
SPFB.MTSI-12.20;60;20200904;150000;33300.0000000;33300.0000000;33300.0000000;33300.0000000;5
SPFB.MTSI-12.20;60;20200904;180000;33400.0000000;33400.0000000;33333.0000000;33333.0000000;4
SPFB.MTSI-12.20;60;20200904;190000;33333.0000000;33333.0000000;33333.0000000;33333.0000000;1
SPFB.MTSI-12.20;60;20200905;000000;33333.0000000;33333.0000000;33333.0000000;33333.0000000;1
SPFB.MTSI-12.20;60;20200907;110000;33299.0000000;33334.0000000;33299.0000000;33334.0000000;6
SPFB.MTSI-12.20;60;20200907;120000;33334.0000000;33341.0000000;33333.0000000;33333.0000000;31
SPFB.MTSI-12.20;60;20200907;140000;33000.0000000;33000.0000000;33000.0000000;33000.0000000;2
SPFB.MTSI-12.20;60;20200907;230000;33250.0000000;33250.0000000;33250.0000000;33250.0000000;1
SPFB.MTSI-12.20;60;20200908;000000;33398.0000000;33398.0000000;33398.0000000;33398.0000000;1
SPFB.MTSI-12.20;60;20200908;110000;33399.0000000;33499.0000000;33399.0000000;33499.0000000;7
SPFB.MTSI-12.20;60;20200908;130000;33494.0000000;33494.0000000;33494.0000000;33494.0000000;3
SPFB.MTSI-12.20;60;20200908;160000;33103.0000000;33103.0000000;33101.0000000;33101.0000000;7
SPFB.MTSI-12.20;60;20200908;170000;33010.0000000;33119.0000000;33000.0000000;33119.0000000;19
SPFB.MTSI-12.20;60;20200909;000000;32603.0000000;32603.0000000;31903.0000000;32506.0000000;14
SPFB.MTSI-12.20;60;20200909;110000;32700.0000000;32700.0000000;32600.0000000;32600.0000000;2
SPFB.MTSI-12.20;60;20200909;180000;33099.0000000;33140.0000000;33099.0000000;33100.0000000;5
SPFB.MTSI-12.20;60;20200909;200000;32801.0000000;32801.0000000;32801.0000000;32801.0000000;1
SPFB.MTSI-12.20;60;20200909;220000;33240.0000000;33490.0000000;33240.0000000;33490.0000000;6
SPFB.MTSI-12.20;60;20200910;120000;33100.0000000;33100.0000000;33100.0000000;33100.0000000;1
SPFB.MTSI-12.20;60;20200910;190000;33100.0000000;33100.0000000;33100.0000000;33100.0000000;2
SPFB.MTSI-12.20;60;20200911;110000;33000.0000000;33000.0000000;33000.0000000;33000.0000000;6
SPFB.MTSI-12.20;60;20200911;130000;33000.0000000;33000.0000000;33000.0000000;33000.0000000;1
SPFB.MTSI-12.20;60;20200911;160000;33000.0000000;33148.0000000;31744.0000000;32720.0000000;72
SPFB.MTSI-12.20;60;20200911;170000;33100.0000000;33147.0000000;33100.0000000;33147.0000000;3
SPFB.MTSI-12.20;60;20200911;180000;33147.0000000;33147.0000000;33075.0000000;33075.0000000;9
SPFB.MTSI-12.20;60;20200911;190000;33075.0000000;33075.0000000;33075.0000000;33075.0000000;1
SPFB.MTSI-12.20;60;20200914;110000;33075.0000000;33075.0000000;33075.0000000;33075.0000000;1
SPFB.MTSI-12.20;60;20200914;130000;33005.0000000;33005.0000000;33005.0000000;33005.0000000;1
SPFB.MTSI-12.20;60;20200914;140000;33005.0000000;33023.0000000;33003.0000000;33023.0000000;6
SPFB.MTSI-12.20;60;20200914;150000;33023.0000000;33023.0000000;33010.0000000;33010.0000000;10
SPFB.MTSI-12.20;60;20200914;160000;33012.0000000;33012.0000000;32992.0000000;32992.0000000;30
SPFB.MTSI-12.20;60;20200914;180000;33090.0000000;33091.0000000;33010.0000000;33010.0000000;24
SPFB.MTSI-12.20;60;20200914;190000;33000.0000000;33054.0000000;32954.0000000;33054.0000000;36
SPFB.MTSI-12.20;60;20200914;200000;33000.0000000;33000.0000000;33000.0000000;33000.0000000;1
SPFB.MTSI-12.20;60;20200914;220000;33000.0000000;33000.0000000;33000.0000000;33000.0000000;1
SPFB.MTSI-12.20;60;20200915;120000;33150.0000000;33300.0000000;33020.0000000;33113.0000000;20
SPFB.MTSI-12.20;60;20200915;130000;33312.0000000;33312.0000000;33312.0000000;33312.0000000;1
SPFB.MTSI-12.20;60;20200915;140000;33312.0000000;33329.0000000;33312.0000000;33312.0000000;11
SPFB.MTSI-12.20;60;20200915;150000;33350.0000000;33350.0000000;33350.0000000;33350.0000000;12
SPFB.MTSI-12.20;60;20200915;160000;33366.0000000;33366.0000000;33331.0000000;33331.0000000;13
SPFB.MTSI-12.20;60;20200915;170000;33410.0000000;33498.0000000;33336.0000000;33464.0000000;13
SPFB.MTSI-12.20;60;20200915;180000;33353.0000000;33353.0000000;33351.0000000;33351.0000000;6
SPFB.MTSI-12.20;60;20200915;190000;33413.0000000;33455.0000000;33361.0000000;33361.0000000;8
SPFB.MTSI-12.20;60;20200915;220000;33706.0000000;33707.0000000;33705.0000000;33707.0000000;4
SPFB.MTSI-12.20;60;20200915;230000;33510.0000000;33510.0000000;33500.0000000;33500.0000000;6
SPFB.MTSI-12.20;60;20200916;000000;33500.0000000;33500.0000000;33500.0000000;33500.0000000;5
SPFB.MTSI-12.20;60;20200916;110000;33524.0000000;33571.0000000;33424.0000000;33495.0000000;21
SPFB.MTSI-12.20;60;20200916;120000;33568.0000000;33568.0000000;33495.0000000;33495.0000000;35
SPFB.MTSI-12.20;60;20200916;130000;33544.0000000;33544.0000000;33500.0000000;33540.0000000;7
SPFB.MTSI-12.20;60;20200916;140000;33540.0000000;33540.0000000;33495.0000000;33499.0000000;25
SPFB.MTSI-12.20;60;20200916;150000;33461.0000000;33461.0000000;33461.0000000;33461.0000000;2
SPFB.MTSI-12.20;60;20200916;160000;33470.0000000;33504.0000000;33462.0000000;33485.0000000;9
SPFB.MTSI-12.20;60;20200916;170000;33488.0000000;33504.0000000;33336.0000000;33399.0000000;47
SPFB.MTSI-12.20;60;20200916;180000;33336.0000000;33336.0000000;33333.0000000;33333.0000000;15
SPFB.MTSI-12.20;60;20200916;190000;33460.0000000;33460.0000000;33450.0000000;33457.0000000;14
SPFB.MTSI-12.20;60;20200916;210000;33516.0000000;33569.0000000;33516.0000000;33536.0000000;28
SPFB.MTSI-12.20;60;20200916;220000;33559.0000000;33594.0000000;33559.0000000;33594.0000000;21
SPFB.MTSI-12.20;60;20200916;230000;33553.0000000;33619.0000000;33553.0000000;33580.0000000;30
SPFB.MTSI-12.20;60;20200917;000000;33524.0000000;33854.0000000;33523.0000000;33651.0000000;18
SPFB.MTSI-12.20;60;20200917;110000;33526.0000000;33534.0000000;33321.0000000;33321.0000000;65
SPFB.MTSI-12.20;60;20200917;120000;33387.0000000;33403.0000000;33343.0000000;33403.0000000;24
SPFB.MTSI-12.20;60;20200917;130000;33421.0000000;33449.0000000;33390.0000000;33414.0000000;36
SPFB.MTSI-12.20;60;20200917;140000;33434.0000000;33449.0000000;33434.0000000;33449.0000000;8
SPFB.MTSI-12.20;60;20200917;150000;33442.0000000;33483.0000000;33437.0000000;33483.0000000;12
SPFB.MTSI-12.20;60;20200917;160000;33504.0000000;33564.0000000;33454.0000000;33553.0000000;36
SPFB.MTSI-12.20;60;20200917;170000;33551.0000000;33656.0000000;33384.0000000;33434.0000000;96
SPFB.MTSI-12.20;60;20200917;180000;33470.0000000;33604.0000000;33470.0000000;33557.0000000;42
SPFB.MTSI-12.20;60;20200917;190000;33577.0000000;33589.0000000;33481.0000000;33564.0000000;236
SPFB.MTSI-12.20;60;20200917;200000;33569.0000000;33589.0000000;33549.0000000;33589.0000000;13
SPFB.MTSI-12.20;60;20200917;210000;33584.0000000;33589.0000000;33584.0000000;33589.0000000;2
SPFB.MTSI-12.20;60;20200918;000000;33588.0000000;33995.0000000;33588.0000000;33664.0000000;127
SPFB.MTSI-12.20;60;20200918;110000;33750.0000000;33895.0000000;33580.0000000;33600.0000000;89
SPFB.MTSI-12.20;60;20200918;120000;33632.0000000;33632.0000000;33440.0000000;33526.0000000;24
SPFB.MTSI-12.20;60;20200918;130000;33641.0000000;33760.0000000;33641.0000000;33696.0000000;25
SPFB.MTSI-12.20;60;20200918;140000;33722.0000000;33750.0000000;33685.0000000;33750.0000000;13
SPFB.MTSI-12.20;60;20200918;150000;33728.0000000;33728.0000000;33728.0000000;33728.0000000;1
SPFB.MTSI-12.20;60;20200918;160000;33708.0000000;33708.0000000;33560.0000000;33560.0000000;88
SPFB.MTSI-12.20;60;20200918;170000;33535.0000000;33579.0000000;33459.0000000;33579.0000000;104
SPFB.MTSI-12.20;60;20200918;180000;33443.0000000;33490.0000000;33405.0000000;33417.0000000;19
SPFB.MTSI-12.20;60;20200918;190000;33412.0000000;33444.0000000;33331.0000000;33331.0000000;29
SPFB.MTSI-12.20;60;20200918;210000;33244.0000000;33300.0000000;33201.0000000;33230.0000000;11
SPFB.MTSI-12.20;60;20200918;220000;33250.0000000;33250.0000000;33250.0000000;33250.0000000;1
SPFB.MTSI-12.20;60;20200919;000000;33250.0000000;33256.0000000;33250.0000000;33256.0000000;3
SPFB.MTSI-12.20;60;20200921;110000;33345.0000000;33408.0000000;33255.0000000;33280.0000000;58
SPFB.MTSI-12.20;60;20200921;120000;33211.0000000;33241.0000000;33082.0000000;33082.0000000;56
SPFB.MTSI-12.20;60;20200921;130000;33050.0000000;33060.0000000;33014.0000000;33033.0000000;20
SPFB.MTSI-12.20;60;20200921;140000;33033.0000000;33044.0000000;33013.0000000;33031.0000000;9
SPFB.MTSI-12.20;60;20200921;150000;33038.0000000;33038.0000000;33000.0000000;33000.0000000;11
SPFB.MTSI-12.20;60;20200921;160000;32958.0000000;33225.0000000;32900.0000000;33225.0000000;134
SPFB.MTSI-12.20;60;20200921;170000;33230.0000000;33305.0000000;33186.0000000;33267.0000000;33
SPFB.MTSI-12.20;60;20200921;180000;33240.0000000;33342.0000000;33229.0000000;33280.0000000;25
SPFB.MTSI-12.20;60;20200921;190000;33271.0000000;33315.0000000;33232.0000000;33282.0000000;252
SPFB.MTSI-12.20;60;20200921;200000;33200.0000000;33200.0000000;33200.0000000;33200.0000000;1
SPFB.MTSI-12.20;60;20200921;210000;33250.0000000;33250.0000000;33250.0000000;33250.0000000;1
SPFB.MTSI-12.20;60;20200921;220000;33223.0000000;33320.0000000;33221.0000000;33221.0000000;6
SPFB.MTSI-12.20;60;20200921;230000;33353.0000000;33465.0000000;33353.0000000;33465.0000000;5
SPFB.MTSI-12.20;60;20200922;000000;33400.0000000;33465.0000000;33250.0000000;33250.0000000;10
SPFB.MTSI-12.20;60;20200922;110000;33500.0000000;33526.0000000;33269.0000000;33274.0000000;19
SPFB.MTSI-12.20;60;20200922;120000;33337.0000000;33337.0000000;33312.0000000;33312.0000000;3
SPFB.MTSI-12.20;60;20200922;130000;33347.0000000;33729.0000000;33347.0000000;33725.0000000;153
SPFB.MTSI-12.20;60;20200922;140000;33765.0000000;33968.0000000;33765.0000000;33882.0000000;108
SPFB.MTSI-12.20;60;20200922;150000;33800.0000000;33838.0000000;33800.0000000;33830.0000000;33
SPFB.MTSI-12.20;60;20200922;160000;33825.0000000;33950.0000000;33825.0000000;33950.0000000;168
SPFB.MTSI-12.20;60;20200922;170000;33947.0000000;34085.0000000;33796.0000000;33855.0000000;401
SPFB.MTSI-12.20;60;20200922;180000;33830.0000000;33853.0000000;33809.0000000;33818.0000000;30
SPFB.MTSI-12.20;60;20200922;190000;33814.0000000;33954.0000000;33800.0000000;33954.0000000;13
SPFB.MTSI-12.20;60;20200922;210000;33708.0000000;33899.0000000;33704.0000000;33834.0000000;14
SPFB.MTSI-12.20;60;20200922;220000;33804.0000000;33804.0000000;33727.0000000;33727.0000000;4
SPFB.MTSI-12.20;60;20200922;230000;33777.0000000;33777.0000000;33748.0000000;33777.0000000;10
SPFB.MTSI-12.20;60;20200923;000000;33750.0000000;33753.0000000;33750.0000000;33751.0000000;10
SPFB.MTSI-12.20;60;20200923;110000;33792.0000000;33982.0000000;33770.0000000;33913.0000000;87
SPFB.MTSI-12.20;60;20200923;120000;33963.0000000;34124.0000000;33920.0000000;33958.0000000;41
SPFB.MTSI-12.20;60;20200923;130000;33866.0000000;34000.0000000;33866.0000000;33878.0000000;42
SPFB.MTSI-12.20;60;20200923;140000;33880.0000000;33913.0000000;33825.0000000;33825.0000000;62
SPFB.MTSI-12.20;60;20200923;150000;33861.0000000;33900.0000000;33861.0000000;33880.0000000;57
SPFB.MTSI-12.20;60;20200923;160000;33870.0000000;33966.0000000;33870.0000000;33966.0000000;16
SPFB.MTSI-12.20;60;20200923;170000;33966.0000000;34033.0000000;33839.0000000;33941.0000000;206
SPFB.MTSI-12.20;60;20200923;180000;33912.0000000;33923.0000000;33839.0000000;33877.0000000;57
SPFB.MTSI-12.20;60;20200923;190000;33919.0000000;33919.0000000;33825.0000000;33828.0000000;35
SPFB.MTSI-12.20;60;20200923;200000;33797.0000000;33797.0000000;33741.0000000;33741.0000000;17
SPFB.MTSI-12.20;60;20200923;220000;33741.0000000;33741.0000000;33740.0000000;33740.0000000;9
SPFB.MTSI-12.20;60;20200923;230000;33611.0000000;33611.0000000;33611.0000000;33611.0000000;1
SPFB.MTSI-12.20;60;20200924;000000;33611.0000000;33611.0000000;33506.0000000;33535.0000000;11
SPFB.MTSI-12.20;60;20200924;110000;33533.0000000;33771.0000000;33526.0000000;33535.0000000;135
SPFB.MTSI-12.20;60;20200924;120000;33575.0000000;33575.0000000;33512.0000000;33563.0000000;63
SPFB.MTSI-12.20;60;20200924;130000;33523.0000000;33573.0000000;33471.0000000;33520.0000000;121
SPFB.MTSI-12.20;60;20200924;140000;33600.0000000;33620.0000000;33302.0000000;33522.0000000;45
SPFB.MTSI-12.20;60;20200924;150000;33464.0000000;33544.0000000;33443.0000000;33544.0000000;12
SPFB.MTSI-12.20;60;20200924;160000;33542.0000000;33542.0000000;33542.0000000;33542.0000000;1
SPFB.MTSI-12.20;60;20200924;170000;33454.0000000;33454.0000000;33400.0000000;33400.0000000;3
SPFB.MTSI-12.20;60;20200924;180000;33454.0000000;33454.0000000;33454.0000000;33454.0000000;6
SPFB.MTSI-12.20;60;20200924;190000;33484.0000000;33484.0000000;33428.0000000;33434.0000000;10
SPFB.MTSI-12.20;60;20200924;200000;33530.0000000;33549.0000000;33302.0000000;33302.0000000;20
SPFB.MTSI-12.20;60;20200924;220000;33338.0000000;33338.0000000;33301.0000000;33301.0000000;35
SPFB.MTSI-12.20;60;20200924;230000;33310.0000000;33314.0000000;33300.0000000;33300.0000000;8
SPFB.MTSI-12.20;60;20200925;000000;33300.0000000;33300.0000000;33260.0000000;33260.0000000;9
SPFB.MTSI-12.20;60;20200925;110000;33290.0000000;33455.0000000;33288.0000000;33432.0000000;56
SPFB.MTSI-12.20;60;20200925;120000;33412.0000000;33468.0000000;33368.0000000;33468.0000000;75
SPFB.MTSI-12.20;60;20200925;130000;33480.0000000;33480.0000000;33405.0000000;33460.0000000;42
SPFB.MTSI-12.20;60;20200925;140000;33420.0000000;33435.0000000;33128.0000000;33128.0000000;414
SPFB.MTSI-12.20;60;20200925;150000;33236.0000000;33331.0000000;33236.0000000;33331.0000000;4
SPFB.MTSI-12.20;60;20200925;160000;33251.0000000;33251.0000000;33239.0000000;33239.0000000;10
SPFB.MTSI-12.20;60;20200925;170000;33295.0000000;33390.0000000;33295.0000000;33390.0000000;15
SPFB.MTSI-12.20;60;20200925;180000;33286.0000000;33384.0000000;33264.0000000;33316.0000000;20
SPFB.MTSI-12.20;60;20200925;190000;33297.0000000;33308.0000000;33251.0000000;33263.0000000;38
SPFB.MTSI-12.20;60;20200925;200000;33402.0000000;33475.0000000;33393.0000000;33475.0000000;31
SPFB.MTSI-12.20;60;20200925;210000;33475.0000000;33475.0000000;33373.0000000;33474.0000000;8
SPFB.MTSI-12.20;60;20200925;230000;33468.0000000;33520.0000000;33468.0000000;33520.0000000;129
SPFB.MTSI-12.20;60;20200926;000000;33516.0000000;33575.0000000;33516.0000000;33575.0000000;32
SPFB.MTSI-12.20;60;20200928;110000;33573.0000000;33793.0000000;33566.0000000;33730.0000000;171
SPFB.MTSI-12.20;60;20200928;120000;33716.0000000;33716.0000000;33615.0000000;33615.0000000;9
SPFB.MTSI-12.20;60;20200928;130000;33600.0000000;33600.0000000;33600.0000000;33600.0000000;1
SPFB.MTSI-12.20;60;20200928;140000;33700.0000000;33748.0000000;33700.0000000;33720.0000000;10
SPFB.MTSI-12.20;60;20200928;150000;33757.0000000;33784.0000000;33757.0000000;33784.0000000;9
SPFB.MTSI-12.20;60;20200928;160000;33772.0000000;33825.0000000;33772.0000000;33825.0000000;74
SPFB.MTSI-12.20;60;20200928;170000;33895.0000000;33925.0000000;33756.0000000;33762.0000000;50
SPFB.MTSI-12.20;60;20200928;180000;33762.0000000;33895.0000000;33762.0000000;33895.0000000;45
SPFB.MTSI-12.20;60;20200928;190000;33925.0000000;33977.0000000;33917.0000000;33963.0000000;70
SPFB.MTSI-12.20;60;20200928;200000;34011.0000000;34011.0000000;34011.0000000;34011.0000000;1
SPFB.MTSI-12.20;60;20200928;210000;33997.0000000;33999.0000000;33997.0000000;33999.0000000;2
SPFB.MTSI-12.20;60;20200928;220000;33995.0000000;33995.0000000;33995.0000000;33995.0000000;1
SPFB.MTSI-12.20;60;20200928;230000;34037.0000000;34037.0000000;34037.0000000;34037.0000000;1
SPFB.MTSI-12.20;60;20200929;000000;34037.0000000;34037.0000000;34027.0000000;34027.0000000;7
SPFB.MTSI-12.20;60;20200929;110000;34027.0000000;34107.0000000;33802.0000000;33802.0000000;56
SPFB.MTSI-12.20;60;20200929;120000;33801.0000000;33873.0000000;33552.0000000;33850.0000000;227
SPFB.MTSI-12.20;60;20200929;130000;33847.0000000;33853.0000000;33847.0000000;33853.0000000;3
SPFB.MTSI-12.20;60;20200929;140000;33800.0000000;33800.0000000;33800.0000000;33800.0000000;2
SPFB.MTSI-12.20;60;20200929;150000;33877.0000000;33877.0000000;33799.0000000;33799.0000000;3
SPFB.MTSI-12.20;60;20200929;170000;33762.0000000;33762.0000000;33615.0000000;33716.0000000;91
SPFB.MTSI-12.20;60;20200929;180000;33702.0000000;33702.0000000;33650.0000000;33675.0000000;26
SPFB.MTSI-12.20;60;20200929;190000;33675.0000000;33751.0000000;33659.0000000;33659.0000000;15
SPFB.MTSI-12.20;60;20200929;200000;33631.0000000;33637.0000000;33485.0000000;33485.0000000;85
SPFB.MTSI-12.20;60;20200929;210000;33486.0000000;33486.0000000;33450.0000000;33450.0000000;49
SPFB.MTSI-12.20;60;20200929;220000;33565.0000000;33565.0000000;33565.0000000;33565.0000000;1
SPFB.MTSI-12.20;60;20200929;230000;33523.0000000;33523.0000000;33470.0000000;33470.0000000;9
SPFB.MTSI-12.20;60;20200930;000000;33503.0000000;33503.0000000;33503.0000000;33503.0000000;3
SPFB.MTSI-12.20;60;20200930;110000;33454.0000000;33600.0000000;33412.0000000;33463.0000000;141
SPFB.MTSI-12.20;60;20200930;120000;33447.0000000;33534.0000000;33447.0000000;33459.0000000;19
SPFB.MTSI-12.20;60;20200930;130000;33511.0000000;33530.0000000;33489.0000000;33489.0000000;12
SPFB.MTSI-12.20;60;20200930;140000;33580.0000000;33626.0000000;33575.0000000;33614.0000000;123
SPFB.MTSI-12.20;60;20200930;150000;33649.0000000;33652.0000000;33623.0000000;33623.0000000;37
SPFB.MTSI-12.20;60;20200930;160000;33646.0000000;33646.0000000;33646.0000000;33646.0000000;1
SPFB.MTSI-12.20;60;20200930;170000;33512.0000000;33600.0000000;33400.0000000;33590.0000000;111
SPFB.MTSI-12.20;60;20200930;180000;33534.0000000;33608.0000000;33526.0000000;33600.0000000;10
SPFB.MTSI-12.20;60;20200930;190000;33479.0000000;33484.0000000;33450.0000000;33484.0000000;13
SPFB.MTSI-12.20;60;20200930;200000;33451.0000000;33452.0000000;33450.0000000;33452.0000000;15
SPFB.MTSI-12.20;60;20200930;210000;33387.0000000;33387.0000000;33387.0000000;33387.0000000;1
SPFB.MTSI-12.20;60;20200930;230000;33417.0000000;33417.0000000;33417.0000000;33417.0000000;1
SPFB.MTSI-12.20;60;20201001;000000;33450.0000000;33476.0000000;33450.0000000;33475.0000000;5
SPFB.MTSI-12.20;60;20201001;110000;33488.0000000;33488.0000000;33452.0000000;33455.0000000;12
SPFB.MTSI-12.20;60;20201001;120000;33457.0000000;33457.0000000;33199.0000000;33220.0000000;228
SPFB.MTSI-12.20;60;20201001;130000;33283.0000000;33340.0000000;33275.0000000;33340.0000000;38
SPFB.MTSI-12.20;60;20201001;140000;33360.0000000;33360.0000000;33357.0000000;33357.0000000;18
SPFB.MTSI-12.20;60;20201001;150000;33333.0000000;33368.0000000;33333.0000000;33368.0000000;2
SPFB.MTSI-12.20;60;20201001;170000;33399.0000000;33401.0000000;33368.0000000;33401.0000000;24
SPFB.MTSI-12.20;60;20201001;180000;33327.0000000;33402.0000000;33322.0000000;33402.0000000;177
SPFB.MTSI-12.20;60;20201001;190000;33411.0000000;33487.0000000;33322.0000000;33438.0000000;172
SPFB.MTSI-12.20;60;20201001;200000;33382.0000000;33382.0000000;33307.0000000;33333.0000000;10
SPFB.MTSI-12.20;60;20201002;110000;33322.0000000;33422.0000000;33300.0000000;33352.0000000;101
SPFB.MTSI-12.20;60;20201002;120000;33337.0000000;33349.0000000;33300.0000000;33349.0000000;16
SPFB.MTSI-12.20;60;20201002;130000;33341.0000000;33385.0000000;33317.0000000;33378.0000000;31
SPFB.MTSI-12.20;60;20201002;140000;33384.0000000;33384.0000000;33368.0000000;33368.0000000;10
SPFB.MTSI-12.20;60;20201002;160000;33400.0000000;33467.0000000;33400.0000000;33432.0000000;12
SPFB.MTSI-12.20;60;20201002;170000;33480.0000000;33570.0000000;33480.0000000;33525.0000000;45
SPFB.MTSI-12.20;60;20201002;180000;33525.0000000;33556.0000000;33513.0000000;33543.0000000;69
SPFB.MTSI-12.20;60;20201002;190000;33535.0000000;33569.0000000;33534.0000000;33543.0000000;29
SPFB.MTSI-12.20;60;20201002;200000;33531.0000000;33531.0000000;33503.0000000;33513.0000000;3
SPFB.MTSI-12.20;60;20201002;230000;33575.0000000;33575.0000000;33575.0000000;33575.0000000;1
SPFB.MTSI-12.20;60;20201005;110000;33575.0000000;33625.0000000;33486.0000000;33619.0000000;128
SPFB.MTSI-12.20;60;20201005;120000;33599.0000000;33608.0000000;33555.0000000;33555.0000000;14
SPFB.MTSI-12.20;60;20201005;130000;33542.0000000;33894.0000000;33542.0000000;33817.0000000;395
SPFB.MTSI-12.20;60;20201005;140000;33832.0000000;33841.0000000;33715.0000000;33780.0000000;230
SPFB.MTSI-12.20;60;20201005;150000;33832.0000000;33832.0000000;33800.0000000;33800.0000000;30
SPFB.MTSI-12.20;60;20201005;160000;33800.0000000;33808.0000000;33732.0000000;33770.0000000;17
SPFB.MTSI-12.20;60;20201005;170000;33747.0000000;33814.0000000;33747.0000000;33757.0000000;60
SPFB.MTSI-12.20;60;20201005;180000;33791.0000000;33904.0000000;33730.0000000;33730.0000000;40
SPFB.MTSI-12.20;60;20201005;190000;33750.0000000;33881.0000000;33705.0000000;33855.0000000;126
SPFB.MTSI-12.20;60;20201005;200000;33818.0000000;33818.0000000;33813.0000000;33813.0000000;3
SPFB.MTSI-12.20;60;20201005;210000;33780.0000000;33854.0000000;33771.0000000;33854.0000000;6
SPFB.MTSI-12.20;60;20201005;220000;33800.0000000;33800.0000000;33800.0000000;33800.0000000;6
SPFB.MTSI-12.20;60;20201005;230000;33841.0000000;33886.0000000;33841.0000000;33885.0000000;12
SPFB.MTSI-12.20;60;20201006;000000;33740.0000000;33740.0000000;33740.0000000;33740.0000000;1
SPFB.MTSI-12.20;60;20201006;110000;33837.0000000;33885.0000000;33803.0000000;33831.0000000;83
SPFB.MTSI-12.20;60;20201006;120000;33830.0000000;33925.0000000;33830.0000000;33925.0000000;93
SPFB.MTSI-12.20;60;20201006;130000;33951.0000000;33951.0000000;33893.0000000;33895.0000000;61
SPFB.MTSI-12.20;60;20201006;140000;33878.0000000;33884.0000000;33874.0000000;33876.0000000;54
SPFB.MTSI-12.20;60;20201006;150000;33899.0000000;33920.0000000;33899.0000000;33920.0000000;2
SPFB.MTSI-12.20;60;20201006;160000;33895.0000000;33895.0000000;33882.0000000;33882.0000000;2
SPFB.MTSI-12.20;60;20201006;170000;33883.0000000;33937.0000000;33872.0000000;33937.0000000;80
SPFB.MTSI-12.20;60;20201006;180000;33924.0000000;33924.0000000;33576.0000000;33733.0000000;60
SPFB.MTSI-12.20;60;20201006;190000;33694.0000000;33815.0000000;33651.0000000;33660.0000000;156
SPFB.MTSI-12.20;60;20201006;200000;33635.0000000;33635.0000000;33635.0000000;33635.0000000;4
SPFB.MTSI-12.20;60;20201006;210000;33735.0000000;33761.0000000;33656.0000000;33656.0000000;9
SPFB.MTSI-12.20;60;20201006;220000;33705.0000000;33735.0000000;33402.0000000;33402.0000000;31
SPFB.MTSI-12.20;60;20201006;230000;33538.0000000;33580.0000000;33415.0000000;33564.0000000;24
SPFB.MTSI-12.20;60;20201007;000000;33476.0000000;33490.0000000;33475.0000000;33490.0000000;3
SPFB.MTSI-12.20;60;20201007;110000;33589.0000000;33603.0000000;33534.0000000;33580.0000000;85
SPFB.MTSI-12.20;60;20201007;120000;33577.0000000;33586.0000000;33575.0000000;33580.0000000;19
SPFB.MTSI-12.20;60;20201007;130000;33557.0000000;33585.0000000;33355.0000000;33411.0000000;194
SPFB.MTSI-12.20;60;20201007;140000;33401.0000000;33763.0000000;33106.0000000;33210.0000000;764
SPFB.MTSI-12.20;60;20201007;150000;33139.0000000;33374.0000000;32810.0000000;32900.0000000;549
SPFB.MTSI-12.20;60;20201007;160000;32901.0000000;32970.0000000;32825.0000000;32970.0000000;178
SPFB.MTSI-12.20;60;20201007;170000;32914.0000000;33055.0000000;32867.0000000;32990.0000000;138
SPFB.MTSI-12.20;60;20201007;180000;33003.0000000;33003.0000000;32706.0000000;32712.0000000;331
SPFB.MTSI-12.20;60;20201007;190000;32704.0000000;32782.0000000;32695.0000000;32750.0000000;73
SPFB.MTSI-12.20;60;20201007;200000;32702.0000000;32799.0000000;32702.0000000;32799.0000000;12
SPFB.MTSI-12.20;60;20201007;210000;32799.0000000;32799.0000000;32707.0000000;32707.0000000;14
SPFB.MTSI-12.20;60;20201007;220000;32707.0000000;32799.0000000;32703.0000000;32703.0000000;9
SPFB.MTSI-12.20;60;20201007;230000;32704.0000000;32766.0000000;32501.0000000;32530.0000000;289
SPFB.MTSI-12.20;60;20201008;000000;32530.0000000;32700.0000000;32530.0000000;32700.0000000;24
SPFB.MTSI-12.20;60;20201008;110000;32761.0000000;32900.0000000;32712.0000000;32890.0000000;220
SPFB.MTSI-12.20;60;20201008;120000;32834.0000000;32851.0000000;32752.0000000;32800.0000000;14
SPFB.MTSI-12.20;60;20201008;130000;32774.0000000;32900.0000000;32774.0000000;32900.0000000;58
SPFB.MTSI-12.20;60;20201008;140000;32880.0000000;32881.0000000;32844.0000000;32864.0000000;16
SPFB.MTSI-12.20;60;20201008;150000;32805.0000000;32805.0000000;32805.0000000;32805.0000000;1
SPFB.MTSI-12.20;60;20201008;160000;32811.0000000;32811.0000000;32801.0000000;32801.0000000;2
SPFB.MTSI-12.20;60;20201008;170000;32810.0000000;32986.0000000;32810.0000000;32980.0000000;166
SPFB.MTSI-12.20;60;20201008;180000;32972.0000000;32972.0000000;32888.0000000;32900.0000000;6
SPFB.MTSI-12.20;60;20201008;190000;32887.0000000;32900.0000000;32823.0000000;32887.0000000;121
SPFB.MTSI-12.20;60;20201008;200000;32932.0000000;33004.0000000;32870.0000000;32903.0000000;42
SPFB.MTSI-12.20;60;20201008;210000;32888.0000000;32980.0000000;32888.0000000;32980.0000000;9
SPFB.MTSI-12.20;60;20201008;220000;32977.0000000;32980.0000000;32962.0000000;32980.0000000;10
SPFB.MTSI-12.20;60;20201008;230000;32950.0000000;33049.0000000;32910.0000000;33020.0000000;33
SPFB.MTSI-12.20;60;20201009;000000;33020.0000000;33057.0000000;32994.0000000;33003.0000000;17
SPFB.MTSI-12.20;60;20201009;110000;32901.0000000;33189.0000000;32849.0000000;33189.0000000;765
SPFB.MTSI-12.20;60;20201009;120000;33173.0000000;33280.0000000;33173.0000000;33190.0000000;34
SPFB.MTSI-12.20;60;20201009;130000;33189.0000000;33189.0000000;33052.0000000;33172.0000000;84
SPFB.MTSI-12.20;60;20201009;140000;33190.0000000;33193.0000000;33118.0000000;33149.0000000;14
SPFB.MTSI-12.20;60;20201009;150000;33149.0000000;33200.0000000;33149.0000000;33200.0000000;29
SPFB.MTSI-12.20;60;20201009;160000;33190.0000000;33300.0000000;33183.0000000;33241.0000000;32
SPFB.MTSI-12.20;60;20201009;170000;33275.0000000;33275.0000000;33144.0000000;33168.0000000;69
SPFB.MTSI-12.20;60;20201009;180000;33141.0000000;33181.0000000;33111.0000000;33181.0000000;18
SPFB.MTSI-12.20;60;20201009;190000;33208.0000000;33214.0000000;33168.0000000;33172.0000000;18
SPFB.MTSI-12.20;60;20201009;200000;33249.0000000;33250.0000000;33203.0000000;33203.0000000;6
SPFB.MTSI-12.20;60;20201009;210000;33154.0000000;33154.0000000;33154.0000000;33154.0000000;1
SPFB.MTSI-12.20;60;20201009;220000;33146.0000000;33154.0000000;33096.0000000;33096.0000000;15
SPFB.MTSI-12.20;60;20201010;000000;33160.0000000;33163.0000000;33156.0000000;33156.0000000;11
SPFB.MTSI-12.20;60;20201012;110000;33191.0000000;33374.0000000;33187.0000000;33374.0000000;195
SPFB.MTSI-12.20;60;20201012;120000;33383.0000000;33525.0000000;33322.0000000;33524.0000000;199
SPFB.MTSI-12.20;60;20201012;130000;33454.0000000;33508.0000000;33379.0000000;33379.0000000;6
SPFB.MTSI-12.20;60;20201012;140000;33383.0000000;33449.0000000;33383.0000000;33449.0000000;16
SPFB.MTSI-12.20;60;20201012;150000;33445.0000000;33453.0000000;33445.0000000;33451.0000000;4
SPFB.MTSI-12.20;60;20201012;160000;33430.0000000;33430.0000000;33184.0000000;33323.0000000;33
SPFB.MTSI-12.20;60;20201012;170000;33326.0000000;33373.0000000;33253.0000000;33264.0000000;35
SPFB.MTSI-12.20;60;20201012;180000;33241.0000000;33367.0000000;33241.0000000;33359.0000000;14
SPFB.MTSI-12.20;60;20201012;190000;33386.0000000;33435.0000000;33381.0000000;33393.0000000;19
SPFB.MTSI-12.20;60;20201012;200000;33399.0000000;33399.0000000;33399.0000000;33399.0000000;1
SPFB.MTSI-12.20;60;20201012;210000;33340.0000000;33417.0000000;33304.0000000;33363.0000000;25
SPFB.MTSI-12.20;60;20201012;220000;33300.0000000;33330.0000000;33300.0000000;33330.0000000;3
SPFB.MTSI-12.20;60;20201012;230000;33280.0000000;33280.0000000;33201.0000000;33201.0000000;5
SPFB.MTSI-12.20;60;20201013;000000;33374.0000000;33374.0000000;33374.0000000;33374.0000000;1
SPFB.MTSI-12.20;60;20201013;110000;33255.0000000;33255.0000000;33127.0000000;33235.0000000;96
SPFB.MTSI-12.20;60;20201013;120000;33286.0000000;33472.0000000;33286.0000000;33472.0000000;58
SPFB.MTSI-12.20;60;20201013;130000;33464.0000000;33464.0000000;33464.0000000;33464.0000000;3
SPFB.MTSI-12.20;60;20201013;140000;33425.0000000;33430.0000000;33421.0000000;33426.0000000;26
SPFB.MTSI-12.20;60;20201013;150000;33424.0000000;33434.0000000;33423.0000000;33434.0000000;6
SPFB.MTSI-12.20;60;20201013;160000;33421.0000000;33439.0000000;33315.0000000;33347.0000000;41
SPFB.MTSI-12.20;60;20201013;170000;33314.0000000;33410.0000000;33235.0000000;33235.0000000;147
SPFB.MTSI-12.20;60;20201013;180000;33259.0000000;33303.0000000;33160.0000000;33228.0000000;156
SPFB.MTSI-12.20;60;20201013;190000;33320.0000000;33449.0000000;33320.0000000;33402.0000000;31
SPFB.MTSI-12.20;60;20201013;200000;33401.0000000;33402.0000000;33400.0000000;33400.0000000;27
SPFB.MTSI-12.20;60;20201013;210000;33411.0000000;33411.0000000;33096.0000000;33310.0000000;26
SPFB.MTSI-12.20;60;20201013;220000;33281.0000000;33281.0000000;33265.0000000;33265.0000000;2
SPFB.MTSI-12.20;60;20201013;230000;33275.0000000;33275.0000000;33250.0000000;33250.0000000;4
SPFB.MTSI-12.20;60;20201014;110000;33274.0000000;33316.0000000;33130.0000000;33312.0000000;38
SPFB.MTSI-12.20;60;20201014;120000;33360.0000000;33364.0000000;33262.0000000;33262.0000000;15
SPFB.MTSI-12.20;60;20201014;130000;33302.0000000;33303.0000000;33174.0000000;33303.0000000;50
SPFB.MTSI-12.20;60;20201014;140000;33245.0000000;33245.0000000;33166.0000000;33166.0000000;9
SPFB.MTSI-12.20;60;20201014;150000;33233.0000000;33233.0000000;33150.0000000;33150.0000000;12
SPFB.MTSI-12.20;60;20201014;160000;33171.0000000;33172.0000000;33150.0000000;33172.0000000;80
SPFB.MTSI-12.20;60;20201014;170000;33162.0000000;33287.0000000;33157.0000000;33287.0000000;53
SPFB.MTSI-12.20;60;20201014;180000;33276.0000000;33276.0000000;33162.0000000;33165.0000000;24
SPFB.MTSI-12.20;60;20201014;190000;33257.0000000;33257.0000000;33162.0000000;33162.0000000;16
SPFB.MTSI-12.20;60;20201014;200000;33224.0000000;33295.0000000;33224.0000000;33295.0000000;8
SPFB.MTSI-12.20;60;20201014;210000;33295.0000000;33350.0000000;33227.0000000;33350.0000000;16
SPFB.MTSI-12.20;60;20201014;220000;33349.0000000;33349.0000000;33349.0000000;33349.0000000;9
SPFB.MTSI-12.20;60;20201014;230000;33349.0000000;33450.0000000;33348.0000000;33448.0000000;74
SPFB.MTSI-12.20;60;20201015;000000;33442.0000000;33450.0000000;33442.0000000;33450.0000000;6
SPFB.MTSI-12.20;60;20201015;110000;33450.0000000;33889.0000000;33390.0000000;33390.0000000;204
SPFB.MTSI-12.20;60;20201015;120000;33450.0000000;33470.0000000;33250.0000000;33250.0000000;119
SPFB.MTSI-12.20;60;20201015;130000;33323.0000000;33323.0000000;33275.0000000;33281.0000000;12
SPFB.MTSI-12.20;60;20201015;140000;33281.0000000;33281.0000000;33262.0000000;33270.0000000;8
SPFB.MTSI-12.20;60;20201015;150000;33251.0000000;33276.0000000;33250.0000000;33269.0000000;79
SPFB.MTSI-12.20;60;20201015;160000;33303.0000000;33303.0000000;33270.0000000;33283.0000000;22
SPFB.MTSI-12.20;60;20201015;170000;33269.0000000;33279.0000000;33125.0000000;33155.0000000;130
SPFB.MTSI-12.20;60;20201015;180000;33154.0000000;33154.0000000;32680.0000000;32680.0000000;466
SPFB.MTSI-12.20;60;20201015;190000;32697.0000000;32857.0000000;32679.0000000;32796.0000000;49
SPFB.MTSI-12.20;60;20201015;200000;32562.0000000;32687.0000000;32507.0000000;32600.0000000;17
SPFB.MTSI-12.20;60;20201015;210000;32575.0000000;32598.0000000;32494.0000000;32500.0000000;31
SPFB.MTSI-12.20;60;20201015;220000;32498.0000000;32568.0000000;32401.0000000;32401.0000000;448
SPFB.MTSI-12.20;60;20201015;230000;32505.0000000;32561.0000000;32270.0000000;32326.0000000;245
SPFB.MTSI-12.20;60;20201016;000000;32370.0000000;32410.0000000;32370.0000000;32410.0000000;26
SPFB.MTSI-12.20;60;20201016;110000;32440.0000000;32462.0000000;31959.0000000;32070.0000000;442
SPFB.MTSI-12.20;60;20201016;120000;32097.0000000;32149.0000000;32035.0000000;32085.0000000;71
SPFB.MTSI-12.20;60;20201016;130000;32067.0000000;32398.0000000;31625.0000000;31906.0000000;1019
SPFB.MTSI-12.20;60;20201016;140000;31905.0000000;32108.0000000;31737.0000000;31901.0000000;253
SPFB.MTSI-12.20;60;20201016;150000;31930.0000000;32033.0000000;31930.0000000;32027.0000000;112
SPFB.MTSI-12.20;60;20201016;160000;32024.0000000;32630.0000000;32011.0000000;32500.0000000;539
SPFB.MTSI-12.20;60;20201016;170000;32500.0000000;32614.0000000;32232.0000000;32450.0000000;84
SPFB.MTSI-12.20;60;20201016;180000;32452.0000000;32585.0000000;32393.0000000;32513.0000000;65
SPFB.MTSI-12.20;60;20201016;190000;32494.0000000;32544.0000000;32443.0000000;32483.0000000;24
SPFB.MTSI-12.20;60;20201016;200000;32485.0000000;32530.0000000;32402.0000000;32530.0000000;19
SPFB.MTSI-12.20;60;20201016;210000;32540.0000000;32540.0000000;32540.0000000;32540.0000000;1
SPFB.MTSI-12.20;60;20201016;220000;32540.0000000;32540.0000000;32435.0000000;32448.0000000;21
SPFB.MTSI-12.20;60;20201016;230000;32448.0000000;32448.0000000;32400.0000000;32400.0000000;7
SPFB.MTSI-12.20;60;20201017;000000;32399.0000000;32399.0000000;32348.0000000;32348.0000000;36
SPFB.MTSI-12.20;60;20201019;110000;32540.0000000;32643.0000000;32210.0000000;32210.0000000;201
SPFB.MTSI-12.20;60;20201019;120000;32195.0000000;32237.0000000;32019.0000000;32106.0000000;340
SPFB.MTSI-12.20;60;20201019;130000;32093.0000000;32101.0000000;32010.0000000;32080.0000000;141
SPFB.MTSI-12.20;60;20201019;140000;32150.0000000;32184.0000000;32124.0000000;32184.0000000;57
SPFB.MTSI-12.20;60;20201019;150000;32162.0000000;32162.0000000;32090.0000000;32111.0000000;40
SPFB.MTSI-12.20;60;20201019;160000;32063.0000000;32117.0000000;32022.0000000;32022.0000000;27
SPFB.MTSI-12.20;60;20201019;170000;32027.0000000;32173.0000000;31985.0000000;32103.0000000;40
SPFB.MTSI-12.20;60;20201019;180000;32047.0000000;32047.0000000;31900.0000000;32002.0000000;301
SPFB.MTSI-12.20;60;20201019;190000;32013.0000000;32033.0000000;31960.0000000;31998.0000000;42
SPFB.MTSI-12.20;60;20201019;200000;31959.0000000;31988.0000000;31957.0000000;31988.0000000;13
SPFB.MTSI-12.20;60;20201019;210000;31936.0000000;31999.0000000;31923.0000000;31944.0000000;6
SPFB.MTSI-12.20;60;20201019;220000;31910.0000000;31910.0000000;31796.0000000;31807.0000000;41
SPFB.MTSI-12.20;60;20201019;230000;31807.0000000;31830.0000000;31751.0000000;31771.0000000;44
SPFB.MTSI-12.20;60;20201020;000000;31775.0000000;31826.0000000;31775.0000000;31825.0000000;33
SPFB.MTSI-12.20;60;20201020;110000;31886.0000000;31985.0000000;31869.0000000;31966.0000000;69
SPFB.MTSI-12.20;60;20201020;120000;32037.0000000;32104.0000000;32000.0000000;32000.0000000;69
SPFB.MTSI-12.20;60;20201020;130000;32112.0000000;32112.0000000;32054.0000000;32100.0000000;109
SPFB.MTSI-12.20;60;20201020;140000;32124.0000000;32250.0000000;32108.0000000;32235.0000000;209
SPFB.MTSI-12.20;60;20201020;150000;32233.0000000;32285.0000000;32233.0000000;32240.0000000;68
SPFB.MTSI-12.20;60;20201020;160000;32255.0000000;32273.0000000;32177.0000000;32273.0000000;38
SPFB.MTSI-12.20;60;20201020;170000;32222.0000000;32400.0000000;32202.0000000;32346.0000000;292
SPFB.MTSI-12.20;60;20201020;180000;32372.0000000;32375.0000000;32296.0000000;32370.0000000;24
SPFB.MTSI-12.20;60;20201020;190000;32254.0000000;32335.0000000;32254.0000000;32335.0000000;8
SPFB.MTSI-12.20;60;20201020;200000;32305.0000000;32335.0000000;32291.0000000;32291.0000000;13
SPFB.MTSI-12.20;60;20201020;210000;32328.0000000;32328.0000000;32283.0000000;32283.0000000;4
SPFB.MTSI-12.20;60;20201020;230000;32178.0000000;32284.0000000;32178.0000000;32284.0000000;12
SPFB.MTSI-12.20;60;20201021;000000;32194.0000000;32194.0000000;32194.0000000;32194.0000000;1
SPFB.MTSI-12.20;60;20201021;110000;32300.0000000;32353.0000000;32175.0000000;32200.0000000;93
SPFB.MTSI-12.20;60;20201021;120000;32279.0000000;32279.0000000;32175.0000000;32175.0000000;132
SPFB.MTSI-12.20;60;20201021;130000;32175.0000000;32175.0000000;32134.0000000;32164.0000000;69
SPFB.MTSI-12.20;60;20201021;140000;32100.0000000;32100.0000000;32100.0000000;32100.0000000;22
SPFB.MTSI-12.20;60;20201021;150000;32100.0000000;32118.0000000;32057.0000000;32090.0000000;142
SPFB.MTSI-12.20;60;20201021;160000;32032.0000000;32032.0000000;32000.0000000;32000.0000000;134
SPFB.MTSI-12.20;60;20201021;170000;31988.0000000;32150.0000000;31900.0000000;32140.0000000;106
SPFB.MTSI-12.20;60;20201021;180000;32139.0000000;32231.0000000;32129.0000000;32230.0000000;346
SPFB.MTSI-12.20;60;20201021;190000;32228.0000000;32300.0000000;32222.0000000;32286.0000000;49
SPFB.MTSI-12.20;60;20201021;200000;32293.0000000;32300.0000000;32263.0000000;32263.0000000;19
SPFB.MTSI-12.20;60;20201021;210000;32300.0000000;32315.0000000;32300.0000000;32315.0000000;2
SPFB.MTSI-12.20;60;20201021;220000;32293.0000000;32338.0000000;32280.0000000;32338.0000000;37
SPFB.MTSI-12.20;60;20201021;230000;32280.0000000;32325.0000000;32280.0000000;32325.0000000;10
SPFB.MTSI-12.20;60;20201022;110000;32207.0000000;32340.0000000;32001.0000000;32166.0000000;203
SPFB.MTSI-12.20;60;20201022;120000;32146.0000000;32275.0000000;32125.0000000;32241.0000000;115
SPFB.MTSI-12.20;60;20201022;130000;32250.0000000;32299.0000000;32187.0000000;32283.0000000;84
SPFB.MTSI-12.20;60;20201022;140000;32300.0000000;32353.0000000;32300.0000000;32337.0000000;15
SPFB.MTSI-12.20;60;20201022;150000;32379.0000000;32440.0000000;32365.0000000;32410.0000000;154
SPFB.MTSI-12.20;60;20201022;160000;32391.0000000;32410.0000000;32391.0000000;32410.0000000;3
SPFB.MTSI-12.20;60;20201022;170000;32388.0000000;32445.0000000;31977.0000000;32178.0000000;440
SPFB.MTSI-12.20;60;20201022;180000;32193.0000000;32214.0000000;32160.0000000;32214.0000000;159
SPFB.MTSI-12.20;60;20201022;190000;32225.0000000;32245.0000000;32201.0000000;32245.0000000;65
SPFB.MTSI-12.20;60;20201022;200000;32183.0000000;32183.0000000;32125.0000000;32125.0000000;4
SPFB.MTSI-12.20;60;20201022;210000;32189.0000000;32204.0000000;32180.0000000;32202.0000000;16
SPFB.MTSI-12.20;60;20201022;220000;32239.0000000;32239.0000000;32239.0000000;32239.0000000;3
SPFB.MTSI-12.20;60;20201022;230000;32213.0000000;32213.0000000;32213.0000000;32213.0000000;3
SPFB.MTSI-12.20;60;20201023;000000;32225.0000000;32225.0000000;32225.0000000;32225.0000000;1
SPFB.MTSI-12.20;60;20201023;110000;32192.0000000;32320.0000000;32157.0000000;32191.0000000;25
SPFB.MTSI-12.20;60;20201023;120000;32241.0000000;32299.0000000;32241.0000000;32286.0000000;13
SPFB.MTSI-12.20;60;20201023;130000;32285.0000000;32285.0000000;32269.0000000;32275.0000000;6
SPFB.MTSI-12.20;60;20201023;140000;32250.0000000;32275.0000000;32250.0000000;32264.0000000;42
SPFB.MTSI-12.20;60;20201023;150000;32220.0000000;32220.0000000;32180.0000000;32201.0000000;4
SPFB.MTSI-12.20;60;20201023;160000;32232.0000000;32232.0000000;32232.0000000;32232.0000000;1
SPFB.MTSI-12.20;60;20201023;170000;32202.0000000;32202.0000000;32095.0000000;32105.0000000;188
SPFB.MTSI-12.20;60;20201023;180000;32100.0000000;32109.0000000;32025.0000000;32095.0000000;69
SPFB.MTSI-12.20;60;20201023;190000;32133.0000000;32135.0000000;32071.0000000;32071.0000000;8
SPFB.MTSI-12.20;60;20201023;200000;32005.0000000;32015.0000000;31802.0000000;32015.0000000;45
SPFB.MTSI-12.20;60;20201023;210000;32022.0000000;32025.0000000;31878.0000000;32025.0000000;87
SPFB.MTSI-12.20;60;20201023;220000;32020.0000000;32069.0000000;32017.0000000;32030.0000000;8
SPFB.MTSI-12.20;60;20201023;230000;32030.0000000;32030.0000000;31964.0000000;32023.0000000;7
SPFB.MTSI-12.20;60;20201024;000000;32029.0000000;32029.0000000;31993.0000000;31999.0000000;11
SPFB.MTSI-12.20;60;20201026;110000;32063.0000000;32063.0000000;31967.0000000;32048.0000000;39
SPFB.MTSI-12.20;60;20201026;120000;32072.0000000;32107.0000000;32048.0000000;32107.0000000;6
SPFB.MTSI-12.20;60;20201026;130000;32095.0000000;32118.0000000;32095.0000000;32118.0000000;16
SPFB.MTSI-12.20;60;20201026;140000;32170.0000000;32173.0000000;32158.0000000;32173.0000000;22
SPFB.MTSI-12.20;60;20201026;150000;32173.0000000;32200.0000000;32173.0000000;32190.0000000;9
SPFB.MTSI-12.20;60;20201026;160000;32189.0000000;32197.0000000;32138.0000000;32138.0000000;6
SPFB.MTSI-12.20;60;20201026;170000;32110.0000000;32137.0000000;32093.0000000;32093.0000000;22
SPFB.MTSI-12.20;60;20201026;180000;32089.0000000;32089.0000000;32089.0000000;32089.0000000;1
SPFB.MTSI-12.20;60;20201026;190000;32050.0000000;32089.0000000;31970.0000000;32020.0000000;185
SPFB.MTSI-12.20;60;20201026;200000;31882.0000000;31940.0000000;31803.0000000;31938.0000000;58
SPFB.MTSI-12.20;60;20201026;210000;31922.0000000;31922.0000000;31922.0000000;31922.0000000;1
SPFB.MTSI-12.20;60;20201026;220000;31921.0000000;31922.0000000;31904.0000000;31922.0000000;15
SPFB.MTSI-12.20;60;20201026;230000;31922.0000000;31938.0000000;31871.0000000;31937.0000000;66
SPFB.MTSI-12.20;60;20201027;000000;31936.0000000;31936.0000000;31936.0000000;31936.0000000;2
SPFB.MTSI-12.20;60;20201027;110000;31937.0000000;32142.0000000;31936.0000000;32131.0000000;56
SPFB.MTSI-12.20;60;20201027;120000;32044.0000000;32170.0000000;32044.0000000;32085.0000000;38
SPFB.MTSI-12.20;60;20201027;130000;32005.0000000;32027.0000000;31879.0000000;32027.0000000;63
SPFB.MTSI-12.20;60;20201027;140000;32037.0000000;32095.0000000;32037.0000000;32074.0000000;10
SPFB.MTSI-12.20;60;20201027;150000;32089.0000000;32089.0000000;32014.0000000;32060.0000000;56
SPFB.MTSI-12.20;60;20201027;160000;32059.0000000;32101.0000000;32059.0000000;32094.0000000;14
SPFB.MTSI-12.20;60;20201027;170000;32121.0000000;32183.0000000;32013.0000000;32013.0000000;153
SPFB.MTSI-12.20;60;20201027;180000;32008.0000000;32008.0000000;31921.0000000;32002.0000000;43
SPFB.MTSI-12.20;60;20201027;190000;31943.0000000;31992.0000000;31932.0000000;31992.0000000;145
SPFB.MTSI-12.20;60;20201027;200000;31925.0000000;31925.0000000;31875.0000000;31875.0000000;34
SPFB.MTSI-12.20;60;20201027;210000;31875.0000000;31875.0000000;31825.0000000;31865.0000000;80
SPFB.MTSI-12.20;60;20201027;220000;31858.0000000;31858.0000000;31858.0000000;31858.0000000;3
SPFB.MTSI-12.20;60;20201027;230000;31830.0000000;31851.0000000;31825.0000000;31825.0000000;81
SPFB.MTSI-12.20;60;20201028;110000;31821.0000000;31825.0000000;31555.0000000;31692.0000000;418
SPFB.MTSI-12.20;60;20201028;120000;31697.0000000;31705.0000000;31363.0000000;31367.0000000;187
SPFB.MTSI-12.20;60;20201028;130000;31300.0000000;31427.0000000;31276.0000000;31407.0000000;60
SPFB.MTSI-12.20;60;20201028;140000;31418.0000000;31498.0000000;31408.0000000;31483.0000000;63
SPFB.MTSI-12.20;60;20201028;150000;31517.0000000;31530.0000000;31415.0000000;31440.0000000;120
SPFB.MTSI-12.20;60;20201028;160000;31440.0000000;31550.0000000;31440.0000000;31503.0000000;47
SPFB.MTSI-12.20;60;20201028;170000;31410.0000000;31505.0000000;31371.0000000;31505.0000000;53
SPFB.MTSI-12.20;60;20201028;180000;31509.0000000;31509.0000000;31226.0000000;31289.0000000;58
SPFB.MTSI-12.20;60;20201028;190000;31301.0000000;31460.0000000;31284.0000000;31430.0000000;64
SPFB.MTSI-12.20;60;20201028;200000;31491.0000000;31604.0000000;31490.0000000;31600.0000000;30
SPFB.MTSI-12.20;60;20201028;210000;31530.0000000;31536.0000000;31466.0000000;31476.0000000;14
SPFB.MTSI-12.20;60;20201028;220000;31480.0000000;31501.0000000;31467.0000000;31501.0000000;4
SPFB.MTSI-12.20;60;20201028;230000;31560.0000000;31619.0000000;31560.0000000;31560.0000000;12
SPFB.MTSI-12.20;60;20201029;000000;31550.0000000;31574.0000000;31550.0000000;31574.0000000;3
SPFB.MTSI-12.20;60;20201029;110000;31678.0000000;31908.0000000;31471.0000000;31505.0000000;303
SPFB.MTSI-12.20;60;20201029;120000;31638.0000000;31638.0000000;31270.0000000;31270.0000000;226
SPFB.MTSI-12.20;60;20201029;130000;31279.0000000;31390.0000000;31230.0000000;31322.0000000;222
SPFB.MTSI-12.20;60;20201029;140000;31291.0000000;31356.0000000;31200.0000000;31353.0000000;198
SPFB.MTSI-12.20;60;20201029;150000;31343.0000000;31343.0000000;31211.0000000;31211.0000000;35
SPFB.MTSI-12.20;60;20201029;160000;31185.0000000;31228.0000000;31007.0000000;31201.0000000;308
SPFB.MTSI-12.20;60;20201029;170000;31199.0000000;31320.0000000;31109.0000000;31280.0000000;99
SPFB.MTSI-12.20;60;20201029;180000;31232.0000000;31415.0000000;31231.0000000;31381.0000000;365
SPFB.MTSI-12.20;60;20201029;190000;31397.0000000;31427.0000000;31340.0000000;31340.0000000;57
SPFB.MTSI-12.20;60;20201029;200000;31406.0000000;31406.0000000;31406.0000000;31406.0000000;1
SPFB.MTSI-12.20;60;20201029;210000;31442.0000000;31467.0000000;31431.0000000;31467.0000000;27
SPFB.MTSI-12.20;60;20201029;220000;31488.0000000;31504.0000000;31450.0000000;31450.0000000;12
SPFB.MTSI-12.20;60;20201029;230000;31460.0000000;31460.0000000;31460.0000000;31460.0000000;1
SPFB.MTSI-12.20;60;20201030;000000;31489.0000000;31489.0000000;31450.0000000;31450.0000000;5
SPFB.MTSI-12.20;60;20201030;110000;31300.0000000;31300.0000000;31050.0000000;31220.0000000;320
SPFB.MTSI-12.20;60;20201030;120000;31183.0000000;31381.0000000;31183.0000000;31281.0000000;280
SPFB.MTSI-12.20;60;20201030;130000;31274.0000000;31351.0000000;31260.0000000;31350.0000000;16
SPFB.MTSI-12.20;60;20201030;140000;31359.0000000;31388.0000000;31300.0000000;31318.0000000;47
SPFB.MTSI-12.20;60;20201030;150000;31309.0000000;31314.0000000;31295.0000000;31295.0000000;13
SPFB.MTSI-12.20;60;20201030;160000;31355.0000000;31388.0000000;31355.0000000;31388.0000000;20
SPFB.MTSI-12.20;60;20201030;170000;31361.0000000;31400.0000000;31346.0000000;31400.0000000;60
SPFB.MTSI-12.20;60;20201030;180000;31385.0000000;31385.0000000;31220.0000000;31260.0000000;68
SPFB.MTSI-12.20;60;20201030;190000;31268.0000000;31268.0000000;31195.0000000;31201.0000000;100
SPFB.MTSI-12.20;60;20201030;200000;31414.0000000;31414.0000000;31271.0000000;31300.0000000;8
SPFB.MTSI-12.20;60;20201030;210000;31300.0000000;31300.0000000;31210.0000000;31210.0000000;5
SPFB.MTSI-12.20;60;20201030;220000;31220.0000000;31308.0000000;31220.0000000;31258.0000000;17
SPFB.MTSI-12.20;60;20201030;230000;31245.0000000;31349.0000000;31245.0000000;31341.0000000;9
SPFB.MTSI-12.20;60;20201102;110000;31321.0000000;31321.0000000;31019.0000000;31213.0000000;281
SPFB.MTSI-12.20;60;20201102;120000;31388.0000000;31659.0000000;31382.0000000;31423.0000000;294
SPFB.MTSI-12.20;60;20201102;130000;31450.0000000;31561.0000000;31450.0000000;31493.0000000;58
SPFB.MTSI-12.20;60;20201102;140000;31614.0000000;31625.0000000;31584.0000000;31601.0000000;59
SPFB.MTSI-12.20;60;20201102;150000;31600.0000000;31650.0000000;31600.0000000;31650.0000000;47
SPFB.MTSI-12.20;60;20201102;160000;31650.0000000;31718.0000000;31644.0000000;31705.0000000;170
SPFB.MTSI-12.20;60;20201102;170000;31752.0000000;31916.0000000;31618.0000000;31637.0000000;78
SPFB.MTSI-12.20;60;20201102;180000;31689.0000000;31717.0000000;31609.0000000;31609.0000000;12
SPFB.MTSI-12.20;60;20201102;190000;31709.0000000;31777.0000000;31709.0000000;31759.0000000;25
SPFB.MTSI-12.20;60;20201102;200000;31838.0000000;31850.0000000;31805.0000000;31805.0000000;25
SPFB.MTSI-12.20;60;20201102;210000;31786.0000000;31786.0000000;31713.0000000;31713.0000000;7
SPFB.MTSI-12.20;60;20201102;230000;31678.0000000;31700.0000000;31671.0000000;31671.0000000;3
SPFB.MTSI-12.20;60;20201103;000000;31750.0000000;31750.0000000;31680.0000000;31680.0000000;14
SPFB.MTSI-12.20;60;20201103;110000;31750.0000000;32000.0000000;31750.0000000;31981.0000000;306
SPFB.MTSI-12.20;60;20201103;120000;31966.0000000;32145.0000000;31966.0000000;32085.0000000;32
SPFB.MTSI-12.20;60;20201103;130000;32019.0000000;32019.0000000;31963.0000000;32002.0000000;109
SPFB.MTSI-12.20;60;20201103;140000;32022.0000000;32047.0000000;32021.0000000;32041.0000000;8
SPFB.MTSI-12.20;60;20201103;150000;31964.0000000;31964.0000000;31964.0000000;31964.0000000;2
SPFB.MTSI-12.20;60;20201103;160000;31964.0000000;31964.0000000;31964.0000000;31964.0000000;1
SPFB.MTSI-12.20;60;20201103;170000;31914.0000000;31978.0000000;31892.0000000;31958.0000000;20
SPFB.MTSI-12.20;60;20201103;180000;31938.0000000;31991.0000000;31899.0000000;31991.0000000;10
SPFB.MTSI-12.20;60;20201103;190000;31986.0000000;32019.0000000;31960.0000000;32013.0000000;22
SPFB.MTSI-12.20;60;20201103;200000;31958.0000000;32120.0000000;31958.0000000;32120.0000000;15
SPFB.MTSI-12.20;60;20201103;210000;31969.0000000;31969.0000000;31969.0000000;31969.0000000;1
SPFB.MTSI-12.20;60;20201103;220000;31880.0000000;31920.0000000;31880.0000000;31920.0000000;30
SPFB.MTSI-12.20;60;20201103;230000;32014.0000000;32030.0000000;32014.0000000;32030.0000000;4
SPFB.MTSI-12.20;60;20201104;000000;32015.0000000;32121.0000000;32015.0000000;32121.0000000;18
SPFB.MTSI-12.20;60;20201105;110000;32297.0000000;32357.0000000;32037.0000000;32125.0000000;145
SPFB.MTSI-12.20;60;20201105;120000;32150.0000000;32263.0000000;32125.0000000;32170.0000000;143
SPFB.MTSI-12.20;60;20201105;130000;32190.0000000;32276.0000000;32190.0000000;32257.0000000;155
SPFB.MTSI-12.20;60;20201105;140000;32233.0000000;32251.0000000;32230.0000000;32230.0000000;6
SPFB.MTSI-12.20;60;20201105;150000;32288.0000000;32354.0000000;32288.0000000;32325.0000000;72
SPFB.MTSI-12.20;60;20201105;160000;32302.0000000;32426.0000000;32302.0000000;32425.0000000;44
SPFB.MTSI-12.20;60;20201105;170000;32406.0000000;32406.0000000;32358.0000000;32361.0000000;123
SPFB.MTSI-12.20;60;20201105;180000;32360.0000000;32406.0000000;32271.0000000;32404.0000000;39
SPFB.MTSI-12.20;60;20201105;190000;32404.0000000;32543.0000000;32386.0000000;32457.0000000;117
SPFB.MTSI-12.20;60;20201105;200000;32457.0000000;32457.0000000;32070.0000000;32229.0000000;50
SPFB.MTSI-12.20;60;20201105;210000;32219.0000000;32299.0000000;32219.0000000;32299.0000000;11
SPFB.MTSI-12.20;60;20201105;220000;32356.0000000;32356.0000000;32356.0000000;32356.0000000;4
SPFB.MTSI-12.20;60;20201105;230000;32455.0000000;32455.0000000;32440.0000000;32444.0000000;83
SPFB.MTSI-12.20;60;20201106;000000;32423.0000000;32452.0000000;32423.0000000;32452.0000000;32
SPFB.MTSI-12.20;60;20201106;110000;32414.0000000;32415.0000000;32220.0000000;32415.0000000;41
SPFB.MTSI-12.20;60;20201106;120000;32471.0000000;32480.0000000;32418.0000000;32418.0000000;14
SPFB.MTSI-12.20;60;20201106;130000;32372.0000000;32399.0000000;32250.0000000;32250.0000000;17
SPFB.MTSI-12.20;60;20201106;140000;32250.0000000;32273.0000000;32240.0000000;32260.0000000;263
SPFB.MTSI-12.20;60;20201106;150000;32300.0000000;32322.0000000;32300.0000000;32305.0000000;6
SPFB.MTSI-12.20;60;20201106;160000;32304.0000000;32347.0000000;32285.0000000;32285.0000000;8
SPFB.MTSI-12.20;60;20201106;170000;32369.0000000;32369.0000000;32362.0000000;32369.0000000;21
SPFB.MTSI-12.20;60;20201106;180000;32356.0000000;32437.0000000;32355.0000000;32374.0000000;161
SPFB.MTSI-12.20;60;20201106;190000;32465.0000000;32500.0000000;32436.0000000;32436.0000000;68
SPFB.MTSI-12.20;60;20201106;200000;32435.0000000;32489.0000000;32435.0000000;32448.0000000;14
SPFB.MTSI-12.20;60;20201106;210000;32461.0000000;32481.0000000;32461.0000000;32481.0000000;3
SPFB.MTSI-12.20;60;20201106;220000;32522.0000000;32525.0000000;32511.0000000;32511.0000000;103
SPFB.MTSI-12.20;60;20201106;230000;32511.0000000;32511.0000000;32357.0000000;32410.0000000;35
SPFB.MTSI-12.20;60;20201109;110000;32583.0000000;32801.0000000;32576.0000000;32800.0000000;274
SPFB.MTSI-12.20;60;20201109;120000;32833.0000000;32863.0000000;32600.0000000;32628.0000000;53
SPFB.MTSI-12.20;60;20201109;130000;32657.0000000;32659.0000000;32560.0000000;32560.0000000;9
SPFB.MTSI-12.20;60;20201109;140000;32542.0000000;32644.0000000;32401.0000000;32620.0000000;50
SPFB.MTSI-12.20;60;20201109;150000;32652.0000000;32680.0000000;32610.0000000;32631.0000000;18
SPFB.MTSI-12.20;60;20201109;160000;32666.0000000;32850.0000000;32620.0000000;32850.0000000;66
SPFB.MTSI-12.20;60;20201109;170000;32841.0000000;32841.0000000;32770.0000000;32802.0000000;30
SPFB.MTSI-12.20;60;20201109;180000;32812.0000000;32867.0000000;32671.0000000;32671.0000000;198
SPFB.MTSI-12.20;60;20201109;190000;32697.0000000;32953.0000000;32676.0000000;32907.0000000;58
SPFB.MTSI-12.20;60;20201109;200000;32811.0000000;32829.0000000;32744.0000000;32781.0000000;12
SPFB.MTSI-12.20;60;20201109;210000;32700.0000000;32819.0000000;32678.0000000;32819.0000000;8
SPFB.MTSI-12.20;60;20201109;220000;32811.0000000;32811.0000000;32811.0000000;32811.0000000;1
SPFB.MTSI-12.20;60;20201109;230000;32744.0000000;32744.0000000;32649.0000000;32673.0000000;19
SPFB.MTSI-12.20;60;20201110;000000;32672.0000000;32672.0000000;32450.0000000;32588.0000000;23
SPFB.MTSI-12.20;60;20201110;110000;32702.0000000;32720.0000000;32433.0000000;32506.0000000;372
SPFB.MTSI-12.20;60;20201110;120000;32497.0000000;32500.0000000;32356.0000000;32485.0000000;84
SPFB.MTSI-12.20;60;20201110;130000;32502.0000000;32558.0000000;32485.0000000;32485.0000000;129
SPFB.MTSI-12.20;60;20201110;140000;32435.0000000;32470.0000000;32350.0000000;32363.0000000;221
SPFB.MTSI-12.20;60;20201110;150000;32467.0000000;32468.0000000;32350.0000000;32350.0000000;22
SPFB.MTSI-12.20;60;20201110;160000;32390.0000000;32390.0000000;32275.0000000;32338.0000000;28
SPFB.MTSI-12.20;60;20201110;170000;32381.0000000;32457.0000000;32240.0000000;32263.0000000;55
SPFB.MTSI-12.20;60;20201110;180000;32323.0000000;32450.0000000;32307.0000000;32450.0000000;56
SPFB.MTSI-12.20;60;20201110;190000;32445.0000000;32446.0000000;32322.0000000;32355.0000000;51
SPFB.MTSI-12.20;60;20201110;200000;32291.0000000;32336.0000000;32239.0000000;32292.0000000;45
SPFB.MTSI-12.20;60;20201110;210000;32355.0000000;32422.0000000;32355.0000000;32355.0000000;24
SPFB.MTSI-12.20;60;20201110;220000;32387.0000000;32387.0000000;32387.0000000;32387.0000000;2
SPFB.MTSI-12.20;60;20201110;230000;32312.0000000;32319.0000000;32239.0000000;32239.0000000;13
SPFB.MTSI-12.20;60;20201111;000000;32353.0000000;32390.0000000;32352.0000000;32377.0000000;8
SPFB.MTSI-12.20;60;20201111;110000;32411.0000000;32752.0000000;32401.0000000;32528.0000000;171
SPFB.MTSI-12.20;60;20201111;120000;32538.0000000;32572.0000000;32387.0000000;32465.0000000;84
SPFB.MTSI-12.20;60;20201111;130000;32513.0000000;32569.0000000;32513.0000000;32527.0000000;37
SPFB.MTSI-12.20;60;20201111;140000;32526.0000000;32527.0000000;32504.0000000;32504.0000000;15
SPFB.MTSI-12.20;60;20201111;150000;32502.0000000;32507.0000000;32463.0000000;32492.0000000;54
SPFB.MTSI-12.20;60;20201111;170000;32370.0000000;32370.0000000;32252.0000000;32355.0000000;130
SPFB.MTSI-12.20;60;20201111;180000;32374.0000000;32374.0000000;32252.0000000;32287.0000000;82
SPFB.MTSI-12.20;60;20201111;190000;32265.0000000;32300.0000000;32236.0000000;32238.0000000;194
SPFB.MTSI-12.20;60;20201111;200000;32218.0000000;32307.0000000;32201.0000000;32307.0000000;69
SPFB.MTSI-12.20;60;20201111;210000;32307.0000000;32307.0000000;32302.0000000;32307.0000000;55
SPFB.MTSI-12.20;60;20201111;220000;32291.0000000;32321.0000000;32290.0000000;32317.0000000;10
SPFB.MTSI-12.20;60;20201112;000000;32350.0000000;32350.0000000;32350.0000000;32350.0000000;2
SPFB.MTSI-12.20;60;20201112;110000;32219.0000000;32370.0000000;32180.0000000;32186.0000000;92
SPFB.MTSI-12.20;60;20201112;120000;32223.0000000;32230.0000000;32000.0000000;32010.0000000;41
SPFB.MTSI-12.20;60;20201112;130000;32010.0000000;32095.0000000;32010.0000000;32088.0000000;8
SPFB.MTSI-12.20;60;20201112;140000;32132.0000000;32137.0000000;32132.0000000;32137.0000000;2
SPFB.MTSI-12.20;60;20201112;150000;32092.0000000;32176.0000000;32092.0000000;32153.0000000;45
SPFB.MTSI-12.20;60;20201112;160000;32143.0000000;32230.0000000;32142.0000000;32187.0000000;21
SPFB.MTSI-12.20;60;20201112;170000;32229.0000000;32267.0000000;32220.0000000;32263.0000000;25
SPFB.MTSI-12.20;60;20201112;180000;32242.0000000;32242.0000000;32159.0000000;32184.0000000;21
SPFB.MTSI-12.20;60;20201112;190000;32183.0000000;32213.0000000;32170.0000000;32213.0000000;24
SPFB.MTSI-12.20;60;20201112;200000;32123.0000000;32130.0000000;32123.0000000;32123.0000000;6
SPFB.MTSI-12.20;60;20201112;210000;32197.0000000;32198.0000000;32197.0000000;32198.0000000;7
SPFB.MTSI-12.20;60;20201112;220000;32143.0000000;32143.0000000;32015.0000000;32015.0000000;51
SPFB.MTSI-12.20;60;20201112;230000;32099.0000000;32114.0000000;32016.0000000;32025.0000000;179
SPFB.MTSI-12.20;60;20201113;000000;32019.0000000;32019.0000000;32019.0000000;32019.0000000;1
SPFB.MTSI-12.20;60;20201113;110000;32100.0000000;32100.0000000;32050.0000000;32097.0000000;18
SPFB.MTSI-12.20;60;20201113;120000;32127.0000000;32127.0000000;32101.0000000;32101.0000000;5
SPFB.MTSI-12.20;60;20201113;130000;32115.0000000;32115.0000000;32092.0000000;32113.0000000;5
SPFB.MTSI-12.20;60;20201113;150000;32066.0000000;32115.0000000;32066.0000000;32115.0000000;4
SPFB.MTSI-12.20;60;20201113;160000;32076.0000000;32163.0000000;32076.0000000;32159.0000000;22
SPFB.MTSI-12.20;60;20201113;170000;32159.0000000;32165.0000000;32136.0000000;32140.0000000;41
SPFB.MTSI-12.20;60;20201113;180000;32121.0000000;32121.0000000;31813.0000000;31857.0000000;67
SPFB.MTSI-12.20;60;20201113;190000;31894.0000000;31946.0000000;31850.0000000;31878.0000000;29
SPFB.MTSI-12.20;60;20201113;200000;31867.0000000;31996.0000000;31867.0000000;31980.0000000;12
SPFB.MTSI-12.20;60;20201113;210000;31990.0000000;32189.0000000;31990.0000000;32189.0000000;20
SPFB.MTSI-12.20;60;20201113;220000;32271.0000000;32299.0000000;32247.0000000;32281.0000000;141
SPFB.MTSI-12.20;60;20201113;230000;32299.0000000;32316.0000000;32270.0000000;32270.0000000;41
SPFB.MTSI-12.20;60;20201114;000000;32237.0000000;32253.0000000;32237.0000000;32253.0000000;3
SPFB.MTSI-12.20;60;20201116;110000;32309.0000000;32495.0000000;32309.0000000;32426.0000000;278
SPFB.MTSI-12.20;60;20201116;120000;32377.0000000;32403.0000000;32275.0000000;32275.0000000;167
SPFB.MTSI-12.20;60;20201116;130000;32275.0000000;32275.0000000;32199.0000000;32199.0000000;181
SPFB.MTSI-12.20;60;20201116;140000;32190.0000000;32194.0000000;32190.0000000;32194.0000000;4
SPFB.MTSI-12.20;60;20201116;150000;32241.0000000;32250.0000000;32230.0000000;32250.0000000;6
SPFB.MTSI-12.20;60;20201116;160000;32272.0000000;32345.0000000;32271.0000000;32305.0000000;124
SPFB.MTSI-12.20;60;20201116;170000;32290.0000000;32346.0000000;32290.0000000;32346.0000000;15
SPFB.MTSI-12.20;60;20201116;180000;32295.0000000;32398.0000000;32269.0000000;32375.0000000;157
SPFB.MTSI-12.20;60;20201116;190000;32341.0000000;32358.0000000;32256.0000000;32256.0000000;83
SPFB.MTSI-12.20;60;20201116;200000;32272.0000000;32380.0000000;32267.0000000;32380.0000000;18
SPFB.MTSI-12.20;60;20201116;210000;32369.0000000;32372.0000000;32299.0000000;32299.0000000;11
SPFB.MTSI-12.20;60;20201116;220000;32243.0000000;32247.0000000;32243.0000000;32247.0000000;2
SPFB.MTSI-12.20;60;20201116;230000;32310.0000000;32365.0000000;32262.0000000;32354.0000000;15
SPFB.MTSI-12.20;60;20201117;000000;32375.0000000;32495.0000000;32375.0000000;32470.0000000;100
SPFB.MTSI-12.20;60;20201117;110000;32479.0000000;32683.0000000;32463.0000000;32590.0000000;232
SPFB.MTSI-12.20;60;20201117;120000;32605.0000000;32650.0000000;32253.0000000;32280.0000000;105
SPFB.MTSI-12.20;60;20201117;130000;32260.0000000;32338.0000000;32245.0000000;32300.0000000;27
SPFB.MTSI-12.20;60;20201117;140000;32264.0000000;32303.0000000;32000.0000000;32218.0000000;43
SPFB.MTSI-12.20;60;20201117;150000;32309.0000000;32309.0000000;32277.0000000;32277.0000000;9
SPFB.MTSI-12.20;60;20201117;160000;32300.0000000;32318.0000000;32253.0000000;32306.0000000;31
SPFB.MTSI-12.20;60;20201117;170000;32279.0000000;32279.0000000;32190.0000000;32200.0000000;103
SPFB.MTSI-12.20;60;20201117;180000;32210.0000000;32332.0000000;32062.0000000;32330.0000000;145
SPFB.MTSI-12.20;60;20201117;190000;32400.0000000;32545.0000000;32337.0000000;32389.0000000;290
SPFB.MTSI-12.20;60;20201117;200000;32355.0000000;32386.0000000;32350.0000000;32386.0000000;22
SPFB.MTSI-12.20;60;20201117;210000;32437.0000000;32539.0000000;32437.0000000;32512.0000000;70
SPFB.MTSI-12.20;60;20201117;220000;32510.0000000;32583.0000000;32500.0000000;32575.0000000;15
SPFB.MTSI-12.20;60;20201117;230000;32575.0000000;32637.0000000;32535.0000000;32535.0000000;103
SPFB.MTSI-12.20;60;20201118;000000;32535.0000000;32611.0000000;32493.0000000;32611.0000000;19
SPFB.MTSI-12.20;60;20201118;110000;32532.0000000;32588.0000000;32435.0000000;32468.0000000;71
SPFB.MTSI-12.20;60;20201118;120000;32468.0000000;32475.0000000;32421.0000000;32475.0000000;145
SPFB.MTSI-12.20;60;20201118;130000;32437.0000000;32444.0000000;32386.0000000;32444.0000000;168
SPFB.MTSI-12.20;60;20201118;140000;32473.0000000;32499.0000000;32466.0000000;32499.0000000;24
SPFB.MTSI-12.20;60;20201118;150000;32499.0000000;32507.0000000;32480.0000000;32507.0000000;13
SPFB.MTSI-12.20;60;20201118;160000;32493.0000000;32531.0000000;32443.0000000;32529.0000000;28
SPFB.MTSI-12.20;60;20201118;170000;32500.0000000;32502.0000000;32462.0000000;32462.0000000;34
SPFB.MTSI-12.20;60;20201118;180000;32420.0000000;32457.0000000;32326.0000000;32326.0000000;167
SPFB.MTSI-12.20;60;20201118;190000;32337.0000000;32355.0000000;32234.0000000;32288.0000000;68
SPFB.MTSI-12.20;60;20201118;200000;32202.0000000;32261.0000000;32100.0000000;32252.0000000;89
SPFB.MTSI-12.20;60;20201118;210000;32261.0000000;32341.0000000;32260.0000000;32341.0000000;63
SPFB.MTSI-12.20;60;20201118;220000;32340.0000000;32340.0000000;32295.0000000;32295.0000000;64
SPFB.MTSI-12.20;60;20201118;230000;32303.0000000;32342.0000000;32303.0000000;32342.0000000;3
SPFB.MTSI-12.20;60;20201119;000000;32332.0000000;32332.0000000;32240.0000000;32240.0000000;14
SPFB.MTSI-12.20;60;20201119;110000;32248.0000000;32415.0000000;32175.0000000;32251.0000000;165
SPFB.MTSI-12.20;60;20201119;120000;32268.0000000;32269.0000000;32268.0000000;32268.0000000;7
SPFB.MTSI-12.20;60;20201119;130000;32200.0000000;32218.0000000;32149.0000000;32181.0000000;117
SPFB.MTSI-12.20;60;20201119;140000;32194.0000000;32194.0000000;32125.0000000;32142.0000000;54
SPFB.MTSI-12.20;60;20201119;150000;32125.0000000;32128.0000000;31962.0000000;32050.0000000;149
SPFB.MTSI-12.20;60;20201119;160000;32072.0000000;32110.0000000;32070.0000000;32076.0000000;12
SPFB.MTSI-12.20;60;20201119;170000;32095.0000000;32095.0000000;31999.0000000;32050.0000000;138
SPFB.MTSI-12.20;60;20201119;180000;32047.0000000;32168.0000000;32026.0000000;32103.0000000;45
SPFB.MTSI-12.20;60;20201119;190000;32048.0000000;32107.0000000;32026.0000000;32026.0000000;19
SPFB.MTSI-12.20;60;20201119;200000;32060.0000000;32102.0000000;32047.0000000;32047.0000000;8
SPFB.MTSI-12.20;60;20201119;210000;32085.0000000;32085.0000000;32047.0000000;32047.0000000;5
SPFB.MTSI-12.20;60;20201119;220000;32027.0000000;32067.0000000;31980.0000000;31983.0000000;24
SPFB.MTSI-12.20;60;20201119;230000;32046.0000000;32061.0000000;32027.0000000;32027.0000000;4
SPFB.MTSI-12.20;60;20201120;000000;32027.0000000;32027.0000000;32027.0000000;32027.0000000;1
SPFB.MTSI-12.20;60;20201120;110000;32016.0000000;32016.0000000;31857.0000000;31894.0000000;152
SPFB.MTSI-12.20;60;20201120;120000;31883.0000000;31942.0000000;31883.0000000;31891.0000000;30
SPFB.MTSI-12.20;60;20201120;130000;31905.0000000;31905.0000000;31800.0000000;31852.0000000;153
SPFB.MTSI-12.20;60;20201120;140000;31852.0000000;31871.0000000;31835.0000000;31871.0000000;8
SPFB.MTSI-12.20;60;20201120;150000;31872.0000000;31886.0000000;31872.0000000;31886.0000000;4
SPFB.MTSI-12.20;60;20201120;160000;31860.0000000;31863.0000000;31841.0000000;31858.0000000;9
SPFB.MTSI-12.20;60;20201120;170000;31861.0000000;31861.0000000;31858.0000000;31858.0000000;7
SPFB.MTSI-12.20;60;20201120;180000;31800.0000000;31800.0000000;31718.0000000;31784.0000000;43
SPFB.MTSI-12.20;60;20201120;190000;31790.0000000;31875.0000000;31788.0000000;31827.0000000;31
SPFB.MTSI-12.20;60;20201120;200000;31806.0000000;31849.0000000;31804.0000000;31833.0000000;36
SPFB.MTSI-12.20;60;20201120;220000;31870.0000000;31870.0000000;31851.0000000;31851.0000000;4
SPFB.MTSI-12.20;60;20201120;230000;31900.0000000;31900.0000000;31900.0000000;31900.0000000;2
SPFB.MTSI-12.20;60;20201121;000000;31861.0000000;31902.0000000;31853.0000000;31902.0000000;7
SPFB.MTSI-12.20;60;20201123;110000;31971.0000000;32100.0000000;31943.0000000;32076.0000000;350
SPFB.MTSI-12.20;60;20201123;120000;32063.0000000;32088.0000000;32026.0000000;32061.0000000;41
SPFB.MTSI-12.20;60;20201123;130000;32066.0000000;32077.0000000;32040.0000000;32053.0000000;15
SPFB.MTSI-12.20;60;20201123;140000;32066.0000000;32066.0000000;31981.0000000;31981.0000000;99
SPFB.MTSI-12.20;60;20201123;150000;31991.0000000;32050.0000000;31981.0000000;32024.0000000;25
SPFB.MTSI-12.20;60;20201123;160000;32052.0000000;32098.0000000;32050.0000000;32050.0000000;21
SPFB.MTSI-12.20;60;20201123;170000;32009.0000000;32032.0000000;32002.0000000;32012.0000000;11
SPFB.MTSI-12.20;60;20201123;180000;32028.0000000;32052.0000000;31955.0000000;31991.0000000;19
SPFB.MTSI-12.20;60;20201123;190000;31921.0000000;31953.0000000;31878.0000000;31953.0000000;28
SPFB.MTSI-12.20;60;20201123;200000;31953.0000000;31953.0000000;31872.0000000;31906.0000000;18
SPFB.MTSI-12.20;60;20201123;210000;31997.0000000;31997.0000000;31987.0000000;31997.0000000;5
SPFB.MTSI-12.20;60;20201123;220000;32036.0000000;32074.0000000;32036.0000000;32074.0000000;6
SPFB.MTSI-12.20;60;20201123;230000;32045.0000000;32075.0000000;32021.0000000;32021.0000000;7
SPFB.MTSI-12.20;60;20201124;000000;32056.0000000;32059.0000000;32052.0000000;32059.0000000;6
SPFB.MTSI-12.20;60;20201124;110000;32191.0000000;32298.0000000;31997.0000000;32000.0000000;74
SPFB.MTSI-12.20;60;20201124;120000;32005.0000000;32006.0000000;31936.0000000;31936.0000000;22
SPFB.MTSI-12.20;60;20201124;130000;31900.0000000;31962.0000000;31875.0000000;31932.0000000;100
SPFB.MTSI-12.20;60;20201124;140000;31932.0000000;31939.0000000;31932.0000000;31939.0000000;6
SPFB.MTSI-12.20;60;20201124;150000;31942.0000000;32042.0000000;31942.0000000;31982.0000000;36
SPFB.MTSI-12.20;60;20201124;160000;32016.0000000;32039.0000000;31952.0000000;31995.0000000;34
SPFB.MTSI-12.20;60;20201124;170000;32021.0000000;32021.0000000;31922.0000000;31932.0000000;26
SPFB.MTSI-12.20;60;20201124;180000;31995.0000000;32002.0000000;31925.0000000;31925.0000000;163
SPFB.MTSI-12.20;60;20201124;190000;31939.0000000;31966.0000000;31885.0000000;31885.0000000;37
SPFB.MTSI-12.20;60;20201124;200000;31877.0000000;31879.0000000;31699.0000000;31725.0000000;281
SPFB.MTSI-12.20;60;20201124;210000;31725.0000000;31762.0000000;31631.0000000;31692.0000000;77
SPFB.MTSI-12.20;60;20201124;220000;31692.0000000;31748.0000000;31690.0000000;31748.0000000;21
SPFB.MTSI-12.20;60;20201124;230000;31713.0000000;31733.0000000;31690.0000000;31690.0000000;24
SPFB.MTSI-12.20;60;20201125;000000;31654.0000000;31670.0000000;31500.0000000;31578.0000000;48
SPFB.MTSI-12.20;60;20201125;110000;31577.0000000;31979.0000000;31522.0000000;31798.0000000;291
SPFB.MTSI-12.20;60;20201125;120000;31787.0000000;31787.0000000;31601.0000000;31636.0000000;283
SPFB.MTSI-12.20;60;20201125;130000;31633.0000000;31652.0000000;31591.0000000;31640.0000000;50
SPFB.MTSI-12.20;60;20201125;140000;31677.0000000;31683.0000000;31567.0000000;31580.0000000;63
SPFB.MTSI-12.20;60;20201125;150000;31597.0000000;31597.0000000;31455.0000000;31507.0000000;78
SPFB.MTSI-12.20;60;20201125;160000;31547.0000000;31597.0000000;31543.0000000;31595.0000000;72
SPFB.MTSI-12.20;60;20201125;170000;31596.0000000;31667.0000000;31575.0000000;31667.0000000;55
SPFB.MTSI-12.20;60;20201125;180000;31667.0000000;31688.0000000;31536.0000000;31589.0000000;107
SPFB.MTSI-12.20;60;20201125;190000;31589.0000000;31650.0000000;31511.0000000;31628.0000000;124
SPFB.MTSI-12.20;60;20201125;200000;31628.0000000;31680.0000000;31628.0000000;31641.0000000;4
SPFB.MTSI-12.20;60;20201125;210000;31700.0000000;31849.0000000;31700.0000000;31838.0000000;61
SPFB.MTSI-12.20;60;20201125;220000;31850.0000000;32050.0000000;31837.0000000;32013.0000000;184
SPFB.MTSI-12.20;60;20201125;230000;32033.0000000;32180.0000000;31980.0000000;31980.0000000;124
SPFB.MTSI-12.20;60;20201126;000000;31933.0000000;31996.0000000;31881.0000000;31996.0000000;48
SPFB.MTSI-12.20;60;20201126;110000;31971.0000000;32057.0000000;31880.0000000;31940.0000000;28
SPFB.MTSI-12.20;60;20201126;120000;31976.0000000;32009.0000000;31916.0000000;31925.0000000;97
SPFB.MTSI-12.20;60;20201126;130000;31886.0000000;31943.0000000;31839.0000000;31856.0000000;226
SPFB.MTSI-12.20;60;20201126;140000;31904.0000000;31904.0000000;31904.0000000;31904.0000000;1
SPFB.MTSI-12.20;60;20201126;150000;31908.0000000;31937.0000000;31901.0000000;31937.0000000;14
SPFB.MTSI-12.20;60;20201126;160000;31885.0000000;31885.0000000;31876.0000000;31876.0000000;3
SPFB.MTSI-12.20;60;20201126;170000;31876.0000000;31885.0000000;31876.0000000;31876.0000000;7
SPFB.MTSI-12.20;60;20201126;180000;31863.0000000;31912.0000000;31850.0000000;31899.0000000;87
SPFB.MTSI-12.20;60;20201126;190000;31897.0000000;31927.0000000;31879.0000000;31879.0000000;17
SPFB.MTSI-12.20;60;20201126;200000;31930.0000000;31945.0000000;31908.0000000;31908.0000000;69
SPFB.MTSI-12.20;60;20201126;210000;31916.0000000;31916.0000000;31916.0000000;31916.0000000;1
SPFB.MTSI-12.20;60;20201126;220000;31954.0000000;31954.0000000;31954.0000000;31954.0000000;1
SPFB.MTSI-12.20;60;20201126;230000;31953.0000000;31956.0000000;31953.0000000;31956.0000000;5
SPFB.MTSI-12.20;60;20201127;000000;31951.0000000;31995.0000000;31951.0000000;31986.0000000;17
SPFB.MTSI-12.20;60;20201127;110000;31961.0000000;32177.0000000;31773.0000000;31812.0000000;378
SPFB.MTSI-12.20;60;20201127;120000;31791.0000000;31799.0000000;31791.0000000;31795.0000000;13
SPFB.MTSI-12.20;60;20201127;130000;31841.0000000;31900.0000000;31831.0000000;31881.0000000;57
SPFB.MTSI-12.20;60;20201127;140000;31880.0000000;31900.0000000;31878.0000000;31900.0000000;14
SPFB.MTSI-12.20;60;20201127;150000;31957.0000000;31957.0000000;31957.0000000;31957.0000000;2
SPFB.MTSI-12.20;60;20201127;160000;31955.0000000;31995.0000000;31947.0000000;31993.0000000;34
SPFB.MTSI-12.20;60;20201127;170000;31991.0000000;32023.0000000;31982.0000000;31982.0000000;19
SPFB.MTSI-12.20;60;20201127;180000;31997.0000000;32203.0000000;31950.0000000;32024.0000000;469
SPFB.MTSI-12.20;60;20201127;190000;32035.0000000;32200.0000000;32009.0000000;32141.0000000;147
SPFB.MTSI-12.20;60;20201127;200000;32266.0000000;32285.0000000;32205.0000000;32205.0000000;38
SPFB.MTSI-12.20;60;20201127;210000;32210.0000000;32221.0000000;32171.0000000;32213.0000000;35
SPFB.MTSI-12.20;60;20201127;220000;32246.0000000;32256.0000000;32183.0000000;32185.0000000;12
SPFB.MTSI-12.20;60;20201127;230000;32201.0000000;32201.0000000;32141.0000000;32141.0000000;17
SPFB.MTSI-12.20;60;20201128;000000;32201.0000000;32201.0000000;32201.0000000;32201.0000000;11
SPFB.MTSI-12.20;60;20201130;110000;32116.0000000;32238.0000000;32023.0000000;32238.0000000;295
SPFB.MTSI-12.20;60;20201130;120000;32225.0000000;32266.0000000;32170.0000000;32244.0000000;136
SPFB.MTSI-12.20;60;20201130;130000;32185.0000000;32185.0000000;32075.0000000;32100.0000000;194
SPFB.MTSI-12.20;60;20201130;140000;32060.0000000;32085.0000000;32000.0000000;32035.0000000;120
SPFB.MTSI-12.20;60;20201130;150000;32026.0000000;32066.0000000;31937.0000000;31968.0000000;103
SPFB.MTSI-12.20;60;20201130;160000;32000.0000000;32000.0000000;32000.0000000;32000.0000000;1
SPFB.MTSI-12.20;60;20201130;170000;32042.0000000;32046.0000000;31958.0000000;31998.0000000;29
SPFB.MTSI-12.20;60;20201130;180000;31998.0000000;32158.0000000;31995.0000000;32158.0000000;22
SPFB.MTSI-12.20;60;20201130;190000;32115.0000000;32192.0000000;32115.0000000;32192.0000000;30
SPFB.MTSI-12.20;60;20201130;200000;32230.0000000;32362.0000000;32155.0000000;32171.0000000;164
SPFB.MTSI-12.20;60;20201130;210000;32149.0000000;32242.0000000;32141.0000000;32220.0000000;176
SPFB.MTSI-12.20;60;20201130;220000;32235.0000000;32235.0000000;32235.0000000;32235.0000000;4
SPFB.MTSI-12.20;60;20201130;230000;32161.0000000;32170.0000000;32105.0000000;32167.0000000;32
SPFB.MTSI-12.20;60;20201201;000000;32222.0000000;32250.0000000;32222.0000000;32250.0000000;82
SPFB.MTSI-12.20;60;20201201;110000;32300.0000000;32360.0000000;32232.0000000;32273.0000000;169
SPFB.MTSI-12.20;60;20201201;120000;32260.0000000;32541.0000000;32254.0000000;32541.0000000;208
SPFB.MTSI-12.20;60;20201201;130000;32530.0000000;32553.0000000;32480.0000000;32480.0000000;152
SPFB.MTSI-12.20;60;20201201;140000;32459.0000000;32459.0000000;32424.0000000;32424.0000000;27
SPFB.MTSI-12.20;60;20201201;150000;32485.0000000;32512.0000000;32482.0000000;32512.0000000;13
SPFB.MTSI-12.20;60;20201201;160000;32454.0000000;32520.0000000;32408.0000000;32459.0000000;36
SPFB.MTSI-12.20;60;20201201;170000;32449.0000000;32521.0000000;32429.0000000;32517.0000000;131
SPFB.MTSI-12.20;60;20201201;180000;32496.0000000;32625.0000000;32451.0000000;32571.0000000;379
SPFB.MTSI-12.20;60;20201201;190000;32552.0000000;32585.0000000;32364.0000000;32458.0000000;324
SPFB.MTSI-12.20;60;20201201;200000;32507.0000000;32507.0000000;32460.0000000;32499.0000000;11
SPFB.MTSI-12.20;60;20201201;210000;32477.0000000;32514.0000000;32477.0000000;32514.0000000;8
SPFB.MTSI-12.20;60;20201201;220000;32429.0000000;32433.0000000;32375.0000000;32433.0000000;44
SPFB.MTSI-12.20;60;20201201;230000;32430.0000000;32430.0000000;32351.0000000;32390.0000000;17
SPFB.MTSI-12.20;60;20201202;000000;32374.0000000;32374.0000000;32312.0000000;32369.0000000;143
SPFB.MTSI-12.20;60;20201202;110000;32407.0000000;32427.0000000;32277.0000000;32290.0000000;214
SPFB.MTSI-12.20;60;20201202;120000;32275.0000000;32305.0000000;32150.0000000;32305.0000000;310
SPFB.MTSI-12.20;60;20201202;130000;32296.0000000;32296.0000000;32109.0000000;32272.0000000;171
SPFB.MTSI-12.20;60;20201202;140000;32236.0000000;32275.0000000;32180.0000000;32182.0000000;23
SPFB.MTSI-12.20;60;20201202;150000;32187.0000000;32187.0000000;32115.0000000;32115.0000000;13
SPFB.MTSI-12.20;60;20201202;160000;32171.0000000;32224.0000000;32171.0000000;32209.0000000;9
SPFB.MTSI-12.20;60;20201202;170000;32230.0000000;32230.0000000;32160.0000000;32181.0000000;48
SPFB.MTSI-12.20;60;20201202;180000;32182.0000000;32363.0000000;32182.0000000;32310.0000000;44
SPFB.MTSI-12.20;60;20201202;190000;32321.0000000;32347.0000000;32280.0000000;32321.0000000;37
SPFB.MTSI-12.20;60;20201202;200000;32199.0000000;32296.0000000;32159.0000000;32159.0000000;198
SPFB.MTSI-12.20;60;20201202;210000;32142.0000000;32205.0000000;32117.0000000;32180.0000000;35
SPFB.MTSI-12.20;60;20201202;220000;32195.0000000;32199.0000000;32195.0000000;32199.0000000;2
SPFB.MTSI-12.20;60;20201202;230000;32199.0000000;32224.0000000;32187.0000000;32200.0000000;46
SPFB.MTSI-12.20;60;20201203;000000;32167.0000000;32170.0000000;32164.0000000;32165.0000000;11
SPFB.MTSI-12.20;60;20201203;110000;32276.0000000;32288.0000000;32156.0000000;32156.0000000;155
SPFB.MTSI-12.20;60;20201203;120000;32235.0000000;32235.0000000;32106.0000000;32106.0000000;115
SPFB.MTSI-12.20;60;20201203;130000;32096.0000000;32096.0000000;32050.0000000;32080.0000000;167
SPFB.MTSI-12.20;60;20201203;140000;32109.0000000;32163.0000000;32100.0000000;32114.0000000;39
SPFB.MTSI-12.20;60;20201203;150000;32116.0000000;32138.0000000;32115.0000000;32121.0000000;7
SPFB.MTSI-12.20;60;20201203;160000;32163.0000000;32170.0000000;32129.0000000;32141.0000000;30
SPFB.MTSI-12.20;60;20201203;170000;32115.0000000;32150.0000000;32071.0000000;32072.0000000;32
SPFB.MTSI-12.20;60;20201203;180000;32073.0000000;32083.0000000;31791.0000000;31903.0000000;242
SPFB.MTSI-12.20;60;20201203;190000;31954.0000000;32100.0000000;31888.0000000;32055.0000000;56
SPFB.MTSI-12.20;60;20201203;200000;32007.0000000;32007.0000000;31919.0000000;31919.0000000;19
SPFB.MTSI-12.20;60;20201203;210000;31896.0000000;31918.0000000;31834.0000000;31835.0000000;30
SPFB.MTSI-12.20;60;20201203;220000;31872.0000000;31875.0000000;31815.0000000;31815.0000000;49
SPFB.MTSI-12.20;60;20201203;230000;31812.0000000;31890.0000000;31808.0000000;31864.0000000;25
SPFB.MTSI-12.20;60;20201204;000000;31820.0000000;31845.0000000;31779.0000000;31804.0000000;28
SPFB.MTSI-12.20;60;20201204;110000;31885.0000000;32021.0000000;31865.0000000;32021.0000000;179
SPFB.MTSI-12.20;60;20201204;120000;32031.0000000;32031.0000000;31911.0000000;31985.0000000;135
SPFB.MTSI-12.20;60;20201204;130000;31991.0000000;31991.0000000;31963.0000000;31963.0000000;4
SPFB.MTSI-12.20;60;20201204;140000;31979.0000000;31980.0000000;31950.0000000;31979.0000000;25
SPFB.MTSI-12.20;60;20201204;150000;31972.0000000;31986.0000000;31925.0000000;31954.0000000;19
SPFB.MTSI-12.20;60;20201204;160000;31925.0000000;31925.0000000;31858.0000000;31867.0000000;11
SPFB.MTSI-12.20;60;20201204;170000;31839.0000000;31900.0000000;31831.0000000;31880.0000000;65
SPFB.MTSI-12.20;60;20201204;180000;31877.0000000;31904.0000000;31828.0000000;31860.0000000;187
SPFB.MTSI-12.20;60;20201204;190000;31823.0000000;31979.0000000;31807.0000000;31885.0000000;100
SPFB.MTSI-12.20;60;20201204;200000;31846.0000000;31908.0000000;31846.0000000;31903.0000000;15
SPFB.MTSI-12.20;60;20201204;210000;31875.0000000;31875.0000000;31808.0000000;31822.0000000;26
SPFB.MTSI-12.20;60;20201204;220000;31803.0000000;31823.0000000;31770.0000000;31775.0000000;41
SPFB.MTSI-12.20;60;20201204;230000;31790.0000000;31814.0000000;31742.0000000;31742.0000000;118
SPFB.MTSI-12.20;60;20201205;000000;31748.0000000;31769.0000000;31707.0000000;31707.0000000;24
SPFB.MTSI-12.20;60;20201207;110000;31815.0000000;31930.0000000;31794.0000000;31865.0000000;80
SPFB.MTSI-12.20;60;20201207;120000;31826.0000000;31856.0000000;31800.0000000;31852.0000000;53
SPFB.MTSI-12.20;60;20201207;130000;31825.0000000;31908.0000000;31802.0000000;31898.0000000;24
SPFB.MTSI-12.20;60;20201207;150000;31943.0000000;31943.0000000;31943.0000000;31943.0000000;1
SPFB.MTSI-12.20;60;20201207;160000;31923.0000000;31950.0000000;31923.0000000;31942.0000000;6
SPFB.MTSI-12.20;60;20201207;170000;31930.0000000;31968.0000000;31914.0000000;31937.0000000;30
SPFB.MTSI-12.20;60;20201207;180000;31929.0000000;32050.0000000;31929.0000000;32002.0000000;134
SPFB.MTSI-12.20;60;20201207;190000;31991.0000000;32034.0000000;31976.0000000;32004.0000000;96
SPFB.MTSI-12.20;60;20201207;200000;31911.0000000;31927.0000000;31822.0000000;31877.0000000;67
SPFB.MTSI-12.20;60;20201207;210000;31906.0000000;31906.0000000;31811.0000000;31880.0000000;67
SPFB.MTSI-12.20;60;20201207;220000;31837.0000000;31847.0000000;31805.0000000;31836.0000000;73
SPFB.MTSI-12.20;60;20201207;230000;31827.0000000;31829.0000000;31827.0000000;31829.0000000;4
SPFB.MTSI-12.20;60;20201208;000000;31829.0000000;31829.0000000;31789.0000000;31800.0000000;32
SPFB.MTSI-12.20;60;20201208;110000;31794.0000000;31872.0000000;31745.0000000;31872.0000000;65
SPFB.MTSI-12.20;60;20201208;120000;31907.0000000;31962.0000000;31882.0000000;31952.0000000;173
SPFB.MTSI-12.20;60;20201208;130000;31952.0000000;31997.0000000;31873.0000000;31873.0000000;98
SPFB.MTSI-12.20;60;20201208;140000;31859.0000000;31874.0000000;31859.0000000;31864.0000000;9
SPFB.MTSI-12.20;60;20201208;150000;31849.0000000;31850.0000000;31840.0000000;31850.0000000;7
SPFB.MTSI-12.20;60;20201208;170000;31900.0000000;31900.0000000;31818.0000000;31818.0000000;7
SPFB.MTSI-12.20;60;20201208;180000;31826.0000000;31833.0000000;31763.0000000;31764.0000000;99
SPFB.MTSI-12.20;60;20201208;190000;31758.0000000;31829.0000000;31753.0000000;31821.0000000;31
SPFB.MTSI-12.20;60;20201208;200000;31789.0000000;31795.0000000;31713.0000000;31713.0000000;141
SPFB.MTSI-12.20;60;20201208;210000;31760.0000000;31760.0000000;31740.0000000;31740.0000000;9
SPFB.MTSI-12.20;60;20201208;220000;31760.0000000;31827.0000000;31760.0000000;31827.0000000;12
SPFB.MTSI-12.20;60;20201208;230000;31830.0000000;31840.0000000;31830.0000000;31840.0000000;3
SPFB.MTSI-12.20;60;20201209;000000;31840.0000000;31840.0000000;31840.0000000;31840.0000000;5
SPFB.MTSI-12.20;60;20201209;110000;31902.0000000;31948.0000000;31889.0000000;31938.0000000;59
SPFB.MTSI-12.20;60;20201209;120000;31940.0000000;32000.0000000;31928.0000000;31942.0000000;72
SPFB.MTSI-12.20;60;20201209;130000;31933.0000000;32150.0000000;31918.0000000;32150.0000000;322
SPFB.MTSI-12.20;60;20201209;140000;32133.0000000;32184.0000000;32132.0000000;32167.0000000;55
SPFB.MTSI-12.20;60;20201209;150000;32169.0000000;32185.0000000;32146.0000000;32185.0000000;43
SPFB.MTSI-12.20;60;20201209;160000;32172.0000000;32172.0000000;32126.0000000;32160.0000000;254
SPFB.MTSI-12.20;60;20201209;170000;32141.0000000;32218.0000000;32141.0000000;32198.0000000;160
SPFB.MTSI-12.20;60;20201209;180000;32200.0000000;32273.0000000;32025.0000000;32200.0000000;61
SPFB.MTSI-12.20;60;20201209;190000;32200.0000000;32463.0000000;32183.0000000;32271.0000000;449
SPFB.MTSI-12.20;60;20201209;200000;32156.0000000;32265.0000000;32156.0000000;32257.0000000;104
SPFB.MTSI-12.20;60;20201209;210000;32221.0000000;32263.0000000;32200.0000000;32200.0000000;32
SPFB.MTSI-12.20;60;20201209;220000;32201.0000000;32201.0000000;32100.0000000;32100.0000000;61
SPFB.MTSI-12.20;60;20201209;230000;32076.0000000;32189.0000000;32075.0000000;32161.0000000;59
SPFB.MTSI-12.20;60;20201210;000000;32146.0000000;32146.0000000;32066.0000000;32103.0000000;19
SPFB.MTSI-12.20;60;20201210;110000;32105.0000000;32298.0000000;32105.0000000;32237.0000000;160
SPFB.MTSI-12.20;60;20201210;120000;32250.0000000;32275.0000000;32233.0000000;32275.0000000;43
SPFB.MTSI-12.20;60;20201210;130000;32275.0000000;32354.0000000;32274.0000000;32339.0000000;63
SPFB.MTSI-12.20;60;20201210;140000;32329.0000000;32334.0000000;32290.0000000;32312.0000000;26
SPFB.MTSI-12.20;60;20201210;150000;32329.0000000;32364.0000000;32310.0000000;32364.0000000;27
SPFB.MTSI-12.20;60;20201210;160000;32364.0000000;32364.0000000;32327.0000000;32327.0000000;64
SPFB.MTSI-12.20;60;20201210;170000;32339.0000000;32339.0000000;32200.0000000;32200.0000000;21
SPFB.MTSI-12.20;60;20201210;180000;32218.0000000;32253.0000000;32116.0000000;32222.0000000;228
SPFB.MTSI-12.20;60;20201210;190000;32237.0000000;32555.0000000;32237.0000000;32453.0000000;98
SPFB.MTSI-12.20;60;20201210;200000;32424.0000000;32433.0000000;32377.0000000;32377.0000000;95
SPFB.MTSI-12.20;60;20201210;210000;32417.0000000;32447.0000000;32416.0000000;32447.0000000;6
SPFB.MTSI-12.20;60;20201210;220000;32460.0000000;32460.0000000;32431.0000000;32432.0000000;5
SPFB.MTSI-12.20;60;20201210;230000;32420.0000000;32420.0000000;32416.0000000;32417.0000000;14
SPFB.MTSI-12.20;60;20201211;000000;32420.0000000;32450.0000000;32420.0000000;32450.0000000;27
SPFB.MTSI-12.20;60;20201211;110000;32500.0000000;32761.0000000;32451.0000000;32648.0000000;322
SPFB.MTSI-12.20;60;20201211;120000;32643.0000000;32669.0000000;32552.0000000;32552.0000000;122
SPFB.MTSI-12.20;60;20201211;130000;32552.0000000;32563.0000000;32528.0000000;32533.0000000;26
SPFB.MTSI-12.20;60;20201211;140000;32543.0000000;32574.0000000;32543.0000000;32574.0000000;19
SPFB.MTSI-12.20;60;20201211;150000;32527.0000000;32550.0000000;32446.0000000;32470.0000000;163
SPFB.MTSI-12.20;60;20201211;160000;32543.0000000;32543.0000000;32493.0000000;32515.0000000;30
SPFB.MTSI-12.20;60;20201211;170000;32515.0000000;32534.0000000;32483.0000000;32534.0000000;21
SPFB.MTSI-12.20;60;20201211;180000;32524.0000000;32524.0000000;32155.0000000;32155.0000000;340
SPFB.MTSI-12.20;60;20201211;190000;32151.0000000;32258.0000000;32116.0000000;32201.0000000;141
SPFB.MTSI-12.20;60;20201211;200000;32132.0000000;32132.0000000;31970.0000000;32042.0000000;170
SPFB.MTSI-12.20;60;20201211;210000;32041.0000000;32041.0000000;31879.0000000;31958.0000000;30
SPFB.MTSI-12.20;60;20201211;220000;31953.0000000;32000.0000000;31950.0000000;31971.0000000;120
SPFB.MTSI-12.20;60;20201211;230000;31971.0000000;32003.0000000;31960.0000000;31964.0000000;19
SPFB.MTSI-12.20;60;20201212;000000;31974.0000000;31999.0000000;31907.0000000;31907.0000000;32
SPFB.MTSI-12.20;60;20201214;110000;32041.0000000;32140.0000000;31897.0000000;32140.0000000;206
SPFB.MTSI-12.20;60;20201214;120000;32178.0000000;32200.0000000;32103.0000000;32154.0000000;78
SPFB.MTSI-12.20;60;20201214;130000;32135.0000000;32253.0000000;32125.0000000;32190.0000000;81
SPFB.MTSI-12.20;60;20201214;140000;32146.0000000;32200.0000000;32027.0000000;32162.0000000;59
SPFB.MTSI-12.20;60;20201214;150000;32160.0000000;32191.0000000;32160.0000000;32191.0000000;5
SPFB.MTSI-12.20;60;20201214;160000;32170.0000000;32184.0000000;32065.0000000;32065.0000000;126
SPFB.MTSI-12.20;60;20201214;170000;32032.0000000;32053.0000000;32016.0000000;32053.0000000;29
SPFB.MTSI-12.20;60;20201214;180000;32070.0000000;32076.0000000;31915.0000000;32010.0000000;92
SPFB.MTSI-12.20;60;20201214;190000;31974.0000000;31993.0000000;31850.0000000;31968.0000000;46
SPFB.MTSI-12.20;60;20201214;200000;31989.0000000;31994.0000000;31989.0000000;31994.0000000;5
SPFB.MTSI-12.20;60;20201214;210000;31994.0000000;32035.0000000;31994.0000000;32035.0000000;19
SPFB.MTSI-12.20;60;20201214;220000;32007.0000000;32007.0000000;32007.0000000;32007.0000000;2
SPFB.MTSI-12.20;60;20201214;230000;32007.0000000;32007.0000000;32007.0000000;32007.0000000;1
SPFB.MTSI-12.20;60;20201215;000000;31903.0000000;31913.0000000;31903.0000000;31913.0000000;4
SPFB.MTSI-12.20;60;20201215;110000;31878.0000000;32005.0000000;31864.0000000;31927.0000000;54
SPFB.MTSI-12.20;60;20201215;120000;31992.0000000;32066.0000000;31962.0000000;32066.0000000;11
SPFB.MTSI-12.20;60;20201215;130000;32071.0000000;32071.0000000;32000.0000000;32024.0000000;66
SPFB.MTSI-12.20;60;20201215;140000;32024.0000000;32024.0000000;31994.0000000;32003.0000000;16
SPFB.MTSI-12.20;60;20201215;150000;32000.0000000;32002.0000000;31990.0000000;31991.0000000;49
SPFB.MTSI-12.20;60;20201215;160000;31992.0000000;32040.0000000;31992.0000000;32013.0000000;56
SPFB.MTSI-12.20;60;20201215;170000;32044.0000000;32099.0000000;32044.0000000;32086.0000000;55
SPFB.MTSI-12.20;60;20201215;180000;32030.0000000;32071.0000000;32012.0000000;32012.0000000;45
SPFB.MTSI-12.20;60;20201215;190000;31999.0000000;32066.0000000;31996.0000000;32018.0000000;37
SPFB.MTSI-12.20;60;20201215;200000;32012.0000000;32080.0000000;32012.0000000;32066.0000000;22
SPFB.MTSI-12.20;60;20201215;210000;32065.0000000;32088.0000000;32054.0000000;32058.0000000;24
SPFB.MTSI-12.20;60;20201215;220000;32068.0000000;32079.0000000;32068.0000000;32079.0000000;101
SPFB.MTSI-12.20;60;20201215;230000;32079.0000000;32096.0000000;32064.0000000;32096.0000000;147
SPFB.MTSI-12.20;60;20201216;110000;32094.0000000;32134.0000000;32013.0000000;32045.0000000;251
SPFB.MTSI-12.20;60;20201216;120000;32070.0000000;32129.0000000;32070.0000000;32099.0000000;78
SPFB.MTSI-12.20;60;20201216;130000;32065.0000000;32099.0000000;31999.0000000;32050.0000000;420
SPFB.MTSI-12.20;60;20201216;140000;32064.0000000;32069.0000000;32037.0000000;32043.0000000;187
SPFB.MTSI-12.20;60;20201216;150000;32043.0000000;32110.0000000;32042.0000000;32110.0000000;139
SPFB.MTSI-12.20;60;20201216;160000;32180.0000000;32255.0000000;32177.0000000;32236.0000000;145
SPFB.MTSI-12.20;60;20201216;170000;32235.0000000;32299.0000000;32219.0000000;32269.0000000;149
SPFB.MTSI-12.20;60;20201216;180000;32272.0000000;32272.0000000;32104.0000000;32205.0000000;79
SPFB.MTSI-12.20;60;20201216;190000;32100.0000000;32226.0000000;32094.0000000;32226.0000000;124
SPFB.MTSI-12.20;60;20201216;200000;32068.0000000;32166.0000000;32058.0000000;32130.0000000;202
SPFB.MTSI-12.20;60;20201216;210000;32166.0000000;32303.0000000;32166.0000000;32260.0000000;160
SPFB.MTSI-12.20;60;20201216;220000;32276.0000000;32276.0000000;32220.0000000;32260.0000000;59
SPFB.MTSI-12.20;60;20201216;230000;32260.0000000;32260.0000000;32193.0000000;32218.0000000;14
SPFB.MTSI-12.20;60;20201217;000000;32148.0000000;32198.0000000;32115.0000000;32135.0000000;138
SPFB.MTSI-12.20;60;20201217;110000;32200.0000000;32302.0000000;32200.0000000;32208.0000000;85
SPFB.MTSI-12.20;60;20201217;120000;32194.0000000;32242.0000000;32147.0000000;32242.0000000;54
SPFB.MTSI-12.20;60;20201217;130000;32250.0000000;32250.0000000;32111.0000000;32175.0000000;148
SPFB.MTSI-12.20;60;20201217;140000;32166.0000000;32261.0000000;32166.0000000;32261.0000000;86
SPFB.MTSI-12.20;60;20201217;150000;32240.0000000;32241.0000000;32175.0000000;32241.0000000;131
SPFB.MTSI-12.20;60;20201217;160000;32250.0000000;32371.0000000;32250.0000000;32358.0000000;359
SPFB.MTSI-12.20;60;20201217;170000;32351.0000000;32351.0000000;32059.0000000;32264.0000000;96
SPFB.MTSI-12.20;60;20201217;180000;32259.0000000;32365.0000000;32104.0000000;32292.0000000;101
SPFB.MTSI-12.20;60;20201217;190000;32300.0000000;32339.0000000;32259.0000000;32311.0000000;70
