<TICKER>;<PER>;<DATE>;<TIME>;<OPEN>;<HIGH>;<LOW>;<CLOSE>;<VOL>
SPFB.MTSI-12.19;60;20190611;180000;28000.0000000;28000.0000000;24100.0000000;24100.0000000;2
SPFB.MTSI-12.19;60;20190711;170000;26700.0000000;26700.0000000;26700.0000000;26700.0000000;2
SPFB.MTSI-12.19;60;20190716;110000;25749.0000000;25749.0000000;25749.0000000;25749.0000000;1
SPFB.MTSI-12.19;60;20190718;120000;26315.0000000;26315.0000000;26315.0000000;26315.0000000;2
SPFB.MTSI-12.19;60;20190724;110000;25934.0000000;25934.0000000;25934.0000000;25934.0000000;1
SPFB.MTSI-12.19;60;20190730;110000;27343.0000000;27343.0000000;27343.0000000;27343.0000000;10
SPFB.MTSI-12.19;60;20190730;120000;26705.0000000;26711.0000000;26556.0000000;26556.0000000;8
SPFB.MTSI-12.19;60;20190730;130000;26657.0000000;26657.0000000;26657.0000000;26657.0000000;2
SPFB.MTSI-12.19;60;20190731;130000;26853.0000000;26853.0000000;26853.0000000;26853.0000000;2
SPFB.MTSI-12.19;60;20190801;110000;25998.0000000;25998.0000000;25998.0000000;25998.0000000;1
SPFB.MTSI-12.19;60;20190802;230000;26409.0000000;26447.0000000;26409.0000000;26447.0000000;4
SPFB.MTSI-12.19;60;20190805;170000;25925.0000000;25925.0000000;25925.0000000;25925.0000000;5
SPFB.MTSI-12.19;60;20190805;200000;25595.0000000;25595.0000000;25580.0000000;25580.0000000;7
SPFB.MTSI-12.19;60;20190806;150000;26125.0000000;27500.0000000;26125.0000000;27500.0000000;5
SPFB.MTSI-12.19;60;20190806;160000;25984.0000000;25984.0000000;25984.0000000;25984.0000000;1
SPFB.MTSI-12.19;60;20190806;180000;26000.0000000;26000.0000000;26000.0000000;26000.0000000;1
SPFB.MTSI-12.19;60;20190807;190000;25980.0000000;25980.0000000;25980.0000000;25980.0000000;6
SPFB.MTSI-12.19;60;20190808;130000;26167.0000000;26167.0000000;26167.0000000;26167.0000000;1
SPFB.MTSI-12.19;60;20190808;150000;25998.0000000;25998.0000000;25998.0000000;25998.0000000;1
SPFB.MTSI-12.19;60;20190808;160000;25987.0000000;25987.0000000;25987.0000000;25987.0000000;1
SPFB.MTSI-12.19;60;20190808;170000;25996.0000000;25996.0000000;25996.0000000;25996.0000000;1
SPFB.MTSI-12.19;60;20190812;200000;25622.0000000;25622.0000000;25500.0000000;25500.0000000;6
SPFB.MTSI-12.19;60;20190812;210000;25459.0000000;25459.0000000;25459.0000000;25459.0000000;5
SPFB.MTSI-12.19;60;20190814;180000;25342.0000000;25342.0000000;25337.0000000;25337.0000000;3
SPFB.MTSI-12.19;60;20190814;190000;25302.0000000;25302.0000000;24297.0000000;24297.0000000;4
SPFB.MTSI-12.19;60;20190816;230000;25612.0000000;25612.0000000;25612.0000000;25612.0000000;1
SPFB.MTSI-12.19;60;20190820;110000;25490.0000000;25490.0000000;25490.0000000;25490.0000000;1
SPFB.MTSI-12.19;60;20190820;140000;25211.0000000;25211.0000000;25211.0000000;25211.0000000;2
SPFB.MTSI-12.19;60;20190820;170000;25014.0000000;25014.0000000;25014.0000000;25014.0000000;2
SPFB.MTSI-12.19;60;20190821;190000;25547.0000000;25574.0000000;25547.0000000;25574.0000000;4
SPFB.MTSI-12.19;60;20190823;170000;25220.0000000;25220.0000000;24222.0000000;24222.0000000;4
SPFB.MTSI-12.19;60;20190826;160000;25642.0000000;25642.0000000;25642.0000000;25642.0000000;1
SPFB.MTSI-12.19;60;20190826;220000;25800.0000000;25800.0000000;25800.0000000;25800.0000000;1
SPFB.MTSI-12.19;60;20190827;140000;26388.0000000;26388.0000000;26388.0000000;26388.0000000;1
SPFB.MTSI-12.19;60;20190827;180000;26102.0000000;26102.0000000;26102.0000000;26102.0000000;2
SPFB.MTSI-12.19;60;20190828;110000;25858.0000000;25858.0000000;25858.0000000;25858.0000000;4
SPFB.MTSI-12.19;60;20190828;230000;26324.0000000;26324.0000000;26324.0000000;26324.0000000;1
SPFB.MTSI-12.19;60;20190830;110000;26389.0000000;26389.0000000;26389.0000000;26389.0000000;1
SPFB.MTSI-12.19;60;20190830;120000;26423.0000000;26425.0000000;26423.0000000;26425.0000000;6
SPFB.MTSI-12.19;60;20190830;150000;26466.0000000;26466.0000000;26466.0000000;26466.0000000;1
SPFB.MTSI-12.19;60;20190830;190000;26508.0000000;26609.0000000;26503.0000000;26503.0000000;5
SPFB.MTSI-12.19;60;20190902;180000;26602.0000000;26602.0000000;26602.0000000;26602.0000000;1
SPFB.MTSI-12.19;60;20190903;120000;26565.0000000;26565.0000000;26565.0000000;26565.0000000;1
SPFB.MTSI-12.19;60;20190903;170000;26575.0000000;26575.0000000;26202.0000000;26202.0000000;2
SPFB.MTSI-12.19;60;20190904;110000;26612.0000000;26612.0000000;26612.0000000;26612.0000000;1
SPFB.MTSI-12.19;60;20190904;160000;26962.0000000;27000.0000000;26962.0000000;27000.0000000;8
SPFB.MTSI-12.19;60;20190904;170000;27000.0000000;27000.0000000;27000.0000000;27000.0000000;2
SPFB.MTSI-12.19;60;20190904;180000;27000.0000000;27000.0000000;27000.0000000;27000.0000000;1
SPFB.MTSI-12.19;60;20190904;220000;27001.0000000;27001.0000000;27000.0000000;27000.0000000;4
SPFB.MTSI-12.19;60;20190904;230000;27143.0000000;27143.0000000;27143.0000000;27143.0000000;3
SPFB.MTSI-12.19;60;20190905;110000;27263.0000000;27286.0000000;27212.0000000;27286.0000000;47
SPFB.MTSI-12.19;60;20190905;120000;27276.0000000;27283.0000000;27050.0000000;27050.0000000;12
SPFB.MTSI-12.19;60;20190905;130000;27056.0000000;27212.0000000;27056.0000000;27212.0000000;17
SPFB.MTSI-12.19;60;20190905;140000;27232.0000000;27235.0000000;27212.0000000;27212.0000000;4
SPFB.MTSI-12.19;60;20190905;150000;27202.0000000;27212.0000000;27202.0000000;27212.0000000;4
SPFB.MTSI-12.19;60;20190905;160000;27222.0000000;27273.0000000;27222.0000000;27273.0000000;14
SPFB.MTSI-12.19;60;20190905;170000;27276.0000000;27499.0000000;27263.0000000;27499.0000000;20
SPFB.MTSI-12.19;60;20190905;180000;27499.0000000;27499.0000000;27499.0000000;27499.0000000;1
SPFB.MTSI-12.19;60;20190905;190000;27111.0000000;27111.0000000;27111.0000000;27111.0000000;1
SPFB.MTSI-12.19;60;20190906;110000;27127.0000000;27127.0000000;27111.0000000;27111.0000000;15
SPFB.MTSI-12.19;60;20190906;120000;27003.0000000;27003.0000000;27003.0000000;27003.0000000;1
SPFB.MTSI-12.19;60;20190906;130000;27005.0000000;27005.0000000;27003.0000000;27003.0000000;6
SPFB.MTSI-12.19;60;20190909;110000;27276.0000000;27276.0000000;27000.0000000;27005.0000000;18
SPFB.MTSI-12.19;60;20190909;140000;26907.0000000;26907.0000000;26901.0000000;26901.0000000;9
SPFB.MTSI-12.19;60;20190909;150000;26950.0000000;26950.0000000;26950.0000000;26950.0000000;9
SPFB.MTSI-12.19;60;20190909;160000;26810.0000000;26810.0000000;26803.0000000;26803.0000000;5
SPFB.MTSI-12.19;60;20190910;130000;26600.0000000;26600.0000000;26600.0000000;26600.0000000;1
SPFB.MTSI-12.19;60;20190910;140000;26800.0000000;26800.0000000;26800.0000000;26800.0000000;9
SPFB.MTSI-12.19;60;20190910;150000;26893.0000000;26919.0000000;26850.0000000;26850.0000000;17
SPFB.MTSI-12.19;60;20190910;160000;26909.0000000;26960.0000000;26909.0000000;26960.0000000;24
SPFB.MTSI-12.19;60;20190910;170000;26777.0000000;26777.0000000;26777.0000000;26777.0000000;30
SPFB.MTSI-12.19;60;20190910;180000;26600.0000000;26600.0000000;26600.0000000;26600.0000000;4
SPFB.MTSI-12.19;60;20190910;190000;26863.0000000;26864.0000000;26863.0000000;26864.0000000;2
SPFB.MTSI-12.19;60;20190910;220000;26777.0000000;26777.0000000;26777.0000000;26777.0000000;1
SPFB.MTSI-12.19;60;20190911;110000;26750.0000000;26750.0000000;26750.0000000;26750.0000000;3
SPFB.MTSI-12.19;60;20190911;120000;26850.0000000;26950.0000000;26850.0000000;26888.0000000;6
SPFB.MTSI-12.19;60;20190911;130000;26888.0000000;26888.0000000;26888.0000000;26888.0000000;1
SPFB.MTSI-12.19;60;20190911;180000;26977.0000000;27190.0000000;26745.0000000;26745.0000000;9
SPFB.MTSI-12.19;60;20190912;110000;26762.0000000;26792.0000000;26732.0000000;26732.0000000;27
SPFB.MTSI-12.19;60;20190912;130000;26725.0000000;26725.0000000;26711.0000000;26711.0000000;12
SPFB.MTSI-12.19;60;20190912;140000;26700.0000000;26700.0000000;26700.0000000;26700.0000000;31
SPFB.MTSI-12.19;60;20190912;150000;26631.0000000;26631.0000000;26631.0000000;26631.0000000;3
SPFB.MTSI-12.19;60;20190912;160000;26581.0000000;26581.0000000;26581.0000000;26581.0000000;1
SPFB.MTSI-12.19;60;20190912;170000;26550.0000000;26550.0000000;26460.0000000;26460.0000000;40
SPFB.MTSI-12.19;60;20190913;130000;26475.0000000;26475.0000000;26465.0000000;26475.0000000;5
SPFB.MTSI-12.19;60;20190913;150000;26465.0000000;26564.0000000;26465.0000000;26534.0000000;34
SPFB.MTSI-12.19;60;20190913;160000;26523.0000000;26523.0000000;26523.0000000;26523.0000000;11
SPFB.MTSI-12.19;60;20190913;170000;26465.0000000;26473.0000000;26301.0000000;26301.0000000;29
SPFB.MTSI-12.19;60;20190913;180000;26301.0000000;26372.0000000;26301.0000000;26341.0000000;7
SPFB.MTSI-12.19;60;20190913;200000;26200.0000000;26200.0000000;26200.0000000;26200.0000000;3
SPFB.MTSI-12.19;60;20190916;120000;26535.0000000;26565.0000000;26500.0000000;26565.0000000;35
SPFB.MTSI-12.19;60;20190916;130000;26499.0000000;26565.0000000;26499.0000000;26555.0000000;15
SPFB.MTSI-12.19;60;20190916;140000;26555.0000000;26555.0000000;26545.0000000;26545.0000000;3
SPFB.MTSI-12.19;60;20190916;150000;26542.0000000;26542.0000000;26537.0000000;26537.0000000;22
SPFB.MTSI-12.19;60;20190916;160000;26537.0000000;26537.0000000;26535.0000000;26535.0000000;38
SPFB.MTSI-12.19;60;20190916;170000;26403.0000000;26403.0000000;26200.0000000;26216.0000000;127
SPFB.MTSI-12.19;60;20190916;190000;26451.0000000;26571.0000000;26451.0000000;26571.0000000;4
SPFB.MTSI-12.19;60;20190916;200000;26582.0000000;26600.0000000;26582.0000000;26600.0000000;4
SPFB.MTSI-12.19;60;20190917;000000;26587.0000000;26587.0000000;26300.0000000;26300.0000000;6
SPFB.MTSI-12.19;60;20190917;110000;26682.0000000;26683.0000000;26500.0000000;26620.0000000;34
SPFB.MTSI-12.19;60;20190917;120000;26612.0000000;26613.0000000;26500.0000000;26500.0000000;40
SPFB.MTSI-12.19;60;20190917;130000;26499.0000000;26545.0000000;26498.0000000;26545.0000000;9
SPFB.MTSI-12.19;60;20190917;140000;26532.0000000;26567.0000000;26532.0000000;26567.0000000;11
SPFB.MTSI-12.19;60;20190917;150000;26644.0000000;26646.0000000;26545.0000000;26545.0000000;6
SPFB.MTSI-12.19;60;20190917;160000;26539.0000000;26539.0000000;26514.0000000;26514.0000000;11
SPFB.MTSI-12.19;60;20190917;170000;26530.0000000;26530.0000000;26530.0000000;26530.0000000;1
SPFB.MTSI-12.19;60;20190917;180000;26526.0000000;26526.0000000;26526.0000000;26526.0000000;2
SPFB.MTSI-12.19;60;20190917;190000;26598.0000000;26628.0000000;26598.0000000;26605.0000000;10
SPFB.MTSI-12.19;60;20190917;200000;26565.0000000;26565.0000000;26565.0000000;26565.0000000;1
SPFB.MTSI-12.19;60;20190918;000000;26792.0000000;26792.0000000;26792.0000000;26792.0000000;1
SPFB.MTSI-12.19;60;20190918;110000;26644.0000000;26702.0000000;26630.0000000;26702.0000000;100
SPFB.MTSI-12.19;60;20190918;120000;26675.0000000;26717.0000000;26675.0000000;26685.0000000;27
SPFB.MTSI-12.19;60;20190918;130000;26657.0000000;26657.0000000;26615.0000000;26640.0000000;36
SPFB.MTSI-12.19;60;20190918;140000;26695.0000000;26695.0000000;26695.0000000;26695.0000000;21
SPFB.MTSI-12.19;60;20190918;150000;26670.0000000;26800.0000000;26670.0000000;26700.0000000;79
SPFB.MTSI-12.19;60;20190918;160000;26790.0000000;26800.0000000;26790.0000000;26800.0000000;7
SPFB.MTSI-12.19;60;20190918;170000;26820.0000000;26820.0000000;26800.0000000;26800.0000000;12
SPFB.MTSI-12.19;60;20190918;180000;26819.0000000;26820.0000000;26790.0000000;26800.0000000;23
SPFB.MTSI-12.19;60;20190918;190000;26842.0000000;26930.0000000;26810.0000000;26819.0000000;46
SPFB.MTSI-12.19;60;20190918;200000;26917.0000000;26917.0000000;26805.0000000;26909.0000000;40
SPFB.MTSI-12.19;60;20190918;210000;26905.0000000;26930.0000000;26677.0000000;26677.0000000;36
SPFB.MTSI-12.19;60;20190918;220000;26741.0000000;26741.0000000;26674.0000000;26674.0000000;21
SPFB.MTSI-12.19;60;20190918;230000;26699.0000000;26700.0000000;26699.0000000;26700.0000000;16
SPFB.MTSI-12.19;60;20190919;000000;26895.0000000;26896.0000000;26809.0000000;26810.0000000;5
SPFB.MTSI-12.19;60;20190919;110000;26867.0000000;26973.0000000;26819.0000000;26819.0000000;184
SPFB.MTSI-12.19;60;20190919;120000;26835.0000000;26900.0000000;26794.0000000;26891.0000000;93
SPFB.MTSI-12.19;60;20190919;130000;26897.0000000;26897.0000000;26860.0000000;26872.0000000;186
SPFB.MTSI-12.19;60;20190919;140000;26903.0000000;26903.0000000;26840.0000000;26877.0000000;55
SPFB.MTSI-12.19;60;20190919;150000;26872.0000000;26875.0000000;26864.0000000;26875.0000000;9
SPFB.MTSI-12.19;60;20190919;160000;26912.0000000;26912.0000000;26833.0000000;26912.0000000;27
SPFB.MTSI-12.19;60;20190919;170000;26935.0000000;26936.0000000;26752.0000000;26752.0000000;63
SPFB.MTSI-12.19;60;20190919;180000;26705.0000000;26710.0000000;26563.0000000;26630.0000000;64
SPFB.MTSI-12.19;60;20190919;190000;26587.0000000;26588.0000000;26550.0000000;26588.0000000;34
SPFB.MTSI-12.19;60;20190919;200000;26924.0000000;26924.0000000;26799.0000000;26799.0000000;2
SPFB.MTSI-12.19;60;20190919;210000;26673.0000000;26673.0000000;26588.0000000;26649.0000000;25
SPFB.MTSI-12.19;60;20190920;110000;26608.0000000;26613.0000000;26400.0000000;26500.0000000;239
SPFB.MTSI-12.19;60;20190920;120000;26568.0000000;26591.0000000;26499.0000000;26499.0000000;45
SPFB.MTSI-12.19;60;20190920;130000;26500.0000000;26537.0000000;26483.0000000;26485.0000000;76
SPFB.MTSI-12.19;60;20190920;140000;26459.0000000;26660.0000000;26458.0000000;26660.0000000;780
SPFB.MTSI-12.19;60;20190920;150000;26639.0000000;26664.0000000;26618.0000000;26618.0000000;75
SPFB.MTSI-12.19;60;20190920;160000;26620.0000000;26620.0000000;26620.0000000;26620.0000000;3
SPFB.MTSI-12.19;60;20190920;170000;26619.0000000;26648.0000000;26500.0000000;26527.0000000;79
SPFB.MTSI-12.19;60;20190920;180000;26506.0000000;26577.0000000;26506.0000000;26562.0000000;13
SPFB.MTSI-12.19;60;20190920;190000;26585.0000000;26657.0000000;26556.0000000;26657.0000000;15
SPFB.MTSI-12.19;60;20190920;200000;26446.0000000;26855.0000000;26446.0000000;26721.0000000;23
SPFB.MTSI-12.19;60;20190920;210000;26721.0000000;26721.0000000;26721.0000000;26721.0000000;1
SPFB.MTSI-12.19;60;20190920;220000;26700.0000000;26700.0000000;26690.0000000;26690.0000000;4
SPFB.MTSI-12.19;60;20190923;110000;26638.0000000;26686.0000000;26609.0000000;26630.0000000;176
SPFB.MTSI-12.19;60;20190923;120000;26525.0000000;26580.0000000;26428.0000000;26571.0000000;149
SPFB.MTSI-12.19;60;20190923;130000;26581.0000000;26597.0000000;26571.0000000;26592.0000000;52
SPFB.MTSI-12.19;60;20190923;140000;26588.0000000;26676.0000000;26588.0000000;26657.0000000;32
SPFB.MTSI-12.19;60;20190923;150000;26577.0000000;26611.0000000;26549.0000000;26549.0000000;42
SPFB.MTSI-12.19;60;20190923;160000;26541.0000000;26624.0000000;26541.0000000;26624.0000000;30
SPFB.MTSI-12.19;60;20190923;170000;26607.0000000;26713.0000000;26352.0000000;26383.0000000;979
SPFB.MTSI-12.19;60;20190923;180000;26395.0000000;26482.0000000;26387.0000000;26482.0000000;52
SPFB.MTSI-12.19;60;20190923;190000;26509.0000000;26564.0000000;26509.0000000;26562.0000000;18
SPFB.MTSI-12.19;60;20190923;200000;26451.0000000;26508.0000000;26451.0000000;26508.0000000;16
SPFB.MTSI-12.19;60;20190923;210000;26520.0000000;26544.0000000;26494.0000000;26520.0000000;32
SPFB.MTSI-12.19;60;20190923;220000;26619.0000000;26619.0000000;26619.0000000;26619.0000000;1
SPFB.MTSI-12.19;60;20190923;230000;26590.0000000;26590.0000000;26590.0000000;26590.0000000;1
SPFB.MTSI-12.19;60;20190924;000000;26550.0000000;26550.0000000;26550.0000000;26550.0000000;1
SPFB.MTSI-12.19;60;20190924;110000;26465.0000000;26481.0000000;26383.0000000;26455.0000000;135
SPFB.MTSI-12.19;60;20190924;120000;26493.0000000;26515.0000000;26480.0000000;26485.0000000;38
SPFB.MTSI-12.19;60;20190924;130000;26488.0000000;26528.0000000;26407.0000000;26470.0000000;194
SPFB.MTSI-12.19;60;20190924;150000;26490.0000000;26521.0000000;26480.0000000;26521.0000000;39
SPFB.MTSI-12.19;60;20190924;160000;26558.0000000;26569.0000000;26480.0000000;26503.0000000;265
SPFB.MTSI-12.19;60;20190924;170000;26528.0000000;26528.0000000;26421.0000000;26421.0000000;86
SPFB.MTSI-12.19;60;20190924;180000;26430.0000000;26440.0000000;26255.0000000;26255.0000000;153
SPFB.MTSI-12.19;60;20190924;190000;26234.0000000;26300.0000000;26179.0000000;26300.0000000;165
SPFB.MTSI-12.19;60;20190924;200000;26215.0000000;26317.0000000;26200.0000000;26260.0000000;34
SPFB.MTSI-12.19;60;20190924;210000;26214.0000000;26240.0000000;26214.0000000;26240.0000000;4
SPFB.MTSI-12.19;60;20190924;220000;26265.0000000;26289.0000000;26231.0000000;26272.0000000;199
SPFB.MTSI-12.19;60;20190924;230000;26250.0000000;26250.0000000;26120.0000000;26164.0000000;410
SPFB.MTSI-12.19;60;20190925;000000;26162.0000000;26164.0000000;26150.0000000;26154.0000000;11
SPFB.MTSI-12.19;60;20190925;110000;26101.0000000;26190.0000000;25999.0000000;26190.0000000;324
SPFB.MTSI-12.19;60;20190925;120000;26202.0000000;26312.0000000;26202.0000000;26307.0000000;141
SPFB.MTSI-12.19;60;20190925;130000;26295.0000000;26295.0000000;26200.0000000;26229.0000000;285
SPFB.MTSI-12.19;60;20190925;140000;26250.0000000;26271.0000000;26192.0000000;26264.0000000;42
SPFB.MTSI-12.19;60;20190925;150000;26253.0000000;26283.0000000;26178.0000000;26178.0000000;118
SPFB.MTSI-12.19;60;20190925;160000;26202.0000000;26273.0000000;26193.0000000;26219.0000000;61
SPFB.MTSI-12.19;60;20190925;170000;26176.0000000;26176.0000000;25929.0000000;25929.0000000;205
SPFB.MTSI-12.19;60;20190925;180000;25909.0000000;26065.0000000;25800.0000000;26060.0000000;462
SPFB.MTSI-12.19;60;20190925;190000;26038.0000000;26122.0000000;25995.0000000;26015.0000000;38
SPFB.MTSI-12.19;60;20190925;200000;26063.0000000;26063.0000000;26063.0000000;26063.0000000;2
SPFB.MTSI-12.19;60;20190925;220000;26065.0000000;26149.0000000;26065.0000000;26135.0000000;18
SPFB.MTSI-12.19;60;20190925;230000;26096.0000000;26096.0000000;25850.0000000;25952.0000000;26
SPFB.MTSI-12.19;60;20190926;000000;26008.0000000;26008.0000000;25995.0000000;25995.0000000;5
SPFB.MTSI-12.19;60;20190926;110000;26072.0000000;26138.0000000;26041.0000000;26137.0000000;119
SPFB.MTSI-12.19;60;20190926;120000;26160.0000000;26200.0000000;26160.0000000;26180.0000000;63
SPFB.MTSI-12.19;60;20190926;130000;26180.0000000;26252.0000000;26180.0000000;26252.0000000;181
SPFB.MTSI-12.19;60;20190926;140000;26248.0000000;26260.0000000;26200.0000000;26200.0000000;62
SPFB.MTSI-12.19;60;20190926;150000;26201.0000000;26217.0000000;26131.0000000;26159.0000000;108
SPFB.MTSI-12.19;60;20190926;160000;26169.0000000;26169.0000000;26117.0000000;26129.0000000;29
SPFB.MTSI-12.19;60;20190926;170000;26135.0000000;26209.0000000;26135.0000000;26184.0000000;133
SPFB.MTSI-12.19;60;20190926;180000;26122.0000000;26138.0000000;26108.0000000;26137.0000000;42
SPFB.MTSI-12.19;60;20190926;190000;26104.0000000;26113.0000000;26083.0000000;26113.0000000;11
SPFB.MTSI-12.19;60;20190926;210000;26205.0000000;26205.0000000;26149.0000000;26149.0000000;15
SPFB.MTSI-12.19;60;20190926;220000;26149.0000000;26159.0000000;26149.0000000;26159.0000000;17
SPFB.MTSI-12.19;60;20190927;000000;26159.0000000;26159.0000000;26159.0000000;26159.0000000;5
SPFB.MTSI-12.19;60;20190927;110000;26025.0000000;26065.0000000;25952.0000000;26007.0000000;116
SPFB.MTSI-12.19;60;20190927;120000;26034.0000000;26104.0000000;25985.0000000;26104.0000000;143
SPFB.MTSI-12.19;60;20190927;130000;26095.0000000;26095.0000000;26058.0000000;26071.0000000;16
SPFB.MTSI-12.19;60;20190927;140000;26085.0000000;26121.0000000;26084.0000000;26111.0000000;33
SPFB.MTSI-12.19;60;20190927;150000;26101.0000000;26105.0000000;26100.0000000;26105.0000000;26
SPFB.MTSI-12.19;60;20190927;160000;26114.0000000;26115.0000000;26035.0000000;26035.0000000;62
SPFB.MTSI-12.19;60;20190927;170000;26069.0000000;26097.0000000;26035.0000000;26097.0000000;80
SPFB.MTSI-12.19;60;20190927;180000;26080.0000000;26200.0000000;26080.0000000;26128.0000000;40
SPFB.MTSI-12.19;60;20190927;190000;26188.0000000;26239.0000000;26181.0000000;26181.0000000;44
SPFB.MTSI-12.19;60;20190927;200000;26181.0000000;26181.0000000;26181.0000000;26181.0000000;1
SPFB.MTSI-12.19;60;20190927;210000;26236.0000000;26236.0000000;26236.0000000;26236.0000000;1
SPFB.MTSI-12.19;60;20190927;220000;26210.0000000;26210.0000000;26210.0000000;26210.0000000;2
SPFB.MTSI-12.19;60;20190930;110000;26114.0000000;26248.0000000;26114.0000000;26145.0000000;171
SPFB.MTSI-12.19;60;20190930;120000;26176.0000000;26176.0000000;26156.0000000;26173.0000000;4
SPFB.MTSI-12.19;60;20190930;130000;26229.0000000;26289.0000000;26229.0000000;26289.0000000;16
SPFB.MTSI-12.19;60;20190930;140000;26290.0000000;26345.0000000;26266.0000000;26267.0000000;140
SPFB.MTSI-12.19;60;20190930;150000;26266.0000000;26266.0000000;26265.0000000;26265.0000000;2
SPFB.MTSI-12.19;60;20190930;160000;26244.0000000;26253.0000000;26244.0000000;26253.0000000;8
SPFB.MTSI-12.19;60;20190930;170000;26170.0000000;26237.0000000;26081.0000000;26095.0000000;213
SPFB.MTSI-12.19;60;20190930;180000;26143.0000000;26148.0000000;26022.0000000;26045.0000000;252
SPFB.MTSI-12.19;60;20190930;190000;26039.0000000;26133.0000000;26039.0000000;26060.0000000;18
SPFB.MTSI-12.19;60;20190930;200000;25932.0000000;26039.0000000;25578.0000000;26032.0000000;66
SPFB.MTSI-12.19;60;20190930;210000;26009.0000000;26015.0000000;25980.0000000;25982.0000000;243
SPFB.MTSI-12.19;60;20190930;220000;26028.0000000;26028.0000000;26028.0000000;26028.0000000;2
SPFB.MTSI-12.19;60;20190930;230000;26029.0000000;26029.0000000;26029.0000000;26029.0000000;4
SPFB.MTSI-12.19;60;20191001;110000;26060.0000000;26200.0000000;26029.0000000;26111.0000000;74
SPFB.MTSI-12.19;60;20191001;120000;26136.0000000;26149.0000000;26070.0000000;26082.0000000;52
SPFB.MTSI-12.19;60;20191001;130000;26052.0000000;26104.0000000;26048.0000000;26104.0000000;21
SPFB.MTSI-12.19;60;20191001;150000;26135.0000000;26158.0000000;26135.0000000;26140.0000000;15
SPFB.MTSI-12.19;60;20191001;160000;26151.0000000;26151.0000000;26117.0000000;26124.0000000;35
SPFB.MTSI-12.19;60;20191001;170000;26165.0000000;26165.0000000;26006.0000000;26006.0000000;27
SPFB.MTSI-12.19;60;20191001;180000;26000.0000000;26069.0000000;25942.0000000;26040.0000000;103
SPFB.MTSI-12.19;60;20191001;190000;26052.0000000;26073.0000000;26052.0000000;26073.0000000;5
SPFB.MTSI-12.19;60;20191001;200000;26069.0000000;26106.0000000;25995.0000000;26080.0000000;155
SPFB.MTSI-12.19;60;20191001;210000;26075.0000000;26076.0000000;26040.0000000;26063.0000000;213
SPFB.MTSI-12.19;60;20191001;220000;26066.0000000;26066.0000000;26030.0000000;26037.0000000;279
SPFB.MTSI-12.19;60;20191001;230000;26020.0000000;26069.0000000;26008.0000000;26035.0000000;58
SPFB.MTSI-12.19;60;20191002;000000;26030.0000000;26030.0000000;25999.0000000;25999.0000000;15
SPFB.MTSI-12.19;60;20191002;110000;25992.0000000;25992.0000000;25909.0000000;25959.0000000;147
SPFB.MTSI-12.19;60;20191002;120000;25960.0000000;25980.0000000;25946.0000000;25967.0000000;10
SPFB.MTSI-12.19;60;20191002;130000;25970.0000000;25993.0000000;25959.0000000;25962.0000000;120
SPFB.MTSI-12.19;60;20191002;140000;25980.0000000;26020.0000000;25980.0000000;26020.0000000;15
SPFB.MTSI-12.19;60;20191002;150000;26030.0000000;26050.0000000;26000.0000000;26022.0000000;20
SPFB.MTSI-12.19;60;20191002;160000;26050.0000000;26060.0000000;25990.0000000;26000.0000000;17
SPFB.MTSI-12.19;60;20191002;170000;25980.0000000;25980.0000000;25800.0000000;25917.0000000;247
SPFB.MTSI-12.19;60;20191002;180000;25926.0000000;25940.0000000;25826.0000000;25873.0000000;31
SPFB.MTSI-12.19;60;20191002;190000;25826.0000000;25875.0000000;25762.0000000;25762.0000000;53
SPFB.MTSI-12.19;60;20191002;200000;25730.0000000;25779.0000000;25729.0000000;25766.0000000;263
SPFB.MTSI-12.19;60;20191002;210000;25750.0000000;25795.0000000;25746.0000000;25768.0000000;383
SPFB.MTSI-12.19;60;20191002;220000;25778.0000000;25870.0000000;25760.0000000;25800.0000000;223
SPFB.MTSI-12.19;60;20191002;230000;25772.0000000;25797.0000000;25772.0000000;25782.0000000;210
SPFB.MTSI-12.19;60;20191003;110000;25712.0000000;25810.0000000;25700.0000000;25724.0000000;104
SPFB.MTSI-12.19;60;20191003;120000;25711.0000000;25818.0000000;25644.0000000;25752.0000000;268
SPFB.MTSI-12.19;60;20191003;130000;25698.0000000;25760.0000000;25698.0000000;25760.0000000;64
SPFB.MTSI-12.19;60;20191003;140000;25750.0000000;25786.0000000;25750.0000000;25761.0000000;13
SPFB.MTSI-12.19;60;20191003;150000;25758.0000000;25775.0000000;25727.0000000;25735.0000000;13
SPFB.MTSI-12.19;60;20191003;160000;25732.0000000;25745.0000000;25732.0000000;25745.0000000;2
SPFB.MTSI-12.19;60;20191003;170000;25695.0000000;25821.0000000;25641.0000000;25773.0000000;95
SPFB.MTSI-12.19;60;20191003;180000;25705.0000000;25761.0000000;25621.0000000;25736.0000000;47
SPFB.MTSI-12.19;60;20191003;190000;25750.0000000;25819.0000000;25750.0000000;25775.0000000;37
SPFB.MTSI-12.19;60;20191003;200000;25916.0000000;25918.0000000;25835.0000000;25835.0000000;7
SPFB.MTSI-12.19;60;20191003;210000;25827.0000000;25841.0000000;25812.0000000;25813.0000000;109
SPFB.MTSI-12.19;60;20191003;220000;25829.0000000;25829.0000000;25799.0000000;25799.0000000;3
SPFB.MTSI-12.19;60;20191003;230000;25817.0000000;25826.0000000;25807.0000000;25809.0000000;89
SPFB.MTSI-12.19;60;20191004;000000;25809.0000000;25829.0000000;25798.0000000;25829.0000000;271
SPFB.MTSI-12.19;60;20191004;110000;25795.0000000;25851.0000000;25749.0000000;25823.0000000;161
SPFB.MTSI-12.19;60;20191004;120000;25844.0000000;25900.0000000;25835.0000000;25865.0000000;54
SPFB.MTSI-12.19;60;20191004;130000;25895.0000000;25895.0000000;25851.0000000;25851.0000000;7
SPFB.MTSI-12.19;60;20191004;140000;25869.0000000;25870.0000000;25805.0000000;25835.0000000;29
SPFB.MTSI-12.19;60;20191004;150000;25805.0000000;25805.0000000;25762.0000000;25770.0000000;13
SPFB.MTSI-12.19;60;20191004;160000;25745.0000000;25755.0000000;25721.0000000;25745.0000000;26
SPFB.MTSI-12.19;60;20191004;170000;25725.0000000;25815.0000000;25725.0000000;25790.0000000;55
SPFB.MTSI-12.19;60;20191004;180000;25810.0000000;25876.0000000;25760.0000000;25876.0000000;68
SPFB.MTSI-12.19;60;20191004;190000;25860.0000000;25916.0000000;25860.0000000;25879.0000000;59
SPFB.MTSI-12.19;60;20191004;200000;25889.0000000;25976.0000000;25889.0000000;25976.0000000;72
SPFB.MTSI-12.19;60;20191004;210000;25937.0000000;25991.0000000;25891.0000000;25920.0000000;28
SPFB.MTSI-12.19;60;20191004;220000;25904.0000000;25916.0000000;25898.0000000;25904.0000000;18
SPFB.MTSI-12.19;60;20191004;230000;25898.0000000;25920.0000000;25897.0000000;25908.0000000;31
SPFB.MTSI-12.19;60;20191005;000000;25930.0000000;25930.0000000;25870.0000000;25920.0000000;17
SPFB.MTSI-12.19;60;20191007;110000;25879.0000000;25894.0000000;25807.0000000;25894.0000000;67
SPFB.MTSI-12.19;60;20191007;120000;25846.0000000;25895.0000000;25845.0000000;25895.0000000;12
SPFB.MTSI-12.19;60;20191007;140000;25906.0000000;25995.0000000;25906.0000000;25970.0000000;230
SPFB.MTSI-12.19;60;20191007;150000;26015.0000000;26090.0000000;26008.0000000;26056.0000000;63
SPFB.MTSI-12.19;60;20191007;160000;26065.0000000;26065.0000000;26021.0000000;26026.0000000;30
SPFB.MTSI-12.19;60;20191007;170000;26025.0000000;26058.0000000;26014.0000000;26014.0000000;37
SPFB.MTSI-12.19;60;20191007;180000;26007.0000000;26045.0000000;26000.0000000;26029.0000000;17
SPFB.MTSI-12.19;60;20191007;190000;26005.0000000;26049.0000000;26001.0000000;26001.0000000;22
SPFB.MTSI-12.19;60;20191007;220000;26000.0000000;26031.0000000;26000.0000000;26031.0000000;13
SPFB.MTSI-12.19;60;20191007;230000;26001.0000000;26001.0000000;26001.0000000;26001.0000000;2
SPFB.MTSI-12.19;60;20191008;000000;25995.0000000;25995.0000000;25995.0000000;25995.0000000;2
SPFB.MTSI-12.19;60;20191008;110000;26001.0000000;26025.0000000;25926.0000000;25976.0000000;88
SPFB.MTSI-12.19;60;20191008;120000;25969.0000000;25995.0000000;25969.0000000;25990.0000000;12
SPFB.MTSI-12.19;60;20191008;130000;26003.0000000;26017.0000000;25975.0000000;25980.0000000;38
SPFB.MTSI-12.19;60;20191008;140000;25965.0000000;25965.0000000;25905.0000000;25935.0000000;52
SPFB.MTSI-12.19;60;20191008;150000;25935.0000000;25942.0000000;25886.0000000;25890.0000000;35
SPFB.MTSI-12.19;60;20191008;160000;25885.0000000;25885.0000000;25880.0000000;25880.0000000;4
SPFB.MTSI-12.19;60;20191008;170000;25890.0000000;25901.0000000;25850.0000000;25888.0000000;32
SPFB.MTSI-12.19;60;20191008;180000;25861.0000000;25861.0000000;25700.0000000;25750.0000000;346
SPFB.MTSI-12.19;60;20191008;190000;25760.0000000;25790.0000000;25650.0000000;25720.0000000;109
SPFB.MTSI-12.19;60;20191008;200000;25724.0000000;25724.0000000;25699.0000000;25700.0000000;13
SPFB.MTSI-12.19;60;20191008;210000;25720.0000000;25720.0000000;25691.0000000;25691.0000000;9
SPFB.MTSI-12.19;60;20191008;220000;25691.0000000;25691.0000000;25691.0000000;25691.0000000;1
SPFB.MTSI-12.19;60;20191008;230000;25714.0000000;25714.0000000;25709.0000000;25709.0000000;11
SPFB.MTSI-12.19;60;20191009;000000;25698.0000000;25698.0000000;25692.0000000;25692.0000000;2
SPFB.MTSI-12.19;60;20191009;110000;25702.0000000;26271.0000000;25578.0000000;26130.0000000;1252
SPFB.MTSI-12.19;60;20191009;120000;26130.0000000;26235.0000000;26127.0000000;26180.0000000;144
SPFB.MTSI-12.19;60;20191009;130000;26184.0000000;26338.0000000;26178.0000000;26227.0000000;155
SPFB.MTSI-12.19;60;20191009;140000;26228.0000000;26335.0000000;26228.0000000;26335.0000000;129
SPFB.MTSI-12.19;60;20191009;150000;26338.0000000;26400.0000000;26330.0000000;26370.0000000;294
SPFB.MTSI-12.19;60;20191009;160000;26378.0000000;26435.0000000;26374.0000000;26418.0000000;120
SPFB.MTSI-12.19;60;20191009;170000;26413.0000000;26430.0000000;26175.0000000;26388.0000000;504
SPFB.MTSI-12.19;60;20191009;180000;26400.0000000;26509.0000000;26365.0000000;26508.0000000;155
SPFB.MTSI-12.19;60;20191009;190000;26500.0000000;26500.0000000;26420.0000000;26430.0000000;58
SPFB.MTSI-12.19;60;20191009;200000;26415.0000000;26430.0000000;26395.0000000;26400.0000000;25
SPFB.MTSI-12.19;60;20191009;210000;26400.0000000;26438.0000000;26395.0000000;26437.0000000;37
SPFB.MTSI-12.19;60;20191010;000000;26406.0000000;26406.0000000;26385.0000000;26385.0000000;12
SPFB.MTSI-12.19;60;20191010;110000;26365.0000000;26540.0000000;26365.0000000;26445.0000000;208
SPFB.MTSI-12.19;60;20191010;120000;26450.0000000;26473.0000000;26430.0000000;26430.0000000;18
SPFB.MTSI-12.19;60;20191010;130000;26450.0000000;26450.0000000;26420.0000000;26435.0000000;5
SPFB.MTSI-12.19;60;20191010;140000;26445.0000000;26451.0000000;26420.0000000;26420.0000000;6
SPFB.MTSI-12.19;60;20191010;150000;26450.0000000;26470.0000000;26440.0000000;26440.0000000;20
SPFB.MTSI-12.19;60;20191010;160000;26436.0000000;26490.0000000;26434.0000000;26460.0000000;73
SPFB.MTSI-12.19;60;20191010;170000;26484.0000000;26646.0000000;26460.0000000;26646.0000000;351
SPFB.MTSI-12.19;60;20191010;180000;26650.0000000;26675.0000000;26590.0000000;26666.0000000;120
SPFB.MTSI-12.19;60;20191010;190000;26635.0000000;26680.0000000;26601.0000000;26659.0000000;107
SPFB.MTSI-12.19;60;20191010;200000;26645.0000000;26679.0000000;26625.0000000;26626.0000000;37
SPFB.MTSI-12.19;60;20191010;210000;26626.0000000;26657.0000000;26626.0000000;26655.0000000;7
SPFB.MTSI-12.19;60;20191010;220000;26656.0000000;26671.0000000;26631.0000000;26631.0000000;20
SPFB.MTSI-12.19;60;20191010;230000;26631.0000000;26669.0000000;26630.0000000;26635.0000000;22
SPFB.MTSI-12.19;60;20191011;000000;26664.0000000;26685.0000000;26630.0000000;26685.0000000;26
SPFB.MTSI-12.19;60;20191011;110000;26625.0000000;26875.0000000;26625.0000000;26748.0000000;775
SPFB.MTSI-12.19;60;20191011;120000;26770.0000000;26839.0000000;26770.0000000;26809.0000000;85
SPFB.MTSI-12.19;60;20191011;130000;26812.0000000;26845.0000000;26803.0000000;26845.0000000;68
SPFB.MTSI-12.19;60;20191011;140000;26850.0000000;26894.0000000;26833.0000000;26861.0000000;221
SPFB.MTSI-12.19;60;20191011;150000;26860.0000000;26870.0000000;26833.0000000;26849.0000000;106
SPFB.MTSI-12.19;60;20191011;160000;26874.0000000;26901.0000000;26834.0000000;26836.0000000;160
SPFB.MTSI-12.19;60;20191011;170000;26845.0000000;26910.0000000;26833.0000000;26881.0000000;121
SPFB.MTSI-12.19;60;20191011;180000;26875.0000000;26935.0000000;26855.0000000;26907.0000000;60
SPFB.MTSI-12.19;60;20191011;190000;26915.0000000;27019.0000000;26915.0000000;26990.0000000;169
SPFB.MTSI-12.19;60;20191011;200000;26984.0000000;26984.0000000;26955.0000000;26955.0000000;4
SPFB.MTSI-12.19;60;20191011;230000;26946.0000000;26946.0000000;26935.0000000;26935.0000000;10
SPFB.MTSI-12.19;60;20191014;110000;26939.0000000;27073.0000000;26936.0000000;27010.0000000;314
SPFB.MTSI-12.19;60;20191014;120000;27000.0000000;27012.0000000;26965.0000000;27005.0000000;38
SPFB.MTSI-12.19;60;20191014;130000;27000.0000000;27000.0000000;26800.0000000;26850.0000000;270
SPFB.MTSI-12.19;60;20191014;140000;26829.0000000;26855.0000000;26743.0000000;26798.0000000;257
SPFB.MTSI-12.19;60;20191014;150000;26810.0000000;26810.0000000;26795.0000000;26806.0000000;5
SPFB.MTSI-12.19;60;20191014;160000;26801.0000000;26815.0000000;26801.0000000;26810.0000000;19
SPFB.MTSI-12.19;60;20191014;170000;26819.0000000;26835.0000000;26750.0000000;26773.0000000;65
SPFB.MTSI-12.19;60;20191014;180000;26778.0000000;26779.0000000;26728.0000000;26776.0000000;37
SPFB.MTSI-12.19;60;20191014;190000;26756.0000000;26794.0000000;26750.0000000;26750.0000000;10
SPFB.MTSI-12.19;60;20191014;210000;26779.0000000;26779.0000000;26779.0000000;26779.0000000;7
SPFB.MTSI-12.19;60;20191014;220000;26734.0000000;26759.0000000;26725.0000000;26759.0000000;9
SPFB.MTSI-12.19;60;20191014;230000;26750.0000000;26750.0000000;26713.0000000;26713.0000000;15
SPFB.MTSI-12.19;60;20191015;000000;26711.0000000;26711.0000000;26710.0000000;26710.0000000;3
SPFB.MTSI-12.19;60;20191015;110000;26708.0000000;26708.0000000;26605.0000000;26650.0000000;200
SPFB.MTSI-12.19;60;20191015;120000;26630.0000000;26640.0000000;26617.0000000;26635.0000000;110
SPFB.MTSI-12.19;60;20191015;130000;26633.0000000;26680.0000000;26633.0000000;26660.0000000;13
SPFB.MTSI-12.19;60;20191015;140000;26660.0000000;26667.0000000;26655.0000000;26667.0000000;10
SPFB.MTSI-12.19;60;20191015;150000;26637.0000000;26637.0000000;26637.0000000;26637.0000000;2
SPFB.MTSI-12.19;60;20191015;160000;26660.0000000;26660.0000000;26659.0000000;26659.0000000;7
SPFB.MTSI-12.19;60;20191015;170000;26685.0000000;26850.0000000;26685.0000000;26795.0000000;218
SPFB.MTSI-12.19;60;20191015;180000;26790.0000000;26993.0000000;26785.0000000;26983.0000000;317
SPFB.MTSI-12.19;60;20191015;190000;26973.0000000;27000.0000000;26913.0000000;26985.0000000;63
SPFB.MTSI-12.19;60;20191015;200000;26965.0000000;26965.0000000;26934.0000000;26947.0000000;24
SPFB.MTSI-12.19;60;20191015;210000;26940.0000000;26956.0000000;26940.0000000;26949.0000000;20
SPFB.MTSI-12.19;60;20191015;220000;26970.0000000;26970.0000000;26970.0000000;26970.0000000;1
SPFB.MTSI-12.19;60;20191015;230000;26952.0000000;26952.0000000;26942.0000000;26942.0000000;2
SPFB.MTSI-12.19;60;20191016;000000;26973.0000000;26973.0000000;26973.0000000;26973.0000000;1
SPFB.MTSI-12.19;60;20191016;110000;26949.0000000;27000.0000000;26940.0000000;26940.0000000;64
SPFB.MTSI-12.19;60;20191016;120000;26951.0000000;26995.0000000;26951.0000000;26980.0000000;28
SPFB.MTSI-12.19;60;20191016;130000;26980.0000000;26980.0000000;26980.0000000;26980.0000000;2
SPFB.MTSI-12.19;60;20191016;140000;26982.0000000;26995.0000000;26965.0000000;26973.0000000;15
SPFB.MTSI-12.19;60;20191016;150000;26972.0000000;26972.0000000;26962.0000000;26962.0000000;4
SPFB.MTSI-12.19;60;20191016;160000;26987.0000000;27018.0000000;26987.0000000;27018.0000000;31
SPFB.MTSI-12.19;60;20191016;170000;27020.0000000;27034.0000000;26940.0000000;26959.0000000;64
SPFB.MTSI-12.19;60;20191016;180000;26953.0000000;26970.0000000;26953.0000000;26970.0000000;9
SPFB.MTSI-12.19;60;20191016;190000;26990.0000000;26994.0000000;26962.0000000;26990.0000000;27
SPFB.MTSI-12.19;60;20191016;220000;26960.0000000;26960.0000000;26900.0000000;26900.0000000;22
SPFB.MTSI-12.19;60;20191016;230000;26900.0000000;26907.0000000;26900.0000000;26907.0000000;7
SPFB.MTSI-12.19;60;20191017;110000;26890.0000000;26897.0000000;26670.0000000;26761.0000000;399
SPFB.MTSI-12.19;60;20191017;120000;26765.0000000;26849.0000000;26762.0000000;26818.0000000;23
SPFB.MTSI-12.19;60;20191017;130000;26849.0000000;26920.0000000;26849.0000000;26905.0000000;262
SPFB.MTSI-12.19;60;20191017;140000;26930.0000000;26960.0000000;26910.0000000;26951.0000000;20
SPFB.MTSI-12.19;60;20191017;150000;26935.0000000;26951.0000000;26920.0000000;26925.0000000;39
SPFB.MTSI-12.19;60;20191017;160000;26950.0000000;26950.0000000;26950.0000000;26950.0000000;1
SPFB.MTSI-12.19;60;20191017;170000;26955.0000000;26960.0000000;26920.0000000;26927.0000000;7
SPFB.MTSI-12.19;60;20191017;180000;26916.0000000;26940.0000000;26866.0000000;26900.0000000;21
SPFB.MTSI-12.19;60;20191017;190000;26915.0000000;26915.0000000;26836.0000000;26857.0000000;22
SPFB.MTSI-12.19;60;20191017;200000;26845.0000000;26857.0000000;26825.0000000;26857.0000000;9
SPFB.MTSI-12.19;60;20191017;210000;26840.0000000;26843.0000000;26840.0000000;26843.0000000;3
SPFB.MTSI-12.19;60;20191017;220000;26847.0000000;26865.0000000;26847.0000000;26865.0000000;5
SPFB.MTSI-12.19;60;20191017;230000;26864.0000000;26864.0000000;26864.0000000;26864.0000000;3
SPFB.MTSI-12.19;60;20191018;000000;26864.0000000;26864.0000000;26864.0000000;26864.0000000;3
SPFB.MTSI-12.19;60;20191018;110000;26880.0000000;26880.0000000;26738.0000000;26738.0000000;228
SPFB.MTSI-12.19;60;20191018;120000;26736.0000000;26849.0000000;26725.0000000;26830.0000000;83
SPFB.MTSI-12.19;60;20191018;130000;26860.0000000;26922.0000000;26860.0000000;26922.0000000;40
SPFB.MTSI-12.19;60;20191018;140000;26922.0000000;26930.0000000;26911.0000000;26917.0000000;137
SPFB.MTSI-12.19;60;20191018;150000;26929.0000000;26995.0000000;26929.0000000;26995.0000000;17
SPFB.MTSI-12.19;60;20191018;160000;26998.0000000;27000.0000000;26965.0000000;26983.0000000;85
SPFB.MTSI-12.19;60;20191018;170000;27010.0000000;27126.0000000;27010.0000000;27030.0000000;296
SPFB.MTSI-12.19;60;20191018;180000;27030.0000000;27065.0000000;26955.0000000;27054.0000000;139
SPFB.MTSI-12.19;60;20191018;190000;27075.0000000;27145.0000000;27071.0000000;27119.0000000;100
SPFB.MTSI-12.19;60;20191018;200000;27122.0000000;27125.0000000;27075.0000000;27075.0000000;14
SPFB.MTSI-12.19;60;20191018;210000;27084.0000000;27084.0000000;27084.0000000;27084.0000000;4
SPFB.MTSI-12.19;60;20191018;220000;27065.0000000;27065.0000000;27065.0000000;27065.0000000;1
SPFB.MTSI-12.19;60;20191018;230000;27064.0000000;27065.0000000;27021.0000000;27021.0000000;20
SPFB.MTSI-12.19;60;20191021;110000;27032.0000000;27055.0000000;26940.0000000;27033.0000000;115
SPFB.MTSI-12.19;60;20191021;120000;27026.0000000;27026.0000000;26980.0000000;27005.0000000;16
SPFB.MTSI-12.19;60;20191021;130000;26997.0000000;26997.0000000;26951.0000000;26961.0000000;191
SPFB.MTSI-12.19;60;20191021;140000;26972.0000000;26981.0000000;26967.0000000;26980.0000000;9
SPFB.MTSI-12.19;60;20191021;150000;26990.0000000;26995.0000000;26985.0000000;26995.0000000;7
SPFB.MTSI-12.19;60;20191021;160000;27010.0000000;27015.0000000;27010.0000000;27015.0000000;2
SPFB.MTSI-12.19;60;20191021;170000;27035.0000000;27050.0000000;26946.0000000;26953.0000000;59
SPFB.MTSI-12.19;60;20191021;180000;26953.0000000;27015.0000000;26907.0000000;26928.0000000;45
SPFB.MTSI-12.19;60;20191021;190000;26907.0000000;26940.0000000;26840.0000000;26910.0000000;38
SPFB.MTSI-12.19;60;20191021;200000;26901.0000000;26926.0000000;26901.0000000;26918.0000000;4
SPFB.MTSI-12.19;60;20191021;210000;26924.0000000;26924.0000000;26924.0000000;26924.0000000;3
SPFB.MTSI-12.19;60;20191021;220000;26897.0000000;26901.0000000;26892.0000000;26901.0000000;5
SPFB.MTSI-12.19;60;20191021;230000;26928.0000000;26929.0000000;26928.0000000;26929.0000000;5
SPFB.MTSI-12.19;60;20191022;000000;26930.0000000;26930.0000000;26930.0000000;26930.0000000;5
SPFB.MTSI-12.19;60;20191022;110000;26930.0000000;26958.0000000;26890.0000000;26944.0000000;110
SPFB.MTSI-12.19;60;20191022;120000;26958.0000000;27000.0000000;26958.0000000;26995.0000000;16
SPFB.MTSI-12.19;60;20191022;130000;26987.0000000;27020.0000000;26987.0000000;27007.0000000;12
SPFB.MTSI-12.19;60;20191022;150000;27000.0000000;27020.0000000;27000.0000000;27020.0000000;15
SPFB.MTSI-12.19;60;20191022;160000;27020.0000000;27050.0000000;27015.0000000;27050.0000000;83
SPFB.MTSI-12.19;60;20191022;170000;27050.0000000;27265.0000000;27050.0000000;27260.0000000;337
SPFB.MTSI-12.19;60;20191022;180000;27280.0000000;27299.0000000;27170.0000000;27202.0000000;62
SPFB.MTSI-12.19;60;20191022;190000;27193.0000000;27230.0000000;27185.0000000;27185.0000000;22
SPFB.MTSI-12.19;60;20191022;200000;27170.0000000;27170.0000000;27170.0000000;27170.0000000;2
SPFB.MTSI-12.19;60;20191022;210000;27153.0000000;27180.0000000;27129.0000000;27180.0000000;23
SPFB.MTSI-12.19;60;20191022;220000;27135.0000000;27135.0000000;27095.0000000;27095.0000000;9
SPFB.MTSI-12.19;60;20191022;230000;27085.0000000;27085.0000000;27074.0000000;27085.0000000;7
SPFB.MTSI-12.19;60;20191023;000000;27075.0000000;27075.0000000;27075.0000000;27075.0000000;14
SPFB.MTSI-12.19;60;20191023;110000;27115.0000000;27115.0000000;27001.0000000;27065.0000000;267
SPFB.MTSI-12.19;60;20191023;120000;27074.0000000;27237.0000000;27047.0000000;27210.0000000;219
SPFB.MTSI-12.19;60;20191023;130000;27210.0000000;27214.0000000;27170.0000000;27191.0000000;64
SPFB.MTSI-12.19;60;20191023;140000;27196.0000000;27242.0000000;27191.0000000;27191.0000000;36
SPFB.MTSI-12.19;60;20191023;150000;27180.0000000;27180.0000000;27122.0000000;27167.0000000;30
SPFB.MTSI-12.19;60;20191023;160000;27149.0000000;27216.0000000;27149.0000000;27216.0000000;39
SPFB.MTSI-12.19;60;20191023;170000;27221.0000000;27242.0000000;27221.0000000;27242.0000000;18
SPFB.MTSI-12.19;60;20191023;180000;27232.0000000;27270.0000000;27221.0000000;27270.0000000;167
SPFB.MTSI-12.19;60;20191023;190000;27266.0000000;27318.0000000;27224.0000000;27262.0000000;79
SPFB.MTSI-12.19;60;20191023;200000;27266.0000000;27266.0000000;27170.0000000;27200.0000000;26
SPFB.MTSI-12.19;60;20191023;210000;27221.0000000;27242.0000000;27221.0000000;27242.0000000;5
SPFB.MTSI-12.19;60;20191023;220000;27260.0000000;27303.0000000;27210.0000000;27240.0000000;17
SPFB.MTSI-12.19;60;20191023;230000;27242.0000000;27244.0000000;27210.0000000;27242.0000000;14
SPFB.MTSI-12.19;60;20191024;000000;27259.0000000;27263.0000000;27259.0000000;27263.0000000;3
SPFB.MTSI-12.19;60;20191024;110000;27280.0000000;27360.0000000;27268.0000000;27333.0000000;163
SPFB.MTSI-12.19;60;20191024;120000;27352.0000000;27400.0000000;27326.0000000;27400.0000000;95
SPFB.MTSI-12.19;60;20191024;130000;27358.0000000;27407.0000000;27351.0000000;27389.0000000;144
SPFB.MTSI-12.19;60;20191024;140000;27377.0000000;27378.0000000;27368.0000000;27368.0000000;31
SPFB.MTSI-12.19;60;20191024;150000;27419.0000000;27479.0000000;27419.0000000;27479.0000000;39
SPFB.MTSI-12.19;60;20191024;160000;27465.0000000;27583.0000000;27463.0000000;27525.0000000;914
SPFB.MTSI-12.19;60;20191024;170000;27552.0000000;28310.0000000;27489.0000000;27763.0000000;1263
SPFB.MTSI-12.19;60;20191024;180000;27753.0000000;28053.0000000;27501.0000000;27648.0000000;712
SPFB.MTSI-12.19;60;20191024;190000;27647.0000000;27784.0000000;27602.0000000;27784.0000000;30
SPFB.MTSI-12.19;60;20191024;200000;27850.0000000;27850.0000000;27611.0000000;27611.0000000;5
SPFB.MTSI-12.19;60;20191024;210000;27612.0000000;27612.0000000;27611.0000000;27611.0000000;8
SPFB.MTSI-12.19;60;20191024;220000;27630.0000000;27630.0000000;27630.0000000;27630.0000000;3
SPFB.MTSI-12.19;60;20191025;000000;27750.0000000;27750.0000000;27650.0000000;27650.0000000;6
SPFB.MTSI-12.19;60;20191025;110000;27777.0000000;28040.0000000;27774.0000000;27916.0000000;333
SPFB.MTSI-12.19;60;20191025;120000;27929.0000000;27930.0000000;27532.0000000;27590.0000000;107
SPFB.MTSI-12.19;60;20191025;130000;27568.0000000;27819.0000000;27535.0000000;27819.0000000;66
SPFB.MTSI-12.19;60;20191025;140000;27805.0000000;27950.0000000;27805.0000000;27898.0000000;27
SPFB.MTSI-12.19;60;20191025;150000;27870.0000000;27904.0000000;27869.0000000;27904.0000000;8
SPFB.MTSI-12.19;60;20191025;160000;27909.0000000;27920.0000000;27854.0000000;27904.0000000;28
SPFB.MTSI-12.19;60;20191025;170000;27854.0000000;27988.0000000;27797.0000000;27979.0000000;54
SPFB.MTSI-12.19;60;20191025;180000;27980.0000000;28143.0000000;27980.0000000;28020.0000000;119
SPFB.MTSI-12.19;60;20191025;190000;28025.0000000;28070.0000000;27989.0000000;28016.0000000;15
SPFB.MTSI-12.19;60;20191025;200000;28120.0000000;28120.0000000;27780.0000000;27780.0000000;4
SPFB.MTSI-12.19;60;20191025;230000;28043.0000000;28043.0000000;28043.0000000;28043.0000000;1
SPFB.MTSI-12.19;60;20191026;000000;28043.0000000;28043.0000000;28043.0000000;28043.0000000;2
SPFB.MTSI-12.19;60;20191028;110000;28043.0000000;28384.0000000;27961.0000000;28207.0000000;254
SPFB.MTSI-12.19;60;20191028;120000;28200.0000000;28398.0000000;28163.0000000;28379.0000000;83
SPFB.MTSI-12.19;60;20191028;130000;28335.0000000;28358.0000000;28333.0000000;28333.0000000;11
SPFB.MTSI-12.19;60;20191028;140000;28315.0000000;28358.0000000;28285.0000000;28356.0000000;29
SPFB.MTSI-12.19;60;20191028;150000;28346.0000000;28346.0000000;28340.0000000;28340.0000000;2
SPFB.MTSI-12.19;60;20191028;160000;28355.0000000;28433.0000000;28355.0000000;28425.0000000;51
SPFB.MTSI-12.19;60;20191028;170000;28416.0000000;28490.0000000;28389.0000000;28454.0000000;81
SPFB.MTSI-12.19;60;20191028;180000;28456.0000000;28828.0000000;28422.0000000;28690.0000000;559
SPFB.MTSI-12.19;60;20191028;190000;28691.0000000;28787.0000000;28660.0000000;28665.0000000;84
SPFB.MTSI-12.19;60;20191028;200000;28701.0000000;28828.0000000;28551.0000000;28827.0000000;73
SPFB.MTSI-12.19;60;20191028;210000;28563.0000000;28700.0000000;28514.0000000;28700.0000000;16
SPFB.MTSI-12.19;60;20191028;220000;28611.0000000;28700.0000000;28610.0000000;28700.0000000;6
SPFB.MTSI-12.19;60;20191028;230000;28620.0000000;28649.0000000;28612.0000000;28649.0000000;6
SPFB.MTSI-12.19;60;20191029;000000;28611.0000000;28650.0000000;28611.0000000;28650.0000000;7
SPFB.MTSI-12.19;60;20191029;110000;28728.0000000;28728.0000000;28500.0000000;28565.0000000;69
SPFB.MTSI-12.19;60;20191029;120000;28576.0000000;28753.0000000;28576.0000000;28748.0000000;50
SPFB.MTSI-12.19;60;20191029;130000;28750.0000000;28820.0000000;28720.0000000;28750.0000000;113
SPFB.MTSI-12.19;60;20191029;140000;28765.0000000;28776.0000000;28750.0000000;28776.0000000;16
SPFB.MTSI-12.19;60;20191029;150000;28775.0000000;28776.0000000;28775.0000000;28776.0000000;2
SPFB.MTSI-12.19;60;20191029;160000;28774.0000000;28774.0000000;28750.0000000;28750.0000000;16
SPFB.MTSI-12.19;60;20191029;170000;28770.0000000;28851.0000000;28761.0000000;28780.0000000;62
SPFB.MTSI-12.19;60;20191029;180000;28778.0000000;28810.0000000;28731.0000000;28768.0000000;39
SPFB.MTSI-12.19;60;20191029;190000;28755.0000000;28843.0000000;28720.0000000;28843.0000000;44
SPFB.MTSI-12.19;60;20191029;200000;28560.0000000;28731.0000000;28560.0000000;28731.0000000;12
SPFB.MTSI-12.19;60;20191029;210000;28795.0000000;28795.0000000;28780.0000000;28780.0000000;8
SPFB.MTSI-12.19;60;20191030;000000;28780.0000000;28780.0000000;28780.0000000;28780.0000000;2
SPFB.MTSI-12.19;60;20191030;110000;28780.0000000;28780.0000000;28682.0000000;28721.0000000;123
SPFB.MTSI-12.19;60;20191030;130000;28767.0000000;28767.0000000;28725.0000000;28743.0000000;7
SPFB.MTSI-12.19;60;20191030;140000;28715.0000000;28788.0000000;28708.0000000;28788.0000000;7
SPFB.MTSI-12.19;60;20191030;150000;28822.0000000;28900.0000000;28815.0000000;28885.0000000;28
SPFB.MTSI-12.19;60;20191030;160000;28948.0000000;29000.0000000;28773.0000000;28829.0000000;44
SPFB.MTSI-12.19;60;20191030;170000;28970.0000000;29002.0000000;28960.0000000;28985.0000000;34
SPFB.MTSI-12.19;60;20191030;180000;28980.0000000;29053.0000000;28970.0000000;29016.0000000;114
SPFB.MTSI-12.19;60;20191030;190000;29016.0000000;29030.0000000;28950.0000000;29012.0000000;152
SPFB.MTSI-12.19;60;20191030;200000;29096.0000000;29096.0000000;29096.0000000;29096.0000000;1
SPFB.MTSI-12.19;60;20191030;210000;29097.0000000;29097.0000000;29097.0000000;29097.0000000;2
SPFB.MTSI-12.19;60;20191030;230000;29032.0000000;29049.0000000;29032.0000000;29049.0000000;2
SPFB.MTSI-12.19;60;20191031;000000;29046.0000000;29050.0000000;29046.0000000;29050.0000000;21
SPFB.MTSI-12.19;60;20191031;110000;28977.0000000;29045.0000000;28934.0000000;29045.0000000;142
SPFB.MTSI-12.19;60;20191031;120000;29017.0000000;29017.0000000;28720.0000000;28770.0000000;43
SPFB.MTSI-12.19;60;20191031;130000;28752.0000000;28783.0000000;28657.0000000;28660.0000000;78
SPFB.MTSI-12.19;60;20191031;140000;28660.0000000;28771.0000000;28582.0000000;28752.0000000;53
SPFB.MTSI-12.19;60;20191031;150000;28706.0000000;28706.0000000;28661.0000000;28665.0000000;15
SPFB.MTSI-12.19;60;20191031;160000;28666.0000000;28698.0000000;28666.0000000;28698.0000000;3
SPFB.MTSI-12.19;60;20191031;170000;28698.0000000;28794.0000000;28675.0000000;28726.0000000;16
SPFB.MTSI-12.19;60;20191031;180000;28715.0000000;28745.0000000;28534.0000000;28534.0000000;69
SPFB.MTSI-12.19;60;20191031;190000;28549.0000000;28637.0000000;28509.0000000;28529.0000000;89
SPFB.MTSI-12.19;60;20191031;210000;28528.0000000;28528.0000000;28528.0000000;28528.0000000;5
SPFB.MTSI-12.19;60;20191031;220000;28526.0000000;28526.0000000;28507.0000000;28507.0000000;8
SPFB.MTSI-12.19;60;20191031;230000;28517.0000000;28536.0000000;28517.0000000;28533.0000000;9
SPFB.MTSI-12.19;60;20191101;000000;28547.0000000;28568.0000000;28514.0000000;28514.0000000;18
SPFB.MTSI-12.19;60;20191101;110000;28630.0000000;28780.0000000;28630.0000000;28740.0000000;112
SPFB.MTSI-12.19;60;20191101;120000;28798.0000000;28814.0000000;28693.0000000;28772.0000000;26
SPFB.MTSI-12.19;60;20191101;130000;28724.0000000;28788.0000000;28711.0000000;28788.0000000;17
SPFB.MTSI-12.19;60;20191101;140000;28800.0000000;28818.0000000;28780.0000000;28780.0000000;19
SPFB.MTSI-12.19;60;20191101;150000;28744.0000000;28751.0000000;28665.0000000;28688.0000000;27
SPFB.MTSI-12.19;60;20191101;160000;28751.0000000;28751.0000000;28751.0000000;28751.0000000;6
SPFB.MTSI-12.19;60;20191101;170000;28800.0000000;28830.0000000;28771.0000000;28812.0000000;17
SPFB.MTSI-12.19;60;20191101;180000;28838.0000000;28909.0000000;28810.0000000;28810.0000000;70
SPFB.MTSI-12.19;60;20191101;190000;28762.0000000;28774.0000000;28708.0000000;28743.0000000;50
SPFB.MTSI-12.19;60;20191101;220000;28765.0000000;28765.0000000;28765.0000000;28765.0000000;5
SPFB.MTSI-12.19;60;20191101;230000;28819.0000000;28819.0000000;28779.0000000;28779.0000000;4
SPFB.MTSI-12.19;60;20191105;110000;28955.0000000;29118.0000000;28940.0000000;29037.0000000;57
SPFB.MTSI-12.19;60;20191105;120000;29065.0000000;29179.0000000;29065.0000000;29073.0000000;41
SPFB.MTSI-12.19;60;20191105;130000;29041.0000000;29041.0000000;28954.0000000;28954.0000000;7
SPFB.MTSI-12.19;60;20191105;140000;28909.0000000;28920.0000000;28909.0000000;28917.0000000;38
SPFB.MTSI-12.19;60;20191105;150000;28912.0000000;29096.0000000;28911.0000000;29075.0000000;31
SPFB.MTSI-12.19;60;20191105;160000;29062.0000000;29062.0000000;29062.0000000;29062.0000000;1
SPFB.MTSI-12.19;60;20191105;170000;29020.0000000;29020.0000000;28897.0000000;28981.0000000;65
SPFB.MTSI-12.19;60;20191105;180000;28980.0000000;29096.0000000;28973.0000000;29022.0000000;23
SPFB.MTSI-12.19;60;20191105;190000;29032.0000000;29096.0000000;29003.0000000;29046.0000000;22
SPFB.MTSI-12.19;60;20191105;230000;29000.0000000;29136.0000000;29000.0000000;29123.0000000;5
SPFB.MTSI-12.19;60;20191106;110000;29126.0000000;29126.0000000;28907.0000000;29026.0000000;40
SPFB.MTSI-12.19;60;20191106;120000;29023.0000000;29079.0000000;28984.0000000;29079.0000000;11
SPFB.MTSI-12.19;60;20191106;130000;28989.0000000;29079.0000000;28989.0000000;29079.0000000;76
SPFB.MTSI-12.19;60;20191106;140000;28979.0000000;29035.0000000;28979.0000000;29035.0000000;3
SPFB.MTSI-12.19;60;20191106;150000;29100.0000000;29144.0000000;29070.0000000;29084.0000000;33
SPFB.MTSI-12.19;60;20191106;160000;29036.0000000;29110.0000000;29036.0000000;29100.0000000;8
SPFB.MTSI-12.19;60;20191106;170000;29122.0000000;29140.0000000;29120.0000000;29140.0000000;8
SPFB.MTSI-12.19;60;20191106;180000;29135.0000000;29277.0000000;29088.0000000;29173.0000000;111
SPFB.MTSI-12.19;60;20191106;190000;29197.0000000;29322.0000000;29197.0000000;29322.0000000;55
SPFB.MTSI-12.19;60;20191106;200000;29264.0000000;29276.0000000;29264.0000000;29276.0000000;9
SPFB.MTSI-12.19;60;20191106;210000;29200.0000000;29214.0000000;29200.0000000;29214.0000000;9
SPFB.MTSI-12.19;60;20191106;220000;29318.0000000;29318.0000000;29154.0000000;29154.0000000;12
SPFB.MTSI-12.19;60;20191106;230000;29279.0000000;29279.0000000;29279.0000000;29279.0000000;2
SPFB.MTSI-12.19;60;20191107;000000;29310.0000000;29316.0000000;29310.0000000;29316.0000000;9
SPFB.MTSI-12.19;60;20191107;110000;29316.0000000;29500.0000000;29316.0000000;29480.0000000;257
SPFB.MTSI-12.19;60;20191107;120000;29430.0000000;29430.0000000;29302.0000000;29400.0000000;27
SPFB.MTSI-12.19;60;20191107;130000;29399.0000000;29474.0000000;29399.0000000;29474.0000000;19
SPFB.MTSI-12.19;60;20191107;140000;29466.0000000;29474.0000000;29413.0000000;29443.0000000;12
SPFB.MTSI-12.19;60;20191107;150000;29460.0000000;29488.0000000;29458.0000000;29488.0000000;21
SPFB.MTSI-12.19;60;20191107;160000;29500.0000000;29500.0000000;29430.0000000;29430.0000000;21
SPFB.MTSI-12.19;60;20191107;170000;29430.0000000;29546.0000000;29430.0000000;29517.0000000;75
SPFB.MTSI-12.19;60;20191107;180000;29518.0000000;30049.0000000;29464.0000000;30049.0000000;471
SPFB.MTSI-12.19;60;20191107;190000;30056.0000000;30064.0000000;29950.0000000;30000.0000000;112
SPFB.MTSI-12.19;60;20191107;200000;29994.0000000;30088.0000000;29991.0000000;30088.0000000;6
SPFB.MTSI-12.19;60;20191107;210000;30001.0000000;30001.0000000;29925.0000000;29925.0000000;11
SPFB.MTSI-12.19;60;20191107;220000;29936.0000000;29991.0000000;29936.0000000;29991.0000000;2
SPFB.MTSI-12.19;60;20191107;230000;29991.0000000;29991.0000000;29956.0000000;29956.0000000;3
SPFB.MTSI-12.19;60;20191108;110000;29935.0000000;30031.0000000;29877.0000000;29877.0000000;27
SPFB.MTSI-12.19;60;20191108;120000;29851.0000000;29992.0000000;29834.0000000;29992.0000000;38
SPFB.MTSI-12.19;60;20191108;130000;29976.0000000;30410.0000000;29976.0000000;30169.0000000;204
SPFB.MTSI-12.19;60;20191108;140000;30138.0000000;30138.0000000;29910.0000000;29910.0000000;55
SPFB.MTSI-12.19;60;20191108;150000;30000.0000000;30047.0000000;29999.0000000;30047.0000000;11
SPFB.MTSI-12.19;60;20191108;160000;30067.0000000;30104.0000000;30002.0000000;30021.0000000;7
SPFB.MTSI-12.19;60;20191108;170000;30076.0000000;30116.0000000;29991.0000000;29991.0000000;18
SPFB.MTSI-12.19;60;20191108;180000;29900.0000000;30039.0000000;29900.0000000;30017.0000000;68
SPFB.MTSI-12.19;60;20191108;190000;29997.0000000;30077.0000000;29920.0000000;29920.0000000;20
SPFB.MTSI-12.19;60;20191108;200000;29852.0000000;29852.0000000;29851.0000000;29851.0000000;3
SPFB.MTSI-12.19;60;20191108;210000;29851.0000000;30154.0000000;29851.0000000;30154.0000000;21
SPFB.MTSI-12.19;60;20191108;220000;30006.0000000;30006.0000000;30006.0000000;30006.0000000;1
SPFB.MTSI-12.19;60;20191111;110000;29950.0000000;29950.0000000;29731.0000000;29894.0000000;71
SPFB.MTSI-12.19;60;20191111;120000;29874.0000000;29900.0000000;29830.0000000;29840.0000000;64
SPFB.MTSI-12.19;60;20191111;130000;29788.0000000;29788.0000000;29788.0000000;29788.0000000;1
SPFB.MTSI-12.19;60;20191111;140000;29801.0000000;29847.0000000;29700.0000000;29825.0000000;45
SPFB.MTSI-12.19;60;20191111;150000;29848.0000000;29848.0000000;29846.0000000;29846.0000000;5
SPFB.MTSI-12.19;60;20191111;160000;29846.0000000;29846.0000000;29846.0000000;29846.0000000;2
SPFB.MTSI-12.19;60;20191111;170000;29878.0000000;29878.0000000;29840.0000000;29841.0000000;6
SPFB.MTSI-12.19;60;20191111;180000;29890.0000000;29959.0000000;29877.0000000;29959.0000000;8
SPFB.MTSI-12.19;60;20191111;190000;29973.0000000;29973.0000000;29832.0000000;29881.0000000;34
SPFB.MTSI-12.19;60;20191111;220000;29911.0000000;29921.0000000;29910.0000000;29921.0000000;4
SPFB.MTSI-12.19;60;20191111;230000;29945.0000000;29945.0000000;29945.0000000;29945.0000000;2
SPFB.MTSI-12.19;60;20191112;000000;29948.0000000;29948.0000000;29948.0000000;29948.0000000;3
SPFB.MTSI-12.19;60;20191112;110000;29950.0000000;30256.0000000;29950.0000000;30216.0000000;240
SPFB.MTSI-12.19;60;20191112;120000;30221.0000000;30321.0000000;30197.0000000;30219.0000000;90
SPFB.MTSI-12.19;60;20191112;130000;30250.0000000;30467.0000000;30250.0000000;30400.0000000;163
SPFB.MTSI-12.19;60;20191112;140000;30400.0000000;30425.0000000;30331.0000000;30346.0000000;34
SPFB.MTSI-12.19;60;20191112;150000;30346.0000000;30389.0000000;30346.0000000;30389.0000000;8
SPFB.MTSI-12.19;60;20191112;160000;30364.0000000;30458.0000000;30350.0000000;30431.0000000;18
SPFB.MTSI-12.19;60;20191112;170000;30351.0000000;30385.0000000;30083.0000000;30198.0000000;189
SPFB.MTSI-12.19;60;20191112;180000;30154.0000000;30204.0000000;30026.0000000;30165.0000000;116
SPFB.MTSI-12.19;60;20191112;190000;30106.0000000;30148.0000000;29979.0000000;29986.0000000;38
SPFB.MTSI-12.19;60;20191112;200000;29906.0000000;29974.0000000;29728.0000000;29800.0000000;24
SPFB.MTSI-12.19;60;20191112;210000;29825.0000000;29948.0000000;29825.0000000;29948.0000000;5
SPFB.MTSI-12.19;60;20191112;220000;30000.0000000;30000.0000000;29961.0000000;29966.0000000;9
SPFB.MTSI-12.19;60;20191112;230000;29938.0000000;29938.0000000;29849.0000000;29849.0000000;16
SPFB.MTSI-12.19;60;20191113;000000;29959.0000000;29959.0000000;29959.0000000;29959.0000000;2
SPFB.MTSI-12.19;60;20191113;110000;29880.0000000;29993.0000000;29746.0000000;29924.0000000;93
SPFB.MTSI-12.19;60;20191113;120000;29905.0000000;30066.0000000;29845.0000000;30043.0000000;69
SPFB.MTSI-12.19;60;20191113;130000;29982.0000000;30012.0000000;29908.0000000;30012.0000000;34
SPFB.MTSI-12.19;60;20191113;140000;29982.0000000;30000.0000000;29982.0000000;29983.0000000;11
SPFB.MTSI-12.19;60;20191113;150000;29895.0000000;29895.0000000;29851.0000000;29865.0000000;12
SPFB.MTSI-12.19;60;20191113;160000;29877.0000000;29995.0000000;29877.0000000;29963.0000000;12
SPFB.MTSI-12.19;60;20191113;170000;29969.0000000;29978.0000000;29963.0000000;29978.0000000;13
SPFB.MTSI-12.19;60;20191113;180000;29889.0000000;30017.0000000;29811.0000000;29919.0000000;62
SPFB.MTSI-12.19;60;20191113;190000;29931.0000000;30000.0000000;29845.0000000;29902.0000000;87
SPFB.MTSI-12.19;60;20191113;200000;30224.0000000;30224.0000000;30224.0000000;30224.0000000;1
SPFB.MTSI-12.19;60;20191113;210000;30005.0000000;30005.0000000;30000.0000000;30005.0000000;6
SPFB.MTSI-12.19;60;20191113;220000;29957.0000000;29957.0000000;29957.0000000;29957.0000000;1
SPFB.MTSI-12.19;60;20191113;230000;29980.0000000;29980.0000000;29980.0000000;29980.0000000;2
SPFB.MTSI-12.19;60;20191114;000000;29982.0000000;29982.0000000;29982.0000000;29982.0000000;1
SPFB.MTSI-12.19;60;20191114;110000;30050.0000000;30093.0000000;29954.0000000;30052.0000000;32
SPFB.MTSI-12.19;60;20191114;120000;30054.0000000;30179.0000000;30054.0000000;30122.0000000;14
SPFB.MTSI-12.19;60;20191114;130000;30045.0000000;30045.0000000;30010.0000000;30010.0000000;17
SPFB.MTSI-12.19;60;20191114;140000;30034.0000000;30071.0000000;29994.0000000;29994.0000000;14
SPFB.MTSI-12.19;60;20191114;150000;30030.0000000;30062.0000000;29950.0000000;29950.0000000;10
SPFB.MTSI-12.19;60;20191114;160000;29944.0000000;30040.0000000;29934.0000000;30034.0000000;26
SPFB.MTSI-12.19;60;20191114;170000;29945.0000000;30017.0000000;29945.0000000;29951.0000000;23
SPFB.MTSI-12.19;60;20191114;180000;29919.0000000;30011.0000000;29916.0000000;29947.0000000;56
SPFB.MTSI-12.19;60;20191114;190000;29962.0000000;29994.0000000;29828.0000000;29836.0000000;67
SPFB.MTSI-12.19;60;20191114;200000;30007.0000000;30007.0000000;29726.0000000;29726.0000000;9
SPFB.MTSI-12.19;60;20191114;210000;29743.0000000;29743.0000000;29727.0000000;29727.0000000;12
SPFB.MTSI-12.19;60;20191114;220000;29766.0000000;29767.0000000;29766.0000000;29767.0000000;3
SPFB.MTSI-12.19;60;20191114;230000;29767.0000000;29813.0000000;29727.0000000;29727.0000000;17
SPFB.MTSI-12.19;60;20191115;000000;29728.0000000;29729.0000000;29728.0000000;29729.0000000;3
SPFB.MTSI-12.19;60;20191115;110000;29826.0000000;29950.0000000;29826.0000000;29948.0000000;41
SPFB.MTSI-12.19;60;20191115;120000;29975.0000000;30142.0000000;29960.0000000;30095.0000000;109
SPFB.MTSI-12.19;60;20191115;130000;30100.0000000;30106.0000000;29996.0000000;30003.0000000;15
SPFB.MTSI-12.19;60;20191115;140000;30018.0000000;30018.0000000;29951.0000000;29951.0000000;44
SPFB.MTSI-12.19;60;20191115;150000;29943.0000000;29950.0000000;29943.0000000;29950.0000000;11
SPFB.MTSI-12.19;60;20191115;160000;29940.0000000;29940.0000000;29940.0000000;29940.0000000;1
SPFB.MTSI-12.19;60;20191115;170000;29981.0000000;29981.0000000;29969.0000000;29971.0000000;4
SPFB.MTSI-12.19;60;20191115;180000;29956.0000000;30016.0000000;29850.0000000;29922.0000000;55
SPFB.MTSI-12.19;60;20191115;190000;29898.0000000;30068.0000000;29898.0000000;30068.0000000;29
SPFB.MTSI-12.19;60;20191115;200000;30300.0000000;30349.0000000;29898.0000000;29898.0000000;10
SPFB.MTSI-12.19;60;20191115;210000;30238.0000000;30238.0000000;30237.0000000;30237.0000000;3
SPFB.MTSI-12.19;60;20191118;110000;30188.0000000;30197.0000000;30100.0000000;30137.0000000;18
SPFB.MTSI-12.19;60;20191118;120000;30159.0000000;30160.0000000;30010.0000000;30083.0000000;24
SPFB.MTSI-12.19;60;20191118;130000;30075.0000000;30075.0000000;29964.0000000;29994.0000000;53
SPFB.MTSI-12.19;60;20191118;140000;29950.0000000;29970.0000000;29942.0000000;29942.0000000;4
SPFB.MTSI-12.19;60;20191118;150000;29944.0000000;29947.0000000;29886.0000000;29930.0000000;33
SPFB.MTSI-12.19;60;20191118;160000;29950.0000000;29998.0000000;29950.0000000;29970.0000000;11
SPFB.MTSI-12.19;60;20191118;170000;29942.0000000;29970.0000000;29898.0000000;29911.0000000;29
SPFB.MTSI-12.19;60;20191118;180000;29927.0000000;29927.0000000;29554.0000000;29719.0000000;207
SPFB.MTSI-12.19;60;20191118;190000;29631.0000000;29817.0000000;29600.0000000;29746.0000000;37
SPFB.MTSI-12.19;60;20191118;200000;29450.0000000;29500.0000000;29450.0000000;29500.0000000;12
SPFB.MTSI-12.19;60;20191118;210000;29660.0000000;29739.0000000;29660.0000000;29727.0000000;18
SPFB.MTSI-12.19;60;20191119;110000;29878.0000000;30010.0000000;29878.0000000;30000.0000000;42
SPFB.MTSI-12.19;60;20191119;120000;30027.0000000;30200.0000000;30000.0000000;30159.0000000;40
SPFB.MTSI-12.19;60;20191119;130000;30181.0000000;30325.0000000;30181.0000000;30247.0000000;137
SPFB.MTSI-12.19;60;20191119;140000;30258.0000000;30258.0000000;30190.0000000;30235.0000000;38
SPFB.MTSI-12.19;60;20191119;150000;30267.0000000;30267.0000000;30141.0000000;30173.0000000;18
SPFB.MTSI-12.19;60;20191119;160000;30228.0000000;30660.0000000;30227.0000000;30578.0000000;187
SPFB.MTSI-12.19;60;20191119;170000;30526.0000000;30566.0000000;30500.0000000;30500.0000000;23
SPFB.MTSI-12.19;60;20191119;180000;30537.0000000;30633.0000000;30467.0000000;30633.0000000;52
SPFB.MTSI-12.19;60;20191119;190000;30592.0000000;30625.0000000;30566.0000000;30623.0000000;77
SPFB.MTSI-12.19;60;20191119;200000;30597.0000000;30934.0000000;30597.0000000;30674.0000000;18
SPFB.MTSI-12.19;60;20191119;210000;30600.0000000;30600.0000000;30406.0000000;30406.0000000;20
SPFB.MTSI-12.19;60;20191119;220000;30415.0000000;30415.0000000;30415.0000000;30415.0000000;1
SPFB.MTSI-12.19;60;20191119;230000;30490.0000000;30534.0000000;30455.0000000;30455.0000000;9
SPFB.MTSI-12.19;60;20191120;110000;30498.0000000;30538.0000000;30445.0000000;30538.0000000;32
SPFB.MTSI-12.19;60;20191120;120000;30524.0000000;30659.0000000;30512.0000000;30659.0000000;21
SPFB.MTSI-12.19;60;20191120;130000;30647.0000000;30850.0000000;30635.0000000;30850.0000000;135
SPFB.MTSI-12.19;60;20191120;140000;30872.0000000;30930.0000000;30710.0000000;30749.0000000;104
SPFB.MTSI-12.19;60;20191120;150000;30814.0000000;30823.0000000;30711.0000000;30728.0000000;63
SPFB.MTSI-12.19;60;20191120;160000;30720.0000000;30728.0000000;30698.0000000;30700.0000000;51
SPFB.MTSI-12.19;60;20191120;170000;30649.0000000;30664.0000000;30601.0000000;30601.0000000;44
SPFB.MTSI-12.19;60;20191120;180000;30628.0000000;30728.0000000;30571.0000000;30636.0000000;114
SPFB.MTSI-12.19;60;20191120;190000;30659.0000000;30725.0000000;30659.0000000;30705.0000000;14
SPFB.MTSI-12.19;60;20191120;200000;30693.0000000;30693.0000000;30637.0000000;30647.0000000;9
SPFB.MTSI-12.19;60;20191120;210000;30693.0000000;30728.0000000;30693.0000000;30728.0000000;7
SPFB.MTSI-12.19;60;20191120;220000;30649.0000000;30649.0000000;30648.0000000;30648.0000000;2
SPFB.MTSI-12.19;60;20191121;110000;30673.0000000;30673.0000000;30450.0000000;30562.0000000;123
SPFB.MTSI-12.19;60;20191121;120000;30611.0000000;30611.0000000;30536.0000000;30536.0000000;24
SPFB.MTSI-12.19;60;20191121;130000;30529.0000000;30567.0000000;30529.0000000;30550.0000000;13
SPFB.MTSI-12.19;60;20191121;140000;30530.0000000;30530.0000000;30518.0000000;30518.0000000;3
SPFB.MTSI-12.19;60;20191121;150000;30566.0000000;30575.0000000;30554.0000000;30575.0000000;32
SPFB.MTSI-12.19;60;20191121;160000;30544.0000000;30561.0000000;30527.0000000;30527.0000000;26
SPFB.MTSI-12.19;60;20191121;170000;30534.0000000;30534.0000000;30499.0000000;30513.0000000;26
SPFB.MTSI-12.19;60;20191121;180000;30530.0000000;30677.0000000;30530.0000000;30582.0000000;50
SPFB.MTSI-12.19;60;20191121;190000;30526.0000000;30650.0000000;30499.0000000;30650.0000000;11
SPFB.MTSI-12.19;60;20191121;210000;30509.0000000;30511.0000000;30509.0000000;30511.0000000;3
SPFB.MTSI-12.19;60;20191122;110000;30645.0000000;30850.0000000;30581.0000000;30634.0000000;58
SPFB.MTSI-12.19;60;20191122;120000;30596.0000000;30711.0000000;30595.0000000;30711.0000000;21
SPFB.MTSI-12.19;60;20191122;130000;30750.0000000;30764.0000000;30726.0000000;30740.0000000;14
SPFB.MTSI-12.19;60;20191122;140000;30700.0000000;30700.0000000;30700.0000000;30700.0000000;1
SPFB.MTSI-12.19;60;20191122;150000;30650.0000000;30650.0000000;30631.0000000;30631.0000000;2
SPFB.MTSI-12.19;60;20191122;160000;30700.0000000;30715.0000000;30700.0000000;30700.0000000;21
SPFB.MTSI-12.19;60;20191122;170000;30661.0000000;30691.0000000;30654.0000000;30691.0000000;15
SPFB.MTSI-12.19;60;20191122;180000;30744.0000000;30904.0000000;30611.0000000;30619.0000000;128
SPFB.MTSI-12.19;60;20191122;190000;30612.0000000;30632.0000000;30590.0000000;30601.0000000;11
SPFB.MTSI-12.19;60;20191122;200000;30539.0000000;30683.0000000;30528.0000000;30683.0000000;3
SPFB.MTSI-12.19;60;20191122;230000;30630.0000000;30630.0000000;30630.0000000;30630.0000000;7
SPFB.MTSI-12.19;60;20191125;110000;30694.0000000;31800.0000000;30694.0000000;31524.0000000;479
SPFB.MTSI-12.19;60;20191125;120000;31541.0000000;31600.0000000;31500.0000000;31555.0000000;123
SPFB.MTSI-12.19;60;20191125;130000;31560.0000000;31563.0000000;31437.0000000;31459.0000000;285
SPFB.MTSI-12.19;60;20191125;140000;31437.0000000;31494.0000000;31361.0000000;31378.0000000;157
SPFB.MTSI-12.19;60;20191125;150000;31342.0000000;31342.0000000;31195.0000000;31280.0000000;68
SPFB.MTSI-12.19;60;20191125;160000;31265.0000000;31397.0000000;31230.0000000;31322.0000000;38
SPFB.MTSI-12.19;60;20191125;170000;31352.0000000;31452.0000000;31258.0000000;31336.0000000;50
SPFB.MTSI-12.19;60;20191125;180000;31255.0000000;31255.0000000;30950.0000000;30967.0000000;279
SPFB.MTSI-12.19;60;20191125;190000;30975.0000000;31087.0000000;30912.0000000;31016.0000000;123
SPFB.MTSI-12.19;60;20191125;200000;30980.0000000;31025.0000000;30919.0000000;31025.0000000;19
SPFB.MTSI-12.19;60;20191125;210000;31002.0000000;31002.0000000;31002.0000000;31002.0000000;1
SPFB.MTSI-12.19;60;20191125;220000;31167.0000000;31283.0000000;31167.0000000;31236.0000000;15
SPFB.MTSI-12.19;60;20191125;230000;31134.0000000;31134.0000000;30850.0000000;31049.0000000;19
SPFB.MTSI-12.19;60;20191126;000000;31049.0000000;31049.0000000;31049.0000000;31049.0000000;2
SPFB.MTSI-12.19;60;20191126;110000;31050.0000000;31078.0000000;30871.0000000;31069.0000000;62
SPFB.MTSI-12.19;60;20191126;120000;31076.0000000;31076.0000000;31002.0000000;31012.0000000;20
SPFB.MTSI-12.19;60;20191126;130000;30983.0000000;30983.0000000;30686.0000000;30844.0000000;128
SPFB.MTSI-12.19;60;20191126;140000;30836.0000000;30837.0000000;30742.0000000;30742.0000000;14
SPFB.MTSI-12.19;60;20191126;150000;30745.0000000;30822.0000000;30745.0000000;30817.0000000;41
SPFB.MTSI-12.19;60;20191126;160000;30817.0000000;30925.0000000;30800.0000000;30925.0000000;31
SPFB.MTSI-12.19;60;20191126;170000;30880.0000000;30880.0000000;30769.0000000;30797.0000000;28
SPFB.MTSI-12.19;60;20191126;180000;30817.0000000;30829.0000000;30650.0000000;30737.0000000;41
SPFB.MTSI-12.19;60;20191126;190000;30700.0000000;30700.0000000;30643.0000000;30682.0000000;113
SPFB.MTSI-12.19;60;20191126;200000;31200.0000000;31200.0000000;30639.0000000;30640.0000000;52
SPFB.MTSI-12.19;60;20191126;210000;30659.0000000;30660.0000000;30546.0000000;30572.0000000;17
SPFB.MTSI-12.19;60;20191126;220000;30511.0000000;30511.0000000;30500.0000000;30511.0000000;12
SPFB.MTSI-12.19;60;20191126;230000;30511.0000000;30546.0000000;30511.0000000;30545.0000000;10
SPFB.MTSI-12.19;60;20191127;110000;30610.0000000;31499.0000000;30554.0000000;30679.0000000;95
SPFB.MTSI-12.19;60;20191127;120000;30705.0000000;30901.0000000;30705.0000000;30880.0000000;96
SPFB.MTSI-12.19;60;20191127;130000;30812.0000000;30812.0000000;30711.0000000;30711.0000000;51
SPFB.MTSI-12.19;60;20191127;140000;30712.0000000;30741.0000000;30712.0000000;30741.0000000;3
SPFB.MTSI-12.19;60;20191127;150000;30750.0000000;30750.0000000;30750.0000000;30750.0000000;2
SPFB.MTSI-12.19;60;20191127;160000;30742.0000000;30778.0000000;30673.0000000;30685.0000000;56
SPFB.MTSI-12.19;60;20191127;170000;30671.0000000;30671.0000000;30600.0000000;30621.0000000;53
SPFB.MTSI-12.19;60;20191127;180000;30622.0000000;30623.0000000;30471.0000000;30535.0000000;53
SPFB.MTSI-12.19;60;20191127;190000;30536.0000000;30705.0000000;30536.0000000;30705.0000000;33
SPFB.MTSI-12.19;60;20191127;210000;30798.0000000;30800.0000000;30798.0000000;30800.0000000;7
SPFB.MTSI-12.19;60;20191127;220000;30778.0000000;30778.0000000;30778.0000000;30778.0000000;1
SPFB.MTSI-12.19;60;20191127;230000;30701.0000000;30701.0000000;30652.0000000;30652.0000000;10
SPFB.MTSI-12.19;60;20191128;110000;30582.0000000;30624.0000000;30491.0000000;30510.0000000;57
SPFB.MTSI-12.19;60;20191128;120000;30533.0000000;30614.0000000;30532.0000000;30557.0000000;17
SPFB.MTSI-12.19;60;20191128;130000;30562.0000000;30562.0000000;30560.0000000;30560.0000000;2
SPFB.MTSI-12.19;60;20191128;150000;30549.0000000;30579.0000000;30538.0000000;30572.0000000;14
SPFB.MTSI-12.19;60;20191128;160000;30589.0000000;30589.0000000;30589.0000000;30589.0000000;1
SPFB.MTSI-12.19;60;20191128;170000;30597.0000000;30630.0000000;30597.0000000;30610.0000000;15
SPFB.MTSI-12.19;60;20191128;180000;30619.0000000;30649.0000000;30613.0000000;30648.0000000;16
SPFB.MTSI-12.19;60;20191128;190000;30650.0000000;30675.0000000;30650.0000000;30660.0000000;10
SPFB.MTSI-12.19;60;20191128;210000;30694.0000000;30789.0000000;30694.0000000;30789.0000000;3
SPFB.MTSI-12.19;60;20191128;220000;30780.0000000;30789.0000000;30780.0000000;30789.0000000;3
SPFB.MTSI-12.19;60;20191128;230000;30705.0000000;30705.0000000;30705.0000000;30705.0000000;1
SPFB.MTSI-12.19;60;20191129;110000;30705.0000000;30706.0000000;30604.0000000;30604.0000000;29
SPFB.MTSI-12.19;60;20191129;120000;30620.0000000;30620.0000000;30620.0000000;30620.0000000;1
SPFB.MTSI-12.19;60;20191129;130000;30588.0000000;30588.0000000;30450.0000000;30460.0000000;34
SPFB.MTSI-12.19;60;20191129;140000;30498.0000000;30500.0000000;30498.0000000;30500.0000000;3
SPFB.MTSI-12.19;60;20191129;150000;30470.0000000;30470.0000000;30470.0000000;30470.0000000;5
SPFB.MTSI-12.19;60;20191129;160000;30465.0000000;30470.0000000;30461.0000000;30461.0000000;18
SPFB.MTSI-12.19;60;20191129;170000;30525.0000000;30535.0000000;30522.0000000;30535.0000000;4
SPFB.MTSI-12.19;60;20191129;180000;30529.0000000;30547.0000000;30431.0000000;30539.0000000;31
SPFB.MTSI-12.19;60;20191129;190000;30544.0000000;30558.0000000;30405.0000000;30410.0000000;20
SPFB.MTSI-12.19;60;20191129;200000;30462.0000000;30462.0000000;30462.0000000;30462.0000000;1
SPFB.MTSI-12.19;60;20191129;210000;30474.0000000;30500.0000000;30474.0000000;30500.0000000;10
SPFB.MTSI-12.19;60;20191202;110000;30553.0000000;30738.0000000;30518.0000000;30628.0000000;33
SPFB.MTSI-12.19;60;20191202;120000;30671.0000000;30771.0000000;30641.0000000;30740.0000000;52
SPFB.MTSI-12.19;60;20191202;130000;30735.0000000;30800.0000000;30729.0000000;30793.0000000;132
SPFB.MTSI-12.19;60;20191202;140000;30773.0000000;30773.0000000;30730.0000000;30731.0000000;5
SPFB.MTSI-12.19;60;20191202;150000;30711.0000000;30711.0000000;30668.0000000;30668.0000000;35
SPFB.MTSI-12.19;60;20191202;160000;30682.0000000;30695.0000000;30681.0000000;30689.0000000;5
SPFB.MTSI-12.19;60;20191202;170000;30663.0000000;30675.0000000;30642.0000000;30675.0000000;18
SPFB.MTSI-12.19;60;20191202;180000;30698.0000000;30718.0000000;30617.0000000;30691.0000000;34
SPFB.MTSI-12.19;60;20191202;190000;30700.0000000;30700.0000000;30575.0000000;30624.0000000;32
SPFB.MTSI-12.19;60;20191202;200000;30550.0000000;30550.0000000;30550.0000000;30550.0000000;1
SPFB.MTSI-12.19;60;20191202;210000;30591.0000000;30638.0000000;30591.0000000;30638.0000000;9
SPFB.MTSI-12.19;60;20191202;230000;30670.0000000;30670.0000000;30670.0000000;30670.0000000;2
SPFB.MTSI-12.19;60;20191203;000000;30608.0000000;30670.0000000;30607.0000000;30670.0000000;10
SPFB.MTSI-12.19;60;20191203;110000;30595.0000000;30595.0000000;30502.0000000;30542.0000000;21
SPFB.MTSI-12.19;60;20191203;120000;30573.0000000;30573.0000000;30573.0000000;30573.0000000;2
SPFB.MTSI-12.19;60;20191203;130000;30549.0000000;30618.0000000;30549.0000000;30555.0000000;12
SPFB.MTSI-12.19;60;20191203;140000;30633.0000000;30645.0000000;30532.0000000;30539.0000000;16
SPFB.MTSI-12.19;60;20191203;150000;30535.0000000;30568.0000000;30516.0000000;30568.0000000;10
SPFB.MTSI-12.19;60;20191203;160000;30535.0000000;30540.0000000;30500.0000000;30500.0000000;13
SPFB.MTSI-12.19;60;20191203;170000;30500.0000000;30500.0000000;30400.0000000;30439.0000000;188
SPFB.MTSI-12.19;60;20191203;180000;30441.0000000;30598.0000000;30020.0000000;30598.0000000;337
SPFB.MTSI-12.19;60;20191203;190000;30211.0000000;30280.0000000;30165.0000000;30274.0000000;45
SPFB.MTSI-12.19;60;20191203;200000;30054.0000000;30054.0000000;30054.0000000;30054.0000000;1
SPFB.MTSI-12.19;60;20191203;210000;30151.0000000;30482.0000000;30151.0000000;30482.0000000;2
SPFB.MTSI-12.19;60;20191203;230000;30201.0000000;30201.0000000;30201.0000000;30201.0000000;1
SPFB.MTSI-12.19;60;20191204;000000;30250.0000000;30250.0000000;30250.0000000;30250.0000000;1
SPFB.MTSI-12.19;60;20191204;110000;30285.0000000;30418.0000000;30123.0000000;30418.0000000;71
SPFB.MTSI-12.19;60;20191204;120000;30413.0000000;30500.0000000;30413.0000000;30470.0000000;56
SPFB.MTSI-12.19;60;20191204;130000;30431.0000000;30431.0000000;30430.0000000;30430.0000000;4
SPFB.MTSI-12.19;60;20191204;140000;30423.0000000;30464.0000000;30422.0000000;30464.0000000;8
SPFB.MTSI-12.19;60;20191204;150000;30443.0000000;30445.0000000;30400.0000000;30411.0000000;11
SPFB.MTSI-12.19;60;20191204;160000;30363.0000000;30363.0000000;30363.0000000;30363.0000000;1
SPFB.MTSI-12.19;60;20191204;170000;30409.0000000;30440.0000000;30409.0000000;30440.0000000;2
SPFB.MTSI-12.19;60;20191204;180000;30448.0000000;30570.0000000;30303.0000000;30303.0000000;28
SPFB.MTSI-12.19;60;20191204;190000;30365.0000000;30405.0000000;30349.0000000;30349.0000000;12
SPFB.MTSI-12.19;60;20191204;200000;30345.0000000;30345.0000000;30016.0000000;30016.0000000;11
SPFB.MTSI-12.19;60;20191204;210000;30315.0000000;30315.0000000;30315.0000000;30315.0000000;1
SPFB.MTSI-12.19;60;20191205;000000;30312.0000000;30333.0000000;30312.0000000;30333.0000000;9
SPFB.MTSI-12.19;60;20191205;110000;30254.0000000;30254.0000000;30181.0000000;30244.0000000;49
SPFB.MTSI-12.19;60;20191205;120000;30226.0000000;30249.0000000;30216.0000000;30223.0000000;12
SPFB.MTSI-12.19;60;20191205;130000;30250.0000000;30356.0000000;30250.0000000;30356.0000000;4
SPFB.MTSI-12.19;60;20191205;140000;30339.0000000;30524.0000000;30339.0000000;30435.0000000;38
SPFB.MTSI-12.19;60;20191205;150000;30445.0000000;30480.0000000;30431.0000000;30480.0000000;78
SPFB.MTSI-12.19;60;20191205;160000;30449.0000000;30565.0000000;30447.0000000;30525.0000000;81
SPFB.MTSI-12.19;60;20191205;170000;30498.0000000;30565.0000000;30478.0000000;30537.0000000;55
SPFB.MTSI-12.19;60;20191205;180000;30537.0000000;30599.0000000;30255.0000000;30350.0000000;70
SPFB.MTSI-12.19;60;20191205;190000;30388.0000000;30470.0000000;30384.0000000;30392.0000000;12
SPFB.MTSI-12.19;60;20191205;200000;30548.0000000;30548.0000000;30548.0000000;30548.0000000;2
SPFB.MTSI-12.19;60;20191205;210000;30402.0000000;30402.0000000;30402.0000000;30402.0000000;1
SPFB.MTSI-12.19;60;20191206;110000;30401.0000000;30401.0000000;30251.0000000;30371.0000000;24
SPFB.MTSI-12.19;60;20191206;120000;30316.0000000;30338.0000000;30315.0000000;30332.0000000;15
SPFB.MTSI-12.19;60;20191206;130000;30317.0000000;30317.0000000;30162.0000000;30162.0000000;43
SPFB.MTSI-12.19;60;20191206;140000;30307.0000000;30307.0000000;30273.0000000;30297.0000000;20
SPFB.MTSI-12.19;60;20191206;150000;30288.0000000;30337.0000000;30288.0000000;30337.0000000;31
SPFB.MTSI-12.19;60;20191206;160000;30339.0000000;30405.0000000;30339.0000000;30400.0000000;13
SPFB.MTSI-12.19;60;20191206;170000;30388.0000000;30388.0000000;30388.0000000;30388.0000000;2
SPFB.MTSI-12.19;60;20191206;180000;30380.0000000;30429.0000000;30181.0000000;30206.0000000;115
SPFB.MTSI-12.19;60;20191206;190000;30210.0000000;30210.0000000;30131.0000000;30162.0000000;57
SPFB.MTSI-12.19;60;20191206;200000;30206.0000000;30229.0000000;30064.0000000;30101.0000000;9
SPFB.MTSI-12.19;60;20191206;210000;30100.0000000;30100.0000000;30100.0000000;30100.0000000;2
SPFB.MTSI-12.19;60;20191206;230000;30114.0000000;30171.0000000;30114.0000000;30171.0000000;7
SPFB.MTSI-12.19;60;20191207;000000;30107.0000000;30107.0000000;30107.0000000;30107.0000000;1
SPFB.MTSI-12.19;60;20191209;110000;30135.0000000;30261.0000000;30135.0000000;30261.0000000;59
SPFB.MTSI-12.19;60;20191209;120000;30249.0000000;30251.0000000;30182.0000000;30190.0000000;47
SPFB.MTSI-12.19;60;20191209;130000;30140.0000000;30220.0000000;30090.0000000;30220.0000000;107
SPFB.MTSI-12.19;60;20191209;140000;30197.0000000;30197.0000000;30188.0000000;30190.0000000;24
SPFB.MTSI-12.19;60;20191209;150000;30200.0000000;30202.0000000;30200.0000000;30202.0000000;22
SPFB.MTSI-12.19;60;20191209;160000;30200.0000000;30300.0000000;30188.0000000;30271.0000000;22
SPFB.MTSI-12.19;60;20191209;170000;30308.0000000;30400.0000000;30308.0000000;30395.0000000;24
SPFB.MTSI-12.19;60;20191209;180000;30395.0000000;30500.0000000;30210.0000000;30218.0000000;85
SPFB.MTSI-12.19;60;20191209;190000;30233.0000000;30282.0000000;30233.0000000;30261.0000000;8
SPFB.MTSI-12.19;60;20191209;200000;30182.0000000;30202.0000000;30179.0000000;30202.0000000;10
SPFB.MTSI-12.19;60;20191210;110000;30254.0000000;30411.0000000;30200.0000000;30411.0000000;32
SPFB.MTSI-12.19;60;20191210;120000;30411.0000000;30411.0000000;30200.0000000;30210.0000000;19
SPFB.MTSI-12.19;60;20191210;130000;30197.0000000;30240.0000000;30180.0000000;30180.0000000;34
SPFB.MTSI-12.19;60;20191210;140000;30239.0000000;30250.0000000;30239.0000000;30250.0000000;2
SPFB.MTSI-12.19;60;20191210;150000;30296.0000000;30296.0000000;30240.0000000;30240.0000000;2
SPFB.MTSI-12.19;60;20191210;160000;30296.0000000;30300.0000000;30243.0000000;30265.0000000;27
SPFB.MTSI-12.19;60;20191210;170000;30251.0000000;30425.0000000;30251.0000000;30294.0000000;46
SPFB.MTSI-12.19;60;20191210;180000;30200.0000000;30240.0000000;30161.0000000;30239.0000000;59
SPFB.MTSI-12.19;60;20191210;190000;30251.0000000;30292.0000000;30213.0000000;30213.0000000;14
SPFB.MTSI-12.19;60;20191210;200000;30307.0000000;30321.0000000;30307.0000000;30321.0000000;42
SPFB.MTSI-12.19;60;20191210;230000;30320.0000000;30320.0000000;30320.0000000;30320.0000000;1
SPFB.MTSI-12.19;60;20191211;000000;30200.0000000;30200.0000000;30200.0000000;30200.0000000;1
SPFB.MTSI-12.19;60;20191211;110000;30320.0000000;30400.0000000;30306.0000000;30349.0000000;148
SPFB.MTSI-12.19;60;20191211;120000;30361.0000000;30454.0000000;30360.0000000;30448.0000000;369
SPFB.MTSI-12.19;60;20191211;130000;30445.0000000;30456.0000000;30422.0000000;30422.0000000;50
SPFB.MTSI-12.19;60;20191211;140000;30455.0000000;30549.0000000;30455.0000000;30488.0000000;28
SPFB.MTSI-12.19;60;20191211;150000;30512.0000000;30525.0000000;30487.0000000;30487.0000000;7
SPFB.MTSI-12.19;60;20191211;160000;30511.0000000;30577.0000000;30509.0000000;30532.0000000;449
SPFB.MTSI-12.19;60;20191211;170000;30556.0000000;30556.0000000;30474.0000000;30500.0000000;298
SPFB.MTSI-12.19;60;20191211;180000;30526.0000000;30560.0000000;30500.0000000;30533.0000000;23
SPFB.MTSI-12.19;60;20191211;190000;30520.0000000;30588.0000000;30515.0000000;30559.0000000;46
SPFB.MTSI-12.19;60;20191211;200000;30577.0000000;30577.0000000;30577.0000000;30577.0000000;6
SPFB.MTSI-12.19;60;20191211;210000;30577.0000000;30577.0000000;30577.0000000;30577.0000000;4
SPFB.MTSI-12.19;60;20191211;230000;30577.0000000;30600.0000000;30577.0000000;30589.0000000;13
SPFB.MTSI-12.19;60;20191212;000000;30589.0000000;30748.0000000;30589.0000000;30700.0000000;22
SPFB.MTSI-12.19;60;20191212;110000;30679.0000000;30837.0000000;30550.0000000;30704.0000000;44
SPFB.MTSI-12.19;60;20191212;120000;30697.0000000;30759.0000000;30637.0000000;30705.0000000;109
SPFB.MTSI-12.19;60;20191212;130000;30725.0000000;30749.0000000;30710.0000000;30714.0000000;114
SPFB.MTSI-12.19;60;20191212;140000;30740.0000000;30796.0000000;30740.0000000;30796.0000000;6
SPFB.MTSI-12.19;60;20191212;150000;30838.0000000;30858.0000000;30838.0000000;30840.0000000;11
SPFB.MTSI-12.19;60;20191212;160000;30818.0000000;30919.0000000;30818.0000000;30857.0000000;96
SPFB.MTSI-12.19;60;20191212;170000;30849.0000000;30851.0000000;30831.0000000;30831.0000000;15
SPFB.MTSI-12.19;60;20191212;180000;30832.0000000;30853.0000000;30565.0000000;30590.0000000;163
SPFB.MTSI-12.19;60;20191212;190000;30598.0000000;30656.0000000;30526.0000000;30552.0000000;48
SPFB.MTSI-12.19;60;20191212;210000;30501.0000000;30526.0000000;30501.0000000;30526.0000000;3
SPFB.MTSI-12.19;60;20191212;220000;30626.0000000;30626.0000000;30505.0000000;30505.0000000;2
SPFB.MTSI-12.19;60;20191213;000000;30572.0000000;30572.0000000;30552.0000000;30552.0000000;14
SPFB.MTSI-12.19;60;20191213;110000;30500.0000000;30500.0000000;30365.0000000;30400.0000000;115
SPFB.MTSI-12.19;60;20191213;120000;30486.0000000;30600.0000000;30486.0000000;30600.0000000;11
SPFB.MTSI-12.19;60;20191213;130000;30553.0000000;30606.0000000;30444.0000000;30548.0000000;59
SPFB.MTSI-12.19;60;20191213;140000;30528.0000000;30528.0000000;30497.0000000;30497.0000000;10
SPFB.MTSI-12.19;60;20191213;150000;30480.0000000;30497.0000000;30406.0000000;30428.0000000;22
SPFB.MTSI-12.19;60;20191213;160000;30416.0000000;30430.0000000;30416.0000000;30429.0000000;3
SPFB.MTSI-12.19;60;20191213;170000;30503.0000000;30547.0000000;30503.0000000;30529.0000000;5
SPFB.MTSI-12.19;60;20191213;180000;30507.0000000;30520.0000000;30350.0000000;30350.0000000;76
SPFB.MTSI-12.19;60;20191213;190000;30355.0000000;30481.0000000;30340.0000000;30437.0000000;101
SPFB.MTSI-12.19;60;20191216;110000;30565.0000000;30565.0000000;30514.0000000;30550.0000000;24
SPFB.MTSI-12.19;60;20191216;120000;30550.0000000;30580.0000000;30498.0000000;30580.0000000;400
SPFB.MTSI-12.19;60;20191216;130000;30700.0000000;30769.0000000;30700.0000000;30750.0000000;54
SPFB.MTSI-12.19;60;20191216;140000;30725.0000000;30728.0000000;30689.0000000;30728.0000000;6
SPFB.MTSI-12.19;60;20191216;150000;30750.0000000;30770.0000000;30748.0000000;30770.0000000;51
SPFB.MTSI-12.19;60;20191216;160000;30809.0000000;30836.0000000;30800.0000000;30836.0000000;469
SPFB.MTSI-12.19;60;20191216;170000;30888.0000000;30958.0000000;30888.0000000;30941.0000000;121
SPFB.MTSI-12.19;60;20191216;180000;30916.0000000;30916.0000000;30565.0000000;30572.0000000;41
SPFB.MTSI-12.19;60;20191216;190000;30596.0000000;30702.0000000;30590.0000000;30672.0000000;29
SPFB.MTSI-12.19;60;20191216;200000;30725.0000000;30773.0000000;30725.0000000;30773.0000000;6
SPFB.MTSI-12.19;60;20191216;220000;30737.0000000;30756.0000000;30735.0000000;30742.0000000;11
SPFB.MTSI-12.19;60;20191217;000000;30756.0000000;30759.0000000;30756.0000000;30759.0000000;3
SPFB.MTSI-12.19;60;20191217;110000;30759.0000000;30875.0000000;30759.0000000;30835.0000000;32
SPFB.MTSI-12.19;60;20191217;120000;30922.0000000;30980.0000000;30876.0000000;30917.0000000;74
SPFB.MTSI-12.19;60;20191217;130000;30895.0000000;30914.0000000;30830.0000000;30830.0000000;28
SPFB.MTSI-12.19;60;20191217;140000;30946.0000000;30946.0000000;30868.0000000;30941.0000000;30
SPFB.MTSI-12.19;60;20191217;150000;30876.0000000;30917.0000000;30876.0000000;30910.0000000;27
SPFB.MTSI-12.19;60;20191217;160000;30917.0000000;31000.0000000;30917.0000000;31000.0000000;100
SPFB.MTSI-12.19;60;20191217;170000;31020.0000000;31031.0000000;30896.0000000;30975.0000000;70
SPFB.MTSI-12.19;60;20191217;180000;30967.0000000;31040.0000000;30905.0000000;31027.0000000;181
SPFB.MTSI-12.19;60;20191217;190000;31076.0000000;31076.0000000;30975.0000000;31026.0000000;62
SPFB.MTSI-12.19;60;20191217;200000;31070.0000000;31070.0000000;31070.0000000;31070.0000000;2
SPFB.MTSI-12.19;60;20191217;210000;30995.0000000;31050.0000000;30995.0000000;31050.0000000;4
SPFB.MTSI-12.19;60;20191217;220000;31072.0000000;31080.0000000;31072.0000000;31080.0000000;3
SPFB.MTSI-12.19;60;20191217;230000;31085.0000000;31161.0000000;31063.0000000;31099.0000000;30
SPFB.MTSI-12.19;60;20191218;000000;31041.0000000;31041.0000000;31041.0000000;31041.0000000;1
SPFB.MTSI-12.19;60;20191218;110000;31110.0000000;31285.0000000;31087.0000000;31224.0000000;133
SPFB.MTSI-12.19;60;20191218;120000;31237.0000000;31391.0000000;31201.0000000;31375.0000000;109
SPFB.MTSI-12.19;60;20191218;130000;31430.0000000;31465.0000000;31370.0000000;31445.0000000;99
SPFB.MTSI-12.19;60;20191218;140000;31460.0000000;31499.0000000;31440.0000000;31440.0000000;80
SPFB.MTSI-12.19;60;20191218;150000;31499.0000000;31600.0000000;31480.0000000;31600.0000000;79
SPFB.MTSI-12.19;60;20191218;160000;31598.0000000;31600.0000000;31552.0000000;31560.0000000;51
SPFB.MTSI-12.19;60;20191218;170000;31517.0000000;31581.0000000;31517.0000000;31521.0000000;13
SPFB.MTSI-12.19;60;20191218;180000;31547.0000000;31559.0000000;31399.0000000;31455.0000000;155
SPFB.MTSI-12.19;60;20191218;190000;31455.0000000;31463.0000000;31250.0000000;31354.0000000;259
SPFB.MTSI-12.19;60;20191218;200000;31158.0000000;31158.0000000;31157.0000000;31157.0000000;5
SPFB.MTSI-12.19;60;20191218;210000;31399.0000000;31399.0000000;31161.0000000;31161.0000000;50
SPFB.MTSI-12.19;60;20191218;220000;31201.0000000;31202.0000000;31171.0000000;31202.0000000;13
SPFB.MTSI-12.19;60;20191219;000000;31172.0000000;31172.0000000;31171.0000000;31171.0000000;8
SPFB.MTSI-12.19;60;20191219;110000;31300.0000000;31540.0000000;31260.0000000;31506.0000000;136
SPFB.MTSI-12.19;60;20191219;120000;31548.0000000;31579.0000000;31511.0000000;31576.0000000;65
SPFB.MTSI-12.19;60;20191219;130000;31510.0000000;31552.0000000;31437.0000000;31462.0000000;16
SPFB.MTSI-12.19;60;20191219;140000;31426.0000000;31458.0000000;31426.0000000;31456.0000000;45
SPFB.MTSI-12.19;60;20191219;150000;31447.0000000;31510.0000000;31431.0000000;31501.0000000;29
SPFB.MTSI-12.19;60;20191219;160000;31597.0000000;31624.0000000;31545.0000000;31545.0000000;20
SPFB.MTSI-12.19;60;20191219;170000;31500.0000000;31500.0000000;31259.0000000;31358.0000000;163
SPFB.MTSI-12.19;60;20191219;180000;31319.0000000;31319.0000000;31133.0000000;31133.0000000;18
SPFB.MTSI-12.19;60;20191219;190000;31091.0000000;31700.0000000;31091.0000000;31700.0000000;19
