<TICKER>;<PER>;<DATE>;<TIME>;<OPEN>;<HIGH>;<LOW>;<CLOSE>;<VOL>
SPFB.MTSI-9.20;60;20200414;160000;31046.0000000;31046.0000000;31046.0000000;31046.0000000;4
SPFB.MTSI-9.20;60;20200415;110000;30253.0000000;30253.0000000;29855.0000000;29855.0000000;2
SPFB.MTSI-9.20;60;20200417;190000;29223.0000000;29223.0000000;29223.0000000;29223.0000000;1
SPFB.MTSI-9.20;60;20200424;190000;29555.0000000;29555.0000000;29555.0000000;29555.0000000;5
SPFB.MTSI-9.20;60;20200526;190000;32200.0000000;32200.0000000;32200.0000000;32200.0000000;1
SPFB.MTSI-9.20;60;20200527;120000;31900.0000000;31900.0000000;31900.0000000;31900.0000000;1
SPFB.MTSI-9.20;60;20200528;130000;31830.0000000;31830.0000000;31830.0000000;31830.0000000;1
SPFB.MTSI-9.20;60;20200528;150000;31759.0000000;31760.0000000;31690.0000000;31690.0000000;6
SPFB.MTSI-9.20;60;20200528;180000;31872.0000000;31873.0000000;31418.0000000;31538.0000000;7
SPFB.MTSI-9.20;60;20200528;190000;31580.0000000;31589.0000000;31580.0000000;31589.0000000;3
SPFB.MTSI-9.20;60;20200528;230000;31589.0000000;31589.0000000;31589.0000000;31589.0000000;1
SPFB.MTSI-9.20;60;20200529;110000;31218.0000000;31218.0000000;31020.0000000;31100.0000000;5
SPFB.MTSI-9.20;60;20200529;170000;31020.0000000;31020.0000000;31000.0000000;31000.0000000;19
SPFB.MTSI-9.20;60;20200529;180000;31100.0000000;31100.0000000;31100.0000000;31100.0000000;1
SPFB.MTSI-9.20;60;20200529;190000;31000.0000000;31000.0000000;31000.0000000;31000.0000000;1
SPFB.MTSI-9.20;60;20200601;130000;31100.0000000;31100.0000000;31100.0000000;31100.0000000;2
SPFB.MTSI-9.20;60;20200601;160000;31200.0000000;31200.0000000;31200.0000000;31200.0000000;5
SPFB.MTSI-9.20;60;20200601;170000;31000.0000000;31000.0000000;30800.0000000;30800.0000000;6
SPFB.MTSI-9.20;60;20200602;110000;31194.0000000;31194.0000000;30801.0000000;30801.0000000;2
SPFB.MTSI-9.20;60;20200602;140000;31100.0000000;31100.0000000;31100.0000000;31100.0000000;1
SPFB.MTSI-9.20;60;20200602;150000;31200.0000000;31200.0000000;31200.0000000;31200.0000000;5
SPFB.MTSI-9.20;60;20200602;160000;31200.0000000;31200.0000000;31200.0000000;31200.0000000;1
SPFB.MTSI-9.20;60;20200602;170000;31200.0000000;31200.0000000;31065.0000000;31065.0000000;5
SPFB.MTSI-9.20;60;20200603;150000;31650.0000000;31650.0000000;31650.0000000;31650.0000000;1
SPFB.MTSI-9.20;60;20200604;120000;32061.0000000;32061.0000000;32061.0000000;32061.0000000;10
SPFB.MTSI-9.20;60;20200604;140000;31992.0000000;31992.0000000;31992.0000000;31992.0000000;1
SPFB.MTSI-9.20;60;20200604;150000;31992.0000000;31992.0000000;31992.0000000;31992.0000000;5
SPFB.MTSI-9.20;60;20200604;170000;31280.0000000;31280.0000000;31090.0000000;31090.0000000;15
SPFB.MTSI-9.20;60;20200604;180000;31090.0000000;31090.0000000;31090.0000000;31090.0000000;1
SPFB.MTSI-9.20;60;20200605;130000;30873.0000000;30873.0000000;30752.0000000;30752.0000000;2
SPFB.MTSI-9.20;60;20200605;170000;30986.0000000;30986.0000000;30986.0000000;30986.0000000;2
SPFB.MTSI-9.20;60;20200605;180000;30958.0000000;30958.0000000;30714.0000000;30714.0000000;4
SPFB.MTSI-9.20;60;20200608;110000;30701.0000000;31436.0000000;30700.0000000;31418.0000000;13
SPFB.MTSI-9.20;60;20200608;120000;30717.0000000;31000.0000000;30717.0000000;31000.0000000;5
SPFB.MTSI-9.20;60;20200608;180000;31344.0000000;31344.0000000;31344.0000000;31344.0000000;1
SPFB.MTSI-9.20;60;20200608;190000;31630.0000000;31630.0000000;31630.0000000;31630.0000000;1
SPFB.MTSI-9.20;60;20200608;200000;31500.0000000;31500.0000000;31500.0000000;31500.0000000;2
SPFB.MTSI-9.20;60;20200609;130000;31077.0000000;31077.0000000;31076.0000000;31076.0000000;5
SPFB.MTSI-9.20;60;20200609;150000;31790.0000000;31790.0000000;31790.0000000;31790.0000000;1
SPFB.MTSI-9.20;60;20200609;170000;31795.0000000;31796.0000000;31795.0000000;31796.0000000;3
SPFB.MTSI-9.20;60;20200609;190000;31988.0000000;31988.0000000;31988.0000000;31988.0000000;2
SPFB.MTSI-9.20;60;20200609;210000;32540.0000000;32540.0000000;32540.0000000;32540.0000000;1
SPFB.MTSI-9.20;60;20200609;220000;32095.0000000;32095.0000000;32095.0000000;32095.0000000;1
SPFB.MTSI-9.20;60;20200610;110000;32094.0000000;32094.0000000;31615.0000000;31615.0000000;4
SPFB.MTSI-9.20;60;20200610;170000;31500.0000000;31500.0000000;31500.0000000;31500.0000000;2
SPFB.MTSI-9.20;60;20200610;180000;31361.0000000;31361.0000000;31251.0000000;31251.0000000;4
SPFB.MTSI-9.20;60;20200611;160000;31400.0000000;31400.0000000;31400.0000000;31400.0000000;3
SPFB.MTSI-9.20;60;20200611;200000;32119.0000000;32119.0000000;32000.0000000;32000.0000000;4
SPFB.MTSI-9.20;60;20200611;220000;31801.0000000;31875.0000000;31801.0000000;31875.0000000;4
SPFB.MTSI-9.20;60;20200611;230000;31199.0000000;31199.0000000;31160.0000000;31160.0000000;6
SPFB.MTSI-9.20;60;20200615;110000;31140.0000000;31529.0000000;31000.0000000;31000.0000000;19
SPFB.MTSI-9.20;60;20200615;120000;31009.0000000;31009.0000000;31005.0000000;31005.0000000;6
SPFB.MTSI-9.20;60;20200615;140000;31250.0000000;31255.0000000;31100.0000000;31100.0000000;60
SPFB.MTSI-9.20;60;20200615;150000;30806.0000000;30806.0000000;30806.0000000;30806.0000000;1
SPFB.MTSI-9.20;60;20200615;160000;30897.0000000;30897.0000000;30897.0000000;30897.0000000;1
SPFB.MTSI-9.20;60;20200615;170000;30898.0000000;30898.0000000;30898.0000000;30898.0000000;2
SPFB.MTSI-9.20;60;20200615;180000;31100.0000000;31277.0000000;31100.0000000;31277.0000000;8
SPFB.MTSI-9.20;60;20200615;190000;31357.0000000;31357.0000000;31300.0000000;31300.0000000;4
SPFB.MTSI-9.20;60;20200616;000000;31200.0000000;31200.0000000;31200.0000000;31200.0000000;1
SPFB.MTSI-9.20;60;20200616;110000;31868.0000000;31868.0000000;31500.0000000;31814.0000000;15
SPFB.MTSI-9.20;60;20200616;120000;31541.0000000;31541.0000000;31505.0000000;31505.0000000;19
SPFB.MTSI-9.20;60;20200616;130000;31528.0000000;31588.0000000;31528.0000000;31588.0000000;6
SPFB.MTSI-9.20;60;20200616;140000;31618.0000000;31618.0000000;31618.0000000;31618.0000000;2
SPFB.MTSI-9.20;60;20200616;150000;31505.0000000;31675.0000000;31500.0000000;31675.0000000;4
SPFB.MTSI-9.20;60;20200616;180000;31500.0000000;31664.0000000;31500.0000000;31664.0000000;13
SPFB.MTSI-9.20;60;20200616;190000;31307.0000000;31307.0000000;31307.0000000;31307.0000000;1
SPFB.MTSI-9.20;60;20200617;110000;31307.0000000;32000.0000000;31307.0000000;31854.0000000;12
SPFB.MTSI-9.20;60;20200617;120000;31990.0000000;32000.0000000;31501.0000000;31501.0000000;11
SPFB.MTSI-9.20;60;20200617;130000;31600.0000000;31657.0000000;31600.0000000;31657.0000000;22
SPFB.MTSI-9.20;60;20200617;140000;31601.0000000;31601.0000000;31601.0000000;31601.0000000;1
SPFB.MTSI-9.20;60;20200617;150000;31603.0000000;31603.0000000;31600.0000000;31600.0000000;29
SPFB.MTSI-9.20;60;20200617;160000;31603.0000000;31627.0000000;31600.0000000;31600.0000000;21
SPFB.MTSI-9.20;60;20200617;170000;31560.0000000;31560.0000000;31276.0000000;31276.0000000;66
SPFB.MTSI-9.20;60;20200617;180000;31299.0000000;31299.0000000;31200.0000000;31200.0000000;35
SPFB.MTSI-9.20;60;20200617;220000;31300.0000000;31381.0000000;31300.0000000;31381.0000000;2
SPFB.MTSI-9.20;60;20200618;000000;31381.0000000;31799.0000000;31381.0000000;31799.0000000;8
SPFB.MTSI-9.20;60;20200618;110000;31599.0000000;31688.0000000;31323.0000000;31323.0000000;11
SPFB.MTSI-9.20;60;20200618;120000;31262.0000000;31262.0000000;31188.0000000;31200.0000000;36
SPFB.MTSI-9.20;60;20200618;130000;31320.0000000;31357.0000000;31250.0000000;31295.0000000;11
SPFB.MTSI-9.20;60;20200618;140000;31295.0000000;31295.0000000;31270.0000000;31270.0000000;2
SPFB.MTSI-9.20;60;20200618;150000;31200.0000000;31200.0000000;31020.0000000;31020.0000000;27
SPFB.MTSI-9.20;60;20200618;160000;31010.0000000;31111.0000000;31007.0000000;31110.0000000;164
SPFB.MTSI-9.20;60;20200618;170000;31158.0000000;31158.0000000;31090.0000000;31090.0000000;4
SPFB.MTSI-9.20;60;20200618;180000;31242.0000000;31287.0000000;31200.0000000;31244.0000000;14
SPFB.MTSI-9.20;60;20200618;190000;31271.0000000;31481.0000000;31271.0000000;31443.0000000;54
SPFB.MTSI-9.20;60;20200618;200000;31499.0000000;31502.0000000;31499.0000000;31501.0000000;42
SPFB.MTSI-9.20;60;20200618;220000;31510.0000000;31551.0000000;31509.0000000;31550.0000000;7
SPFB.MTSI-9.20;60;20200618;230000;31509.0000000;31509.0000000;31500.0000000;31500.0000000;17
SPFB.MTSI-9.20;60;20200619;110000;31501.0000000;31691.0000000;31450.0000000;31590.0000000;50
SPFB.MTSI-9.20;60;20200619;120000;31643.0000000;31709.0000000;31624.0000000;31703.0000000;121
SPFB.MTSI-9.20;60;20200619;130000;31650.0000000;31683.0000000;31650.0000000;31683.0000000;2
SPFB.MTSI-9.20;60;20200619;140000;31679.0000000;31683.0000000;31629.0000000;31680.0000000;27
SPFB.MTSI-9.20;60;20200619;150000;31682.0000000;31704.0000000;31679.0000000;31700.0000000;56
SPFB.MTSI-9.20;60;20200619;160000;31745.0000000;31760.0000000;31715.0000000;31715.0000000;76
SPFB.MTSI-9.20;60;20200619;170000;31720.0000000;31720.0000000;31509.0000000;31621.0000000;38
SPFB.MTSI-9.20;60;20200619;180000;31600.0000000;31640.0000000;31511.0000000;31511.0000000;20
SPFB.MTSI-9.20;60;20200619;190000;31558.0000000;31662.0000000;31540.0000000;31595.0000000;118
SPFB.MTSI-9.20;60;20200619;200000;31573.0000000;31573.0000000;31403.0000000;31403.0000000;5
SPFB.MTSI-9.20;60;20200619;210000;31435.0000000;31435.0000000;31435.0000000;31435.0000000;5
SPFB.MTSI-9.20;60;20200619;220000;31435.0000000;31574.0000000;31435.0000000;31574.0000000;9
SPFB.MTSI-9.20;60;20200619;230000;31450.0000000;31450.0000000;31403.0000000;31403.0000000;11
SPFB.MTSI-9.20;60;20200620;000000;31328.0000000;31328.0000000;31203.0000000;31203.0000000;3
SPFB.MTSI-9.20;60;20200622;110000;31222.0000000;31414.0000000;31063.0000000;31390.0000000;59
SPFB.MTSI-9.20;60;20200622;120000;31365.0000000;31420.0000000;31248.0000000;31420.0000000;48
SPFB.MTSI-9.20;60;20200622;130000;31453.0000000;31453.0000000;31368.0000000;31368.0000000;7
SPFB.MTSI-9.20;60;20200622;140000;31350.0000000;31361.0000000;31350.0000000;31361.0000000;3
SPFB.MTSI-9.20;60;20200622;160000;31402.0000000;31410.0000000;31360.0000000;31410.0000000;56
SPFB.MTSI-9.20;60;20200622;170000;31405.0000000;31424.0000000;31340.0000000;31405.0000000;115
SPFB.MTSI-9.20;60;20200622;180000;31405.0000000;31505.0000000;31255.0000000;31255.0000000;91
SPFB.MTSI-9.20;60;20200622;190000;31260.0000000;31300.0000000;31201.0000000;31244.0000000;120
SPFB.MTSI-9.20;60;20200622;200000;31366.0000000;31390.0000000;31366.0000000;31366.0000000;11
SPFB.MTSI-9.20;60;20200622;210000;31322.0000000;31366.0000000;31100.0000000;31100.0000000;14
SPFB.MTSI-9.20;60;20200622;220000;31102.0000000;31102.0000000;31102.0000000;31102.0000000;1
SPFB.MTSI-9.20;60;20200622;230000;31108.0000000;31137.0000000;31100.0000000;31137.0000000;6
SPFB.MTSI-9.20;60;20200623;000000;31151.0000000;31282.0000000;31151.0000000;31282.0000000;4
SPFB.MTSI-9.20;60;20200623;110000;31259.0000000;31318.0000000;31259.0000000;31317.0000000;24
SPFB.MTSI-9.20;60;20200623;120000;31272.0000000;31272.0000000;31104.0000000;31104.0000000;14
SPFB.MTSI-9.20;60;20200623;140000;31299.0000000;31301.0000000;31299.0000000;31301.0000000;5
SPFB.MTSI-9.20;60;20200623;160000;31296.0000000;31296.0000000;31277.0000000;31277.0000000;2
SPFB.MTSI-9.20;60;20200623;170000;31232.0000000;31245.0000000;31172.0000000;31218.0000000;11
SPFB.MTSI-9.20;60;20200623;180000;31200.0000000;31200.0000000;31200.0000000;31200.0000000;8
SPFB.MTSI-9.20;60;20200623;190000;31200.0000000;31200.0000000;31150.0000000;31200.0000000;46
SPFB.MTSI-9.20;60;20200623;210000;31297.0000000;31297.0000000;31250.0000000;31250.0000000;3
SPFB.MTSI-9.20;60;20200623;220000;31200.0000000;31200.0000000;31117.0000000;31151.0000000;7
SPFB.MTSI-9.20;60;20200623;230000;31162.0000000;31249.0000000;31117.0000000;31117.0000000;17
SPFB.MTSI-9.20;60;20200624;000000;31108.0000000;31199.0000000;31108.0000000;31199.0000000;4
SPFB.MTSI-9.20;60;20200625;110000;31107.0000000;31125.0000000;30960.0000000;30985.0000000;83
SPFB.MTSI-9.20;60;20200625;120000;30980.0000000;31115.0000000;30980.0000000;31115.0000000;21
SPFB.MTSI-9.20;60;20200625;130000;31178.0000000;31178.0000000;31115.0000000;31170.0000000;9
SPFB.MTSI-9.20;60;20200625;140000;31084.0000000;31149.0000000;31084.0000000;31149.0000000;2
SPFB.MTSI-9.20;60;20200625;150000;31041.0000000;31041.0000000;30966.0000000;30966.0000000;15
SPFB.MTSI-9.20;60;20200625;160000;31052.0000000;31052.0000000;31052.0000000;31052.0000000;1
SPFB.MTSI-9.20;60;20200625;170000;31117.0000000;31133.0000000;31066.0000000;31133.0000000;19
SPFB.MTSI-9.20;60;20200625;180000;31171.0000000;31247.0000000;31136.0000000;31164.0000000;27
SPFB.MTSI-9.20;60;20200625;190000;31115.0000000;31115.0000000;30946.0000000;30965.0000000;63
SPFB.MTSI-9.20;60;20200625;200000;30925.0000000;30925.0000000;30921.0000000;30921.0000000;10
SPFB.MTSI-9.20;60;20200625;210000;30968.0000000;30968.0000000;30968.0000000;30968.0000000;1
SPFB.MTSI-9.20;60;20200626;110000;31011.0000000;31118.0000000;30960.0000000;31059.0000000;30
SPFB.MTSI-9.20;60;20200626;120000;31056.0000000;31056.0000000;31056.0000000;31056.0000000;2
SPFB.MTSI-9.20;60;20200626;130000;31067.0000000;31067.0000000;31067.0000000;31067.0000000;1
SPFB.MTSI-9.20;60;20200626;140000;31090.0000000;31100.0000000;31090.0000000;31100.0000000;2
SPFB.MTSI-9.20;60;20200626;150000;31108.0000000;31190.0000000;31108.0000000;31190.0000000;6
SPFB.MTSI-9.20;60;20200626;160000;31068.0000000;31192.0000000;31056.0000000;31192.0000000;33
SPFB.MTSI-9.20;60;20200626;170000;31193.0000000;31209.0000000;31150.0000000;31166.0000000;31
SPFB.MTSI-9.20;60;20200626;180000;31134.0000000;31134.0000000;30923.0000000;30960.0000000;42
SPFB.MTSI-9.20;60;20200626;190000;31008.0000000;31008.0000000;30906.0000000;30934.0000000;10
SPFB.MTSI-9.20;60;20200626;230000;30940.0000000;30940.0000000;30940.0000000;30940.0000000;1
SPFB.MTSI-9.20;60;20200629;110000;30935.0000000;31045.0000000;30927.0000000;30977.0000000;19
SPFB.MTSI-9.20;60;20200629;120000;31036.0000000;31047.0000000;30950.0000000;30999.0000000;22
SPFB.MTSI-9.20;60;20200629;130000;31070.0000000;31080.0000000;31000.0000000;31080.0000000;46
SPFB.MTSI-9.20;60;20200629;140000;31080.0000000;31090.0000000;31080.0000000;31090.0000000;3
SPFB.MTSI-9.20;60;20200629;160000;31120.0000000;31120.0000000;31120.0000000;31120.0000000;1
SPFB.MTSI-9.20;60;20200629;170000;31100.0000000;31100.0000000;30973.0000000;31067.0000000;15
SPFB.MTSI-9.20;60;20200629;180000;31074.0000000;31200.0000000;31074.0000000;31136.0000000;269
SPFB.MTSI-9.20;60;20200629;190000;31104.0000000;31114.0000000;31077.0000000;31113.0000000;8
SPFB.MTSI-9.20;60;20200629;210000;31100.0000000;31100.0000000;31100.0000000;31100.0000000;1
SPFB.MTSI-9.20;60;20200630;110000;31158.0000000;31225.0000000;31158.0000000;31225.0000000;36
SPFB.MTSI-9.20;60;20200630;120000;31280.0000000;31800.0000000;31280.0000000;31475.0000000;65
SPFB.MTSI-9.20;60;20200630;130000;31450.0000000;31474.0000000;31326.0000000;31326.0000000;36
SPFB.MTSI-9.20;60;20200630;140000;31387.0000000;31627.0000000;31372.0000000;31550.0000000;250
SPFB.MTSI-9.20;60;20200630;150000;31500.0000000;31678.0000000;31354.0000000;31575.0000000;147
SPFB.MTSI-9.20;60;20200630;160000;31575.0000000;31575.0000000;31326.0000000;31520.0000000;41
SPFB.MTSI-9.20;60;20200630;170000;31588.0000000;31729.0000000;31588.0000000;31694.0000000;109
SPFB.MTSI-9.20;60;20200630;180000;31625.0000000;31670.0000000;31505.0000000;31670.0000000;132
SPFB.MTSI-9.20;60;20200630;190000;31663.0000000;31700.0000000;31355.0000000;31355.0000000;116
SPFB.MTSI-9.20;60;20200630;220000;31420.0000000;31454.0000000;31420.0000000;31453.0000000;13
SPFB.MTSI-9.20;60;20200630;230000;31496.0000000;31563.0000000;31495.0000000;31563.0000000;6
SPFB.MTSI-9.20;60;20200701;000000;31414.0000000;31678.0000000;31414.0000000;31670.0000000;11
SPFB.MTSI-9.20;60;20200702;110000;31670.0000000;31780.0000000;31558.0000000;31699.0000000;64
SPFB.MTSI-9.20;60;20200702;120000;31650.0000000;31760.0000000;31650.0000000;31691.0000000;26
SPFB.MTSI-9.20;60;20200702;130000;31692.0000000;31723.0000000;31692.0000000;31723.0000000;85
SPFB.MTSI-9.20;60;20200702;150000;31650.0000000;31650.0000000;31650.0000000;31650.0000000;3
SPFB.MTSI-9.20;60;20200702;160000;31650.0000000;31678.0000000;31610.0000000;31678.0000000;11
SPFB.MTSI-9.20;60;20200702;170000;31710.0000000;31821.0000000;31650.0000000;31691.0000000;122
SPFB.MTSI-9.20;60;20200702;180000;31651.0000000;31661.0000000;31648.0000000;31648.0000000;13
SPFB.MTSI-9.20;60;20200702;190000;31610.0000000;31610.0000000;31600.0000000;31600.0000000;10
SPFB.MTSI-9.20;60;20200702;210000;31659.0000000;31700.0000000;31659.0000000;31700.0000000;36
SPFB.MTSI-9.20;60;20200702;220000;31655.0000000;31655.0000000;31655.0000000;31655.0000000;2
SPFB.MTSI-9.20;60;20200702;230000;31600.0000000;31627.0000000;31600.0000000;31600.0000000;11
SPFB.MTSI-9.20;60;20200703;000000;31600.0000000;31650.0000000;31534.0000000;31566.0000000;13
SPFB.MTSI-9.20;60;20200703;110000;31566.0000000;31669.0000000;31533.0000000;31623.0000000;19
SPFB.MTSI-9.20;60;20200703;120000;31616.0000000;31616.0000000;31500.0000000;31500.0000000;36
SPFB.MTSI-9.20;60;20200703;130000;31467.0000000;31610.0000000;31450.0000000;31610.0000000;90
SPFB.MTSI-9.20;60;20200703;140000;31597.0000000;31692.0000000;31597.0000000;31692.0000000;44
SPFB.MTSI-9.20;60;20200703;150000;31689.0000000;31689.0000000;31656.0000000;31685.0000000;30
SPFB.MTSI-9.20;60;20200703;160000;31685.0000000;31761.0000000;31685.0000000;31730.0000000;88
SPFB.MTSI-9.20;60;20200703;170000;31800.0000000;31849.0000000;31800.0000000;31830.0000000;20
SPFB.MTSI-9.20;60;20200703;180000;31840.0000000;31844.0000000;31770.0000000;31815.0000000;42
SPFB.MTSI-9.20;60;20200703;190000;31830.0000000;31930.0000000;31825.0000000;31927.0000000;47
SPFB.MTSI-9.20;60;20200703;200000;31945.0000000;31950.0000000;31900.0000000;31900.0000000;17
SPFB.MTSI-9.20;60;20200703;210000;31900.0000000;32054.0000000;31900.0000000;32054.0000000;62
SPFB.MTSI-9.20;60;20200703;220000;31943.0000000;32053.0000000;31943.0000000;32020.0000000;10
SPFB.MTSI-9.20;60;20200703;230000;31963.0000000;31963.0000000;31963.0000000;31963.0000000;3
SPFB.MTSI-9.20;60;20200706;110000;31870.0000000;32175.0000000;31800.0000000;32114.0000000;131
SPFB.MTSI-9.20;60;20200706;120000;32131.0000000;32280.0000000;32131.0000000;32167.0000000;145
SPFB.MTSI-9.20;60;20200706;130000;32138.0000000;32154.0000000;32075.0000000;32141.0000000;79
SPFB.MTSI-9.20;60;20200706;140000;32152.0000000;32156.0000000;32005.0000000;32140.0000000;38
SPFB.MTSI-9.20;60;20200706;150000;32140.0000000;32140.0000000;32130.0000000;32130.0000000;3
SPFB.MTSI-9.20;60;20200706;160000;32132.0000000;32251.0000000;32132.0000000;32251.0000000;77
SPFB.MTSI-9.20;60;20200706;170000;32257.0000000;32257.0000000;32169.0000000;32184.0000000;56
SPFB.MTSI-9.20;60;20200706;180000;32214.0000000;32265.0000000;32026.0000000;32138.0000000;79
SPFB.MTSI-9.20;60;20200706;190000;32136.0000000;32191.0000000;32107.0000000;32107.0000000;12
SPFB.MTSI-9.20;60;20200706;200000;32102.0000000;32102.0000000;31951.0000000;32096.0000000;31
SPFB.MTSI-9.20;60;20200706;210000;32100.0000000;32100.0000000;32100.0000000;32100.0000000;1
SPFB.MTSI-9.20;60;20200706;220000;32026.0000000;32350.0000000;32001.0000000;32188.0000000;138
SPFB.MTSI-9.20;60;20200706;230000;32071.0000000;32071.0000000;32025.0000000;32047.0000000;6
SPFB.MTSI-9.20;60;20200707;000000;32101.0000000;32153.0000000;32096.0000000;32096.0000000;58
SPFB.MTSI-9.20;60;20200707;110000;32066.0000000;32129.0000000;31901.0000000;32100.0000000;106
SPFB.MTSI-9.20;60;20200707;120000;32100.0000000;32130.0000000;32024.0000000;32130.0000000;29
SPFB.MTSI-9.20;60;20200707;130000;32144.0000000;32144.0000000;32024.0000000;32024.0000000;18
SPFB.MTSI-9.20;60;20200707;140000;32019.0000000;32054.0000000;32007.0000000;32016.0000000;22
SPFB.MTSI-9.20;60;20200707;150000;32023.0000000;32050.0000000;31950.0000000;31980.0000000;41
SPFB.MTSI-9.20;60;20200707;160000;31980.0000000;32083.0000000;31891.0000000;32080.0000000;93
SPFB.MTSI-9.20;60;20200707;170000;32088.0000000;32100.0000000;31950.0000000;32005.0000000;99
SPFB.MTSI-9.20;60;20200707;180000;31996.0000000;32081.0000000;31995.0000000;32064.0000000;23
SPFB.MTSI-9.20;60;20200707;190000;32080.0000000;32165.0000000;32066.0000000;32067.0000000;87
SPFB.MTSI-9.20;60;20200707;200000;32172.0000000;32510.0000000;32082.0000000;32101.0000000;160
SPFB.MTSI-9.20;60;20200707;210000;32100.0000000;32118.0000000;32053.0000000;32053.0000000;88
SPFB.MTSI-9.20;60;20200707;220000;32050.0000000;32050.0000000;31970.0000000;31970.0000000;33
SPFB.MTSI-9.20;60;20200707;230000;31951.0000000;32035.0000000;31905.0000000;31966.0000000;49
SPFB.MTSI-9.20;60;20200708;000000;31956.0000000;31995.0000000;31956.0000000;31995.0000000;7
SPFB.MTSI-9.20;60;20200708;110000;32012.0000000;32469.0000000;31985.0000000;32400.0000000;441
SPFB.MTSI-9.20;60;20200708;120000;32388.0000000;32407.0000000;32272.0000000;32407.0000000;47
SPFB.MTSI-9.20;60;20200708;130000;32328.0000000;32386.0000000;32303.0000000;32340.0000000;24
SPFB.MTSI-9.20;60;20200708;140000;32341.0000000;32345.0000000;32320.0000000;32330.0000000;49
SPFB.MTSI-9.20;60;20200708;150000;32330.0000000;32345.0000000;32321.0000000;32345.0000000;11
SPFB.MTSI-9.20;60;20200708;160000;32320.0000000;32343.0000000;32255.0000000;32255.0000000;66
SPFB.MTSI-9.20;60;20200708;170000;32256.0000000;32256.0000000;32045.0000000;32111.0000000;115
SPFB.MTSI-9.20;60;20200708;180000;32086.0000000;32134.0000000;32008.0000000;32051.0000000;64
SPFB.MTSI-9.20;60;20200708;190000;32001.0000000;32087.0000000;31988.0000000;32003.0000000;43
SPFB.MTSI-9.20;60;20200708;200000;32099.0000000;32299.0000000;32051.0000000;32051.0000000;14
SPFB.MTSI-9.20;60;20200708;210000;32134.0000000;32139.0000000;32100.0000000;32100.0000000;6
SPFB.MTSI-9.20;60;20200708;220000;32100.0000000;32119.0000000;32100.0000000;32119.0000000;8
SPFB.MTSI-9.20;60;20200708;230000;32104.0000000;32139.0000000;32104.0000000;32139.0000000;9
SPFB.MTSI-9.20;60;20200709;000000;32140.0000000;32269.0000000;32139.0000000;32162.0000000;54
SPFB.MTSI-9.20;60;20200709;110000;32268.0000000;32272.0000000;32089.0000000;32272.0000000;92
SPFB.MTSI-9.20;60;20200709;120000;32230.0000000;32230.0000000;32090.0000000;32152.0000000;5
SPFB.MTSI-9.20;60;20200709;130000;32152.0000000;32200.0000000;32131.0000000;32200.0000000;10
SPFB.MTSI-9.20;60;20200709;140000;32219.0000000;32220.0000000;32180.0000000;32180.0000000;19
SPFB.MTSI-9.20;60;20200709;150000;32130.0000000;32131.0000000;32089.0000000;32089.0000000;20
SPFB.MTSI-9.20;60;20200709;160000;32069.0000000;32127.0000000;32050.0000000;32127.0000000;13
SPFB.MTSI-9.20;60;20200709;170000;32136.0000000;32137.0000000;31976.0000000;32005.0000000;116
SPFB.MTSI-9.20;60;20200709;180000;31953.0000000;31953.0000000;31900.0000000;31933.0000000;48
SPFB.MTSI-9.20;60;20200709;190000;31908.0000000;31942.0000000;31815.0000000;31860.0000000;117
SPFB.MTSI-9.20;60;20200709;200000;31853.0000000;31853.0000000;31707.0000000;31764.0000000;129
SPFB.MTSI-9.20;60;20200709;210000;31779.0000000;31790.0000000;31601.0000000;31635.0000000;58
SPFB.MTSI-9.20;60;20200709;220000;31635.0000000;31728.0000000;31635.0000000;31659.0000000;84
SPFB.MTSI-9.20;60;20200709;230000;31670.0000000;31670.0000000;31628.0000000;31628.0000000;13
SPFB.MTSI-9.20;60;20200710;000000;31630.0000000;31630.0000000;31627.0000000;31627.0000000;17
SPFB.MTSI-9.20;60;20200710;110000;31727.0000000;31873.0000000;31717.0000000;31832.0000000;57
SPFB.MTSI-9.20;60;20200710;120000;31843.0000000;31928.0000000;31827.0000000;31839.0000000;114
SPFB.MTSI-9.20;60;20200710;130000;31814.0000000;31817.0000000;31770.0000000;31786.0000000;36
SPFB.MTSI-9.20;60;20200710;140000;31800.0000000;31846.0000000;31800.0000000;31846.0000000;12
SPFB.MTSI-9.20;60;20200710;150000;31865.0000000;31927.0000000;31865.0000000;31927.0000000;3
SPFB.MTSI-9.20;60;20200710;160000;31903.0000000;31909.0000000;31866.0000000;31868.0000000;10
SPFB.MTSI-9.20;60;20200710;170000;31845.0000000;31845.0000000;31645.0000000;31645.0000000;283
SPFB.MTSI-9.20;60;20200710;180000;31650.0000000;31650.0000000;31510.0000000;31510.0000000;139
SPFB.MTSI-9.20;60;20200710;190000;31517.0000000;31807.0000000;31500.0000000;31690.0000000;54
SPFB.MTSI-9.20;60;20200710;200000;31604.0000000;31649.0000000;31597.0000000;31649.0000000;8
SPFB.MTSI-9.20;60;20200710;210000;31677.0000000;31677.0000000;31677.0000000;31677.0000000;3
SPFB.MTSI-9.20;60;20200710;220000;31677.0000000;31715.0000000;31677.0000000;31715.0000000;16
SPFB.MTSI-9.20;60;20200711;000000;31751.0000000;31783.0000000;31699.0000000;31699.0000000;4
SPFB.MTSI-9.20;60;20200713;110000;31800.0000000;32022.0000000;31792.0000000;31860.0000000;221
SPFB.MTSI-9.20;60;20200713;120000;31860.0000000;31965.0000000;31850.0000000;31950.0000000;158
SPFB.MTSI-9.20;60;20200713;130000;31976.0000000;32006.0000000;31925.0000000;31976.0000000;133
SPFB.MTSI-9.20;60;20200713;140000;31955.0000000;31974.0000000;31925.0000000;31974.0000000;81
SPFB.MTSI-9.20;60;20200713;150000;31968.0000000;31978.0000000;31920.0000000;31920.0000000;31
SPFB.MTSI-9.20;60;20200713;160000;31952.0000000;31973.0000000;31910.0000000;31910.0000000;162
SPFB.MTSI-9.20;60;20200713;170000;31873.0000000;31923.0000000;31873.0000000;31923.0000000;10
SPFB.MTSI-9.20;60;20200713;180000;31874.0000000;31928.0000000;31859.0000000;31859.0000000;22
SPFB.MTSI-9.20;60;20200713;190000;31864.0000000;31925.0000000;31864.0000000;31900.0000000;7
SPFB.MTSI-9.20;60;20200713;220000;32054.0000000;32054.0000000;32054.0000000;32054.0000000;1
SPFB.MTSI-9.20;60;20200713;230000;31801.0000000;31802.0000000;31801.0000000;31802.0000000;20
SPFB.MTSI-9.20;60;20200714;000000;31874.0000000;31874.0000000;31860.0000000;31860.0000000;2
SPFB.MTSI-9.20;60;20200714;110000;31850.0000000;31850.0000000;31460.0000000;31719.0000000;69
SPFB.MTSI-9.20;60;20200714;120000;31665.0000000;31682.0000000;31646.0000000;31646.0000000;48
SPFB.MTSI-9.20;60;20200714;130000;31637.0000000;31655.0000000;31548.0000000;31655.0000000;22
SPFB.MTSI-9.20;60;20200714;140000;31599.0000000;31599.0000000;31589.0000000;31589.0000000;2
SPFB.MTSI-9.20;60;20200714;160000;31709.0000000;31709.0000000;31501.0000000;31590.0000000;26
SPFB.MTSI-9.20;60;20200714;170000;31591.0000000;31720.0000000;31542.0000000;31692.0000000;16
SPFB.MTSI-9.20;60;20200714;180000;31653.0000000;31928.0000000;31650.0000000;31824.0000000;47
SPFB.MTSI-9.20;60;20200714;190000;31824.0000000;31824.0000000;31790.0000000;31795.0000000;14
SPFB.MTSI-9.20;60;20200714;210000;31725.0000000;31800.0000000;31725.0000000;31800.0000000;5
SPFB.MTSI-9.20;60;20200714;230000;31825.0000000;31840.0000000;31825.0000000;31840.0000000;9
SPFB.MTSI-9.20;60;20200715;000000;31840.0000000;31900.0000000;31803.0000000;31899.0000000;8
SPFB.MTSI-9.20;60;20200715;110000;31799.0000000;32036.0000000;31760.0000000;31998.0000000;82
SPFB.MTSI-9.20;60;20200715;120000;32017.0000000;32017.0000000;31964.0000000;31966.0000000;4
SPFB.MTSI-9.20;60;20200715;130000;31960.0000000;31960.0000000;31904.0000000;31960.0000000;20
SPFB.MTSI-9.20;60;20200715;140000;31961.0000000;31999.0000000;31951.0000000;31951.0000000;32
SPFB.MTSI-9.20;60;20200715;150000;31979.0000000;31979.0000000;31979.0000000;31979.0000000;1
SPFB.MTSI-9.20;60;20200715;160000;31962.0000000;31993.0000000;31951.0000000;31972.0000000;7
SPFB.MTSI-9.20;60;20200715;170000;31958.0000000;32000.0000000;31951.0000000;31951.0000000;42
SPFB.MTSI-9.20;60;20200715;180000;31900.0000000;32099.0000000;31860.0000000;32099.0000000;60
SPFB.MTSI-9.20;60;20200715;190000;32096.0000000;32096.0000000;32052.0000000;32090.0000000;12
SPFB.MTSI-9.20;60;20200715;200000;32089.0000000;32089.0000000;32089.0000000;32089.0000000;1
SPFB.MTSI-9.20;60;20200715;210000;32023.0000000;32089.0000000;32023.0000000;32082.0000000;9
SPFB.MTSI-9.20;60;20200715;220000;32090.0000000;32095.0000000;32082.0000000;32082.0000000;10
SPFB.MTSI-9.20;60;20200715;230000;32081.0000000;32082.0000000;32081.0000000;32082.0000000;2
SPFB.MTSI-9.20;60;20200716;000000;32065.0000000;32082.0000000;32053.0000000;32082.0000000;30
SPFB.MTSI-9.20;60;20200716;110000;32012.0000000;32076.0000000;31926.0000000;31975.0000000;52
SPFB.MTSI-9.20;60;20200716;120000;32020.0000000;32029.0000000;32008.0000000;32024.0000000;36
SPFB.MTSI-9.20;60;20200716;130000;31999.0000000;32075.0000000;31999.0000000;32075.0000000;18
SPFB.MTSI-9.20;60;20200716;140000;32075.0000000;32130.0000000;32075.0000000;32090.0000000;88
SPFB.MTSI-9.20;60;20200716;150000;32150.0000000;32150.0000000;32090.0000000;32100.0000000;31
SPFB.MTSI-9.20;60;20200716;160000;32105.0000000;32107.0000000;32105.0000000;32106.0000000;14
SPFB.MTSI-9.20;60;20200716;170000;32075.0000000;32270.0000000;32075.0000000;32241.0000000;194
SPFB.MTSI-9.20;60;20200716;180000;32212.0000000;32310.0000000;32198.0000000;32310.0000000;58
SPFB.MTSI-9.20;60;20200716;190000;32149.0000000;32197.0000000;32149.0000000;32149.0000000;13
SPFB.MTSI-9.20;60;20200716;200000;32100.0000000;32126.0000000;32080.0000000;32126.0000000;23
SPFB.MTSI-9.20;60;20200716;220000;32181.0000000;32181.0000000;32156.0000000;32165.0000000;16
SPFB.MTSI-9.20;60;20200716;230000;32180.0000000;32251.0000000;32180.0000000;32245.0000000;24
SPFB.MTSI-9.20;60;20200717;000000;32259.0000000;32260.0000000;32259.0000000;32260.0000000;3
SPFB.MTSI-9.20;60;20200717;110000;32336.0000000;32336.0000000;32175.0000000;32175.0000000;50
SPFB.MTSI-9.20;60;20200717;120000;32300.0000000;32320.0000000;32300.0000000;32320.0000000;3
SPFB.MTSI-9.20;60;20200717;130000;32303.0000000;32319.0000000;32303.0000000;32317.0000000;3
SPFB.MTSI-9.20;60;20200717;140000;32276.0000000;32276.0000000;32276.0000000;32276.0000000;2
SPFB.MTSI-9.20;60;20200717;150000;32183.0000000;32214.0000000;32183.0000000;32214.0000000;2
SPFB.MTSI-9.20;60;20200717;160000;32198.0000000;32266.0000000;32189.0000000;32266.0000000;14
SPFB.MTSI-9.20;60;20200717;170000;32230.0000000;32230.0000000;32220.0000000;32220.0000000;6
SPFB.MTSI-9.20;60;20200717;180000;32220.0000000;32260.0000000;32200.0000000;32260.0000000;17
SPFB.MTSI-9.20;60;20200717;190000;32314.0000000;32331.0000000;32245.0000000;32256.0000000;12
SPFB.MTSI-9.20;60;20200717;200000;32337.0000000;32347.0000000;32337.0000000;32347.0000000;3
SPFB.MTSI-9.20;60;20200717;230000;32347.0000000;32347.0000000;32347.0000000;32347.0000000;1
SPFB.MTSI-9.20;60;20200718;000000;32240.0000000;32240.0000000;32240.0000000;32240.0000000;2
SPFB.MTSI-9.20;60;20200720;110000;32212.0000000;32216.0000000;32151.0000000;32167.0000000;16
SPFB.MTSI-9.20;60;20200720;120000;32292.0000000;32347.0000000;32292.0000000;32347.0000000;3
SPFB.MTSI-9.20;60;20200720;140000;32335.0000000;32345.0000000;32311.0000000;32345.0000000;14
SPFB.MTSI-9.20;60;20200720;150000;32400.0000000;32407.0000000;32360.0000000;32393.0000000;19
SPFB.MTSI-9.20;60;20200720;160000;32404.0000000;32404.0000000;32395.0000000;32395.0000000;7
SPFB.MTSI-9.20;60;20200720;170000;32420.0000000;32420.0000000;32326.0000000;32334.0000000;28
SPFB.MTSI-9.20;60;20200720;180000;32334.0000000;32399.0000000;32334.0000000;32341.0000000;11
SPFB.MTSI-9.20;60;20200720;190000;32347.0000000;32400.0000000;32347.0000000;32370.0000000;6
SPFB.MTSI-9.20;60;20200720;200000;32306.0000000;32306.0000000;32306.0000000;32306.0000000;4
SPFB.MTSI-9.20;60;20200720;230000;32424.0000000;32487.0000000;32424.0000000;32487.0000000;4
SPFB.MTSI-9.20;60;20200721;000000;32477.0000000;32570.0000000;32477.0000000;32486.0000000;18
SPFB.MTSI-9.20;60;20200721;110000;32491.0000000;32600.0000000;32480.0000000;32549.0000000;118
SPFB.MTSI-9.20;60;20200721;120000;32552.0000000;32552.0000000;32500.0000000;32500.0000000;60
SPFB.MTSI-9.20;60;20200721;130000;32520.0000000;32625.0000000;32520.0000000;32615.0000000;67
SPFB.MTSI-9.20;60;20200721;140000;32571.0000000;32571.0000000;32571.0000000;32571.0000000;1
SPFB.MTSI-9.20;60;20200721;150000;32675.0000000;32724.0000000;32629.0000000;32690.0000000;27
SPFB.MTSI-9.20;60;20200721;160000;32644.0000000;32644.0000000;32612.0000000;32612.0000000;11
SPFB.MTSI-9.20;60;20200721;170000;32600.0000000;32673.0000000;32600.0000000;32673.0000000;2
SPFB.MTSI-9.20;60;20200721;180000;32673.0000000;32679.0000000;32453.0000000;32453.0000000;33
SPFB.MTSI-9.20;60;20200721;190000;32453.0000000;32524.0000000;32400.0000000;32400.0000000;40
SPFB.MTSI-9.20;60;20200721;200000;32524.0000000;32524.0000000;32350.0000000;32350.0000000;2
SPFB.MTSI-9.20;60;20200721;210000;32350.0000000;32365.0000000;32350.0000000;32365.0000000;7
SPFB.MTSI-9.20;60;20200721;220000;32443.0000000;32443.0000000;32356.0000000;32356.0000000;6
SPFB.MTSI-9.20;60;20200721;230000;32377.0000000;32377.0000000;32377.0000000;32377.0000000;1
SPFB.MTSI-9.20;60;20200722;000000;32404.0000000;32404.0000000;32401.0000000;32401.0000000;9
SPFB.MTSI-9.20;60;20200722;110000;32457.0000000;32550.0000000;32448.0000000;32450.0000000;27
SPFB.MTSI-9.20;60;20200722;120000;32455.0000000;32457.0000000;32407.0000000;32407.0000000;5
SPFB.MTSI-9.20;60;20200722;130000;32447.0000000;32447.0000000;32447.0000000;32447.0000000;5
SPFB.MTSI-9.20;60;20200722;140000;32438.0000000;32501.0000000;32438.0000000;32501.0000000;18
SPFB.MTSI-9.20;60;20200722;150000;32507.0000000;32530.0000000;32482.0000000;32482.0000000;6
SPFB.MTSI-9.20;60;20200722;160000;32481.0000000;32481.0000000;32433.0000000;32433.0000000;6
SPFB.MTSI-9.20;60;20200722;170000;32445.0000000;32480.0000000;32424.0000000;32424.0000000;14
SPFB.MTSI-9.20;60;20200722;180000;32491.0000000;32500.0000000;32491.0000000;32495.0000000;11
SPFB.MTSI-9.20;60;20200722;190000;32500.0000000;32557.0000000;32488.0000000;32546.0000000;24
SPFB.MTSI-9.20;60;20200722;210000;32486.0000000;32486.0000000;32424.0000000;32424.0000000;10
SPFB.MTSI-9.20;60;20200723;110000;32597.0000000;32600.0000000;32480.0000000;32600.0000000;67
SPFB.MTSI-9.20;60;20200723;120000;32590.0000000;32620.0000000;32590.0000000;32591.0000000;7
SPFB.MTSI-9.20;60;20200723;130000;32640.0000000;32640.0000000;32613.0000000;32613.0000000;2
SPFB.MTSI-9.20;60;20200723;140000;32627.0000000;32637.0000000;32589.0000000;32589.0000000;13
SPFB.MTSI-9.20;60;20200723;150000;32550.0000000;32550.0000000;32540.0000000;32540.0000000;2
SPFB.MTSI-9.20;60;20200723;160000;32596.0000000;32600.0000000;32535.0000000;32535.0000000;9
SPFB.MTSI-9.20;60;20200723;170000;32535.0000000;32547.0000000;32491.0000000;32491.0000000;37
SPFB.MTSI-9.20;60;20200723;180000;32514.0000000;32514.0000000;32447.0000000;32447.0000000;27
SPFB.MTSI-9.20;60;20200723;190000;32430.0000000;32497.0000000;32430.0000000;32452.0000000;47
SPFB.MTSI-9.20;60;20200723;200000;32571.0000000;32571.0000000;32571.0000000;32571.0000000;1
SPFB.MTSI-9.20;60;20200723;220000;32345.0000000;32345.0000000;32335.0000000;32340.0000000;3
SPFB.MTSI-9.20;60;20200723;230000;32364.0000000;32364.0000000;32364.0000000;32364.0000000;5
SPFB.MTSI-9.20;60;20200724;110000;32302.0000000;32409.0000000;32301.0000000;32389.0000000;89
SPFB.MTSI-9.20;60;20200724;130000;32435.0000000;32438.0000000;32435.0000000;32438.0000000;2
SPFB.MTSI-9.20;60;20200724;140000;32460.0000000;32468.0000000;32409.0000000;32409.0000000;10
SPFB.MTSI-9.20;60;20200724;150000;32438.0000000;32438.0000000;32380.0000000;32380.0000000;9
SPFB.MTSI-9.20;60;20200724;160000;32357.0000000;32357.0000000;32326.0000000;32326.0000000;5
SPFB.MTSI-9.20;60;20200724;170000;32326.0000000;32328.0000000;32194.0000000;32214.0000000;74
SPFB.MTSI-9.20;60;20200724;180000;32288.0000000;32300.0000000;32270.0000000;32270.0000000;10
SPFB.MTSI-9.20;60;20200724;190000;32229.0000000;32229.0000000;32198.0000000;32224.0000000;21
SPFB.MTSI-9.20;60;20200724;200000;32178.0000000;32330.0000000;32178.0000000;32330.0000000;32
SPFB.MTSI-9.20;60;20200724;210000;32250.0000000;32250.0000000;32150.0000000;32150.0000000;59
SPFB.MTSI-9.20;60;20200724;220000;32236.0000000;32246.0000000;32236.0000000;32246.0000000;18
SPFB.MTSI-9.20;60;20200725;000000;32206.0000000;32206.0000000;32206.0000000;32206.0000000;2
SPFB.MTSI-9.20;60;20200727;110000;32245.0000000;32300.0000000;32175.0000000;32191.0000000;334
SPFB.MTSI-9.20;60;20200727;120000;32285.0000000;32400.0000000;32263.0000000;32307.0000000;71
SPFB.MTSI-9.20;60;20200727;130000;32370.0000000;32384.0000000;32355.0000000;32376.0000000;29
SPFB.MTSI-9.20;60;20200727;150000;32357.0000000;32400.0000000;32357.0000000;32400.0000000;115
SPFB.MTSI-9.20;60;20200727;160000;32420.0000000;32458.0000000;32392.0000000;32421.0000000;56
SPFB.MTSI-9.20;60;20200727;170000;32400.0000000;32450.0000000;32370.0000000;32370.0000000;34
SPFB.MTSI-9.20;60;20200727;180000;32350.0000000;32350.0000000;32259.0000000;32260.0000000;34
SPFB.MTSI-9.20;60;20200727;190000;32245.0000000;32259.0000000;32191.0000000;32191.0000000;121
SPFB.MTSI-9.20;60;20200727;220000;32330.0000000;32390.0000000;32282.0000000;32282.0000000;7
SPFB.MTSI-9.20;60;20200727;230000;32400.0000000;32400.0000000;32343.0000000;32343.0000000;77
SPFB.MTSI-9.20;60;20200728;000000;32384.0000000;32390.0000000;32384.0000000;32390.0000000;4
SPFB.MTSI-9.20;60;20200728;110000;32439.0000000;32525.0000000;32370.0000000;32525.0000000;167
SPFB.MTSI-9.20;60;20200728;120000;32500.0000000;32505.0000000;32450.0000000;32500.0000000;61
SPFB.MTSI-9.20;60;20200728;130000;32514.0000000;32514.0000000;32455.0000000;32455.0000000;5
SPFB.MTSI-9.20;60;20200728;140000;32490.0000000;32580.0000000;32490.0000000;32577.0000000;51
SPFB.MTSI-9.20;60;20200728;150000;32580.0000000;32771.0000000;32551.0000000;32600.0000000;225
SPFB.MTSI-9.20;60;20200728;160000;32575.0000000;32595.0000000;32466.0000000;32511.0000000;144
SPFB.MTSI-9.20;60;20200728;170000;32511.0000000;32621.0000000;32511.0000000;32620.0000000;53
SPFB.MTSI-9.20;60;20200728;180000;32620.0000000;32675.0000000;32550.0000000;32550.0000000;50
SPFB.MTSI-9.20;60;20200728;190000;32549.0000000;32577.0000000;32525.0000000;32577.0000000;32
SPFB.MTSI-9.20;60;20200728;200000;32654.0000000;32700.0000000;32654.0000000;32700.0000000;23
SPFB.MTSI-9.20;60;20200728;210000;32685.0000000;32750.0000000;32580.0000000;32750.0000000;14
SPFB.MTSI-9.20;60;20200728;220000;32758.0000000;32758.0000000;32758.0000000;32758.0000000;2
SPFB.MTSI-9.20;60;20200728;230000;32721.0000000;32721.0000000;32721.0000000;32721.0000000;1
SPFB.MTSI-9.20;60;20200729;000000;32758.0000000;32800.0000000;32702.0000000;32785.0000000;20
SPFB.MTSI-9.20;60;20200729;110000;32696.0000000;32993.0000000;32651.0000000;32926.0000000;177
SPFB.MTSI-9.20;60;20200729;120000;32910.0000000;33071.0000000;32900.0000000;33000.0000000;355
SPFB.MTSI-9.20;60;20200729;130000;32900.0000000;32961.0000000;32896.0000000;32950.0000000;18
SPFB.MTSI-9.20;60;20200729;140000;32969.0000000;33000.0000000;32969.0000000;32973.0000000;5
SPFB.MTSI-9.20;60;20200729;150000;33020.0000000;33050.0000000;33020.0000000;33050.0000000;24
SPFB.MTSI-9.20;60;20200729;160000;33017.0000000;33017.0000000;32950.0000000;32977.0000000;45
SPFB.MTSI-9.20;60;20200729;170000;32955.0000000;32955.0000000;32879.0000000;32879.0000000;37
SPFB.MTSI-9.20;60;20200729;180000;32960.0000000;33000.0000000;32960.0000000;32999.0000000;5
SPFB.MTSI-9.20;60;20200729;190000;32970.0000000;33035.0000000;32970.0000000;33032.0000000;27
SPFB.MTSI-9.20;60;20200729;200000;33029.0000000;33030.0000000;33029.0000000;33030.0000000;10
SPFB.MTSI-9.20;60;20200729;210000;33027.0000000;33027.0000000;33003.0000000;33003.0000000;3
SPFB.MTSI-9.20;60;20200729;220000;33160.0000000;33195.0000000;33127.0000000;33127.0000000;38
SPFB.MTSI-9.20;60;20200729;230000;33077.0000000;33097.0000000;33075.0000000;33097.0000000;39
SPFB.MTSI-9.20;60;20200730;000000;33097.0000000;33100.0000000;33097.0000000;33100.0000000;37
SPFB.MTSI-9.20;60;20200730;110000;33030.0000000;33030.0000000;32882.0000000;32959.0000000;56
SPFB.MTSI-9.20;60;20200730;120000;32955.0000000;32970.0000000;32925.0000000;32956.0000000;52
SPFB.MTSI-9.20;60;20200730;130000;32933.0000000;32933.0000000;32841.0000000;32860.0000000;76
SPFB.MTSI-9.20;60;20200730;150000;32860.0000000;32860.0000000;32819.0000000;32836.0000000;16
SPFB.MTSI-9.20;60;20200730;160000;32859.0000000;32905.0000000;32859.0000000;32860.0000000;19
SPFB.MTSI-9.20;60;20200730;170000;32854.0000000;32854.0000000;32582.0000000;32651.0000000;204
SPFB.MTSI-9.20;60;20200730;180000;32650.0000000;32726.0000000;32625.0000000;32703.0000000;74
SPFB.MTSI-9.20;60;20200730;190000;32641.0000000;32660.0000000;32500.0000000;32566.0000000;45
SPFB.MTSI-9.20;60;20200730;200000;32610.0000000;32610.0000000;32610.0000000;32610.0000000;3
SPFB.MTSI-9.20;60;20200730;210000;32610.0000000;32610.0000000;32610.0000000;32610.0000000;1
SPFB.MTSI-9.20;60;20200730;220000;32659.0000000;32689.0000000;32650.0000000;32689.0000000;4
SPFB.MTSI-9.20;60;20200730;230000;32679.0000000;32679.0000000;32679.0000000;32679.0000000;1
SPFB.MTSI-9.20;60;20200731;000000;32600.0000000;32600.0000000;32581.0000000;32581.0000000;4
SPFB.MTSI-9.20;60;20200731;110000;32649.0000000;32832.0000000;32649.0000000;32780.0000000;48
SPFB.MTSI-9.20;60;20200731;120000;32788.0000000;32868.0000000;32788.0000000;32820.0000000;31
SPFB.MTSI-9.20;60;20200731;130000;32821.0000000;32821.0000000;32739.0000000;32739.0000000;12
SPFB.MTSI-9.20;60;20200731;140000;32741.0000000;32770.0000000;32738.0000000;32770.0000000;19
SPFB.MTSI-9.20;60;20200731;150000;32869.0000000;32899.0000000;32860.0000000;32899.0000000;154
SPFB.MTSI-9.20;60;20200731;160000;32899.0000000;32949.0000000;32899.0000000;32949.0000000;34
SPFB.MTSI-9.20;60;20200731;170000;32949.0000000;32970.0000000;32927.0000000;32956.0000000;52
SPFB.MTSI-9.20;60;20200731;180000;32950.0000000;32956.0000000;32725.0000000;32816.0000000;47
SPFB.MTSI-9.20;60;20200731;190000;32826.0000000;32840.0000000;32790.0000000;32790.0000000;44
SPFB.MTSI-9.20;60;20200731;200000;33003.0000000;33003.0000000;32729.0000000;32815.0000000;123
SPFB.MTSI-9.20;60;20200731;210000;32855.0000000;32904.0000000;32855.0000000;32904.0000000;22
SPFB.MTSI-9.20;60;20200731;220000;32875.0000000;32875.0000000;32800.0000000;32806.0000000;20
SPFB.MTSI-9.20;60;20200731;230000;32800.0000000;32872.0000000;32775.0000000;32872.0000000;17
SPFB.MTSI-9.20;60;20200801;000000;32910.0000000;32910.0000000;32880.0000000;32890.0000000;80
SPFB.MTSI-9.20;60;20200803;110000;32899.0000000;33300.0000000;32899.0000000;33280.0000000;260
SPFB.MTSI-9.20;60;20200803;120000;33300.0000000;33374.0000000;33270.0000000;33270.0000000;181
SPFB.MTSI-9.20;60;20200803;130000;33293.0000000;33321.0000000;33293.0000000;33295.0000000;9
SPFB.MTSI-9.20;60;20200803;140000;33310.0000000;33492.0000000;33300.0000000;33450.0000000;181
SPFB.MTSI-9.20;60;20200803;150000;33438.0000000;33604.0000000;33438.0000000;33538.0000000;208
SPFB.MTSI-9.20;60;20200803;160000;33538.0000000;33574.0000000;33516.0000000;33550.0000000;20
SPFB.MTSI-9.20;60;20200803;170000;33575.0000000;33579.0000000;33524.0000000;33544.0000000;94
SPFB.MTSI-9.20;60;20200803;180000;33517.0000000;33517.0000000;33404.0000000;33478.0000000;113
SPFB.MTSI-9.20;60;20200803;190000;33533.0000000;33570.0000000;33525.0000000;33539.0000000;51
SPFB.MTSI-9.20;60;20200803;200000;33539.0000000;33539.0000000;33539.0000000;33539.0000000;1
SPFB.MTSI-9.20;60;20200803;210000;33575.0000000;33683.0000000;33575.0000000;33627.0000000;10
SPFB.MTSI-9.20;60;20200803;220000;33630.0000000;33630.0000000;33630.0000000;33630.0000000;3
SPFB.MTSI-9.20;60;20200803;230000;33507.0000000;33507.0000000;33440.0000000;33440.0000000;14
SPFB.MTSI-9.20;60;20200804;000000;33425.0000000;33500.0000000;33425.0000000;33500.0000000;4
SPFB.MTSI-9.20;60;20200804;110000;33486.0000000;33510.0000000;33275.0000000;33510.0000000;430
SPFB.MTSI-9.20;60;20200804;120000;33593.0000000;33629.0000000;33512.0000000;33525.0000000;12
SPFB.MTSI-9.20;60;20200804;130000;33526.0000000;33580.0000000;33526.0000000;33537.0000000;3
SPFB.MTSI-9.20;60;20200804;140000;33539.0000000;33660.0000000;33539.0000000;33660.0000000;49
SPFB.MTSI-9.20;60;20200804;150000;33544.0000000;33577.0000000;33544.0000000;33577.0000000;12
SPFB.MTSI-9.20;60;20200804;160000;33557.0000000;33557.0000000;33510.0000000;33520.0000000;24
SPFB.MTSI-9.20;60;20200804;170000;33564.0000000;33637.0000000;33564.0000000;33637.0000000;34
SPFB.MTSI-9.20;60;20200804;180000;33637.0000000;33651.0000000;33588.0000000;33605.0000000;35
SPFB.MTSI-9.20;60;20200804;190000;33589.0000000;33603.0000000;33453.0000000;33489.0000000;24
SPFB.MTSI-9.20;60;20200804;200000;33406.0000000;33621.0000000;33403.0000000;33614.0000000;25
SPFB.MTSI-9.20;60;20200804;210000;33621.0000000;33649.0000000;33621.0000000;33649.0000000;12
SPFB.MTSI-9.20;60;20200804;220000;33602.0000000;33637.0000000;33591.0000000;33637.0000000;15
SPFB.MTSI-9.20;60;20200804;230000;33607.0000000;33632.0000000;33607.0000000;33632.0000000;11
SPFB.MTSI-9.20;60;20200805;110000;33648.0000000;33778.0000000;33641.0000000;33727.0000000;80
SPFB.MTSI-9.20;60;20200805;120000;33751.0000000;33851.0000000;33751.0000000;33844.0000000;88
SPFB.MTSI-9.20;60;20200805;130000;33819.0000000;33820.0000000;33726.0000000;33800.0000000;37
SPFB.MTSI-9.20;60;20200805;140000;33800.0000000;33800.0000000;33800.0000000;33800.0000000;3
SPFB.MTSI-9.20;60;20200805;150000;33809.0000000;33810.0000000;33751.0000000;33760.0000000;19
SPFB.MTSI-9.20;60;20200805;160000;33750.0000000;33785.0000000;33701.0000000;33701.0000000;81
SPFB.MTSI-9.20;60;20200805;170000;33726.0000000;33749.0000000;33545.0000000;33550.0000000;143
SPFB.MTSI-9.20;60;20200805;180000;33568.0000000;33568.0000000;33475.0000000;33475.0000000;92
SPFB.MTSI-9.20;60;20200805;190000;33520.0000000;33520.0000000;33460.0000000;33460.0000000;14
SPFB.MTSI-9.20;60;20200805;200000;33503.0000000;33523.0000000;33467.0000000;33467.0000000;12
SPFB.MTSI-9.20;60;20200805;210000;33465.0000000;33465.0000000;33405.0000000;33405.0000000;14
SPFB.MTSI-9.20;60;20200805;220000;33553.0000000;33553.0000000;33542.0000000;33542.0000000;6
SPFB.MTSI-9.20;60;20200805;230000;33558.0000000;33558.0000000;33480.0000000;33480.0000000;10
SPFB.MTSI-9.20;60;20200806;000000;33528.0000000;33528.0000000;33454.0000000;33465.0000000;5
SPFB.MTSI-9.20;60;20200806;110000;33589.0000000;33807.0000000;33468.0000000;33468.0000000;9
SPFB.MTSI-9.20;60;20200806;120000;33501.0000000;33511.0000000;33275.0000000;33335.0000000;211
SPFB.MTSI-9.20;60;20200806;130000;33408.0000000;33410.0000000;33371.0000000;33401.0000000;13
SPFB.MTSI-9.20;60;20200806;140000;33392.0000000;33412.0000000;33358.0000000;33386.0000000;30
SPFB.MTSI-9.20;60;20200806;150000;33365.0000000;33392.0000000;33330.0000000;33330.0000000;108
SPFB.MTSI-9.20;60;20200806;160000;33302.0000000;33374.0000000;33288.0000000;33370.0000000;40
SPFB.MTSI-9.20;60;20200806;170000;33350.0000000;33350.0000000;33112.0000000;33207.0000000;127
SPFB.MTSI-9.20;60;20200806;180000;33150.0000000;33183.0000000;33115.0000000;33146.0000000;85
SPFB.MTSI-9.20;60;20200806;190000;33201.0000000;33201.0000000;33145.0000000;33149.0000000;9
SPFB.MTSI-9.20;60;20200806;220000;33266.0000000;33330.0000000;33209.0000000;33330.0000000;14
SPFB.MTSI-9.20;60;20200807;000000;33285.0000000;33373.0000000;33285.0000000;33373.0000000;12
SPFB.MTSI-9.20;60;20200807;110000;33289.0000000;33450.0000000;33259.0000000;33420.0000000;145
SPFB.MTSI-9.20;60;20200807;120000;33408.0000000;33450.0000000;33308.0000000;33403.0000000;131
SPFB.MTSI-9.20;60;20200807;130000;33331.0000000;33371.0000000;33242.0000000;33371.0000000;57
SPFB.MTSI-9.20;60;20200807;140000;33344.0000000;33344.0000000;33200.0000000;33200.0000000;29
SPFB.MTSI-9.20;60;20200807;150000;33350.0000000;33350.0000000;33323.0000000;33323.0000000;2
SPFB.MTSI-9.20;60;20200807;160000;33260.0000000;33286.0000000;33250.0000000;33252.0000000;9
SPFB.MTSI-9.20;60;20200807;170000;33267.0000000;33267.0000000;33116.0000000;33116.0000000;140
SPFB.MTSI-9.20;60;20200807;180000;33116.0000000;33205.0000000;33099.0000000;33154.0000000;21
SPFB.MTSI-9.20;60;20200807;190000;33152.0000000;33172.0000000;33110.0000000;33172.0000000;98
SPFB.MTSI-9.20;60;20200807;210000;33178.0000000;33198.0000000;33120.0000000;33120.0000000;9
SPFB.MTSI-9.20;60;20200807;220000;33095.0000000;33095.0000000;33008.0000000;33014.0000000;26
SPFB.MTSI-9.20;60;20200808;000000;33119.0000000;33119.0000000;33051.0000000;33051.0000000;2
SPFB.MTSI-9.20;60;20200810;110000;33052.0000000;33300.0000000;33050.0000000;33243.0000000;58
SPFB.MTSI-9.20;60;20200810;120000;33230.0000000;33248.0000000;33150.0000000;33172.0000000;14
SPFB.MTSI-9.20;60;20200810;130000;33220.0000000;33220.0000000;33200.0000000;33200.0000000;3
SPFB.MTSI-9.20;60;20200810;140000;33140.0000000;33140.0000000;32529.0000000;33050.0000000;165
SPFB.MTSI-9.20;60;20200810;150000;33025.0000000;33032.0000000;33000.0000000;33000.0000000;7
SPFB.MTSI-9.20;60;20200810;160000;32990.0000000;33037.0000000;32968.0000000;33033.0000000;11
SPFB.MTSI-9.20;60;20200810;170000;32961.0000000;32984.0000000;32866.0000000;32984.0000000;35
SPFB.MTSI-9.20;60;20200810;180000;32984.0000000;33018.0000000;32911.0000000;32911.0000000;11
SPFB.MTSI-9.20;60;20200810;190000;32951.0000000;32960.0000000;32895.0000000;32898.0000000;19
SPFB.MTSI-9.20;60;20200810;200000;32837.0000000;32959.0000000;32837.0000000;32959.0000000;10
SPFB.MTSI-9.20;60;20200810;210000;32958.0000000;32958.0000000;32958.0000000;32958.0000000;5
SPFB.MTSI-9.20;60;20200810;220000;32912.0000000;33048.0000000;32912.0000000;33048.0000000;19
SPFB.MTSI-9.20;60;20200810;230000;33027.0000000;33076.0000000;33026.0000000;33076.0000000;3
SPFB.MTSI-9.20;60;20200811;000000;33051.0000000;33160.0000000;32971.0000000;32971.0000000;25
SPFB.MTSI-9.20;60;20200811;110000;33137.0000000;33160.0000000;33059.0000000;33160.0000000;76
SPFB.MTSI-9.20;60;20200811;120000;33084.0000000;33198.0000000;33044.0000000;33177.0000000;100
SPFB.MTSI-9.20;60;20200811;130000;33170.0000000;33170.0000000;33090.0000000;33110.0000000;12
SPFB.MTSI-9.20;60;20200811;140000;33090.0000000;33800.0000000;33077.0000000;33097.0000000;336
SPFB.MTSI-9.20;60;20200811;150000;33108.0000000;33121.0000000;33068.0000000;33121.0000000;26
SPFB.MTSI-9.20;60;20200811;160000;33060.0000000;33132.0000000;33050.0000000;33104.0000000;29
SPFB.MTSI-9.20;60;20200811;170000;33107.0000000;33193.0000000;33000.0000000;33193.0000000;28
SPFB.MTSI-9.20;60;20200811;180000;33067.0000000;33105.0000000;32990.0000000;33105.0000000;32
SPFB.MTSI-9.20;60;20200811;190000;33093.0000000;33214.0000000;33093.0000000;33176.0000000;32
SPFB.MTSI-9.20;60;20200811;200000;33071.0000000;33079.0000000;32400.0000000;33079.0000000;60
SPFB.MTSI-9.20;60;20200811;210000;33079.0000000;33079.0000000;33060.0000000;33079.0000000;14
SPFB.MTSI-9.20;60;20200811;220000;33079.0000000;33079.0000000;33051.0000000;33070.0000000;12
SPFB.MTSI-9.20;60;20200811;230000;33080.0000000;33080.0000000;33001.0000000;33001.0000000;9
SPFB.MTSI-9.20;60;20200812;000000;33010.0000000;33010.0000000;33000.0000000;33000.0000000;15
SPFB.MTSI-9.20;60;20200812;110000;33059.0000000;33264.0000000;33059.0000000;33131.0000000;38
SPFB.MTSI-9.20;60;20200812;120000;33110.0000000;33149.0000000;33088.0000000;33147.0000000;35
SPFB.MTSI-9.20;60;20200812;130000;33145.0000000;33250.0000000;33122.0000000;33250.0000000;58
SPFB.MTSI-9.20;60;20200812;140000;33225.0000000;33225.0000000;33225.0000000;33225.0000000;1
SPFB.MTSI-9.20;60;20200812;150000;33209.0000000;33209.0000000;33110.0000000;33110.0000000;20
SPFB.MTSI-9.20;60;20200812;160000;33227.0000000;33227.0000000;33170.0000000;33196.0000000;4
SPFB.MTSI-9.20;60;20200812;170000;33218.0000000;33336.0000000;33218.0000000;33336.0000000;140
SPFB.MTSI-9.20;60;20200812;180000;33315.0000000;33580.0000000;33315.0000000;33580.0000000;429
SPFB.MTSI-9.20;60;20200812;190000;33496.0000000;33545.0000000;33419.0000000;33545.0000000;13
SPFB.MTSI-9.20;60;20200812;200000;33599.0000000;33800.0000000;33599.0000000;33712.0000000;95
SPFB.MTSI-9.20;60;20200812;210000;33737.0000000;33766.0000000;33493.0000000;33745.0000000;86
SPFB.MTSI-9.20;60;20200812;220000;33760.0000000;33854.0000000;33760.0000000;33799.0000000;63
SPFB.MTSI-9.20;60;20200812;230000;33798.0000000;33844.0000000;33767.0000000;33834.0000000;48
SPFB.MTSI-9.20;60;20200813;000000;33834.0000000;33844.0000000;33830.0000000;33843.0000000;6
SPFB.MTSI-9.20;60;20200813;110000;33777.0000000;33960.0000000;33706.0000000;33941.0000000;132
SPFB.MTSI-9.20;60;20200813;120000;33934.0000000;33999.0000000;33745.0000000;33840.0000000;106
SPFB.MTSI-9.20;60;20200813;130000;33823.0000000;33850.0000000;33780.0000000;33818.0000000;126
SPFB.MTSI-9.20;60;20200813;140000;33850.0000000;33857.0000000;33768.0000000;33768.0000000;56
SPFB.MTSI-9.20;60;20200813;150000;33805.0000000;33820.0000000;33717.0000000;33751.0000000;67
SPFB.MTSI-9.20;60;20200813;160000;33750.0000000;33770.0000000;33733.0000000;33745.0000000;43
SPFB.MTSI-9.20;60;20200813;170000;33798.0000000;34000.0000000;33764.0000000;33922.0000000;128
SPFB.MTSI-9.20;60;20200813;180000;33900.0000000;33982.0000000;33900.0000000;33900.0000000;36
SPFB.MTSI-9.20;60;20200813;190000;33924.0000000;33944.0000000;33924.0000000;33944.0000000;5
SPFB.MTSI-9.20;60;20200813;200000;33985.0000000;34100.0000000;33892.0000000;34021.0000000;54
SPFB.MTSI-9.20;60;20200813;210000;33999.0000000;33999.0000000;33868.0000000;33868.0000000;35
SPFB.MTSI-9.20;60;20200813;220000;33905.0000000;33905.0000000;33868.0000000;33869.0000000;10
SPFB.MTSI-9.20;60;20200813;230000;33868.0000000;33869.0000000;33868.0000000;33869.0000000;2
SPFB.MTSI-9.20;60;20200814;110000;33938.0000000;33938.0000000;33696.0000000;33753.0000000;36
SPFB.MTSI-9.20;60;20200814;120000;33760.0000000;33763.0000000;33704.0000000;33763.0000000;20
SPFB.MTSI-9.20;60;20200814;130000;33800.0000000;33842.0000000;33799.0000000;33832.0000000;13
SPFB.MTSI-9.20;60;20200814;140000;33917.0000000;33956.0000000;33871.0000000;33956.0000000;33
SPFB.MTSI-9.20;60;20200814;150000;33910.0000000;33917.0000000;33910.0000000;33917.0000000;3
SPFB.MTSI-9.20;60;20200814;160000;33928.0000000;33953.0000000;33928.0000000;33953.0000000;3
SPFB.MTSI-9.20;60;20200814;170000;33944.0000000;34199.0000000;33941.0000000;34197.0000000;156
SPFB.MTSI-9.20;60;20200814;180000;34152.0000000;34152.0000000;33997.0000000;34023.0000000;78
SPFB.MTSI-9.20;60;20200814;190000;34030.0000000;34239.0000000;34029.0000000;34122.0000000;100
SPFB.MTSI-9.20;60;20200814;200000;34124.0000000;34124.0000000;34124.0000000;34124.0000000;1
SPFB.MTSI-9.20;60;20200814;210000;34025.0000000;34218.0000000;34025.0000000;34198.0000000;12
SPFB.MTSI-9.20;60;20200814;220000;34177.0000000;34177.0000000;34177.0000000;34177.0000000;1
SPFB.MTSI-9.20;60;20200814;230000;34050.0000000;34133.0000000;34050.0000000;34133.0000000;5
SPFB.MTSI-9.20;60;20200815;000000;34174.0000000;34174.0000000;34174.0000000;34174.0000000;1
SPFB.MTSI-9.20;60;20200817;110000;34152.0000000;34335.0000000;34050.0000000;34335.0000000;186
SPFB.MTSI-9.20;60;20200817;120000;34370.0000000;34419.0000000;34340.0000000;34376.0000000;59
SPFB.MTSI-9.20;60;20200817;130000;34423.0000000;34423.0000000;34344.0000000;34344.0000000;13
SPFB.MTSI-9.20;60;20200817;140000;34341.0000000;34400.0000000;34317.0000000;34317.0000000;8
SPFB.MTSI-9.20;60;20200817;150000;34350.0000000;34375.0000000;34276.0000000;34280.0000000;20
SPFB.MTSI-9.20;60;20200817;160000;34280.0000000;34338.0000000;34231.0000000;34240.0000000;11
SPFB.MTSI-9.20;60;20200817;170000;34245.0000000;34290.0000000;34052.0000000;34290.0000000;70
SPFB.MTSI-9.20;60;20200817;180000;34241.0000000;34399.0000000;34241.0000000;34399.0000000;14
SPFB.MTSI-9.20;60;20200817;190000;34399.0000000;34399.0000000;34234.0000000;34234.0000000;36
SPFB.MTSI-9.20;60;20200817;200000;34355.0000000;34355.0000000;34350.0000000;34350.0000000;21
SPFB.MTSI-9.20;60;20200817;210000;34350.0000000;34364.0000000;34350.0000000;34364.0000000;14
SPFB.MTSI-9.20;60;20200817;220000;34299.0000000;34299.0000000;34299.0000000;34299.0000000;3
SPFB.MTSI-9.20;60;20200817;230000;34297.0000000;34297.0000000;34245.0000000;34245.0000000;8
SPFB.MTSI-9.20;60;20200818;000000;34242.0000000;34242.0000000;34242.0000000;34242.0000000;1
SPFB.MTSI-9.20;60;20200818;110000;34373.0000000;34382.0000000;34194.0000000;34228.0000000;77
SPFB.MTSI-9.20;60;20200818;120000;34230.0000000;34400.0000000;34215.0000000;34330.0000000;41
SPFB.MTSI-9.20;60;20200818;140000;34231.0000000;34231.0000000;34210.0000000;34220.0000000;12
SPFB.MTSI-9.20;60;20200818;150000;34200.0000000;34274.0000000;34173.0000000;34234.0000000;32
SPFB.MTSI-9.20;60;20200818;170000;34293.0000000;34293.0000000;34173.0000000;34248.0000000;32
SPFB.MTSI-9.20;60;20200818;180000;34251.0000000;34295.0000000;34185.0000000;34244.0000000;16
SPFB.MTSI-9.20;60;20200818;190000;34241.0000000;34241.0000000;34160.0000000;34190.0000000;13
SPFB.MTSI-9.20;60;20200818;200000;34136.0000000;34193.0000000;34136.0000000;34193.0000000;4
SPFB.MTSI-9.20;60;20200818;210000;34147.0000000;34147.0000000;34147.0000000;34147.0000000;1
SPFB.MTSI-9.20;60;20200819;000000;34203.0000000;34203.0000000;34198.0000000;34198.0000000;2
SPFB.MTSI-9.20;60;20200819;110000;34227.0000000;34345.0000000;34139.0000000;34345.0000000;66
SPFB.MTSI-9.20;60;20200819;120000;34262.0000000;34262.0000000;34227.0000000;34232.0000000;9
SPFB.MTSI-9.20;60;20200819;130000;34232.0000000;34274.0000000;34232.0000000;34274.0000000;7
SPFB.MTSI-9.20;60;20200819;140000;34280.0000000;34461.0000000;34280.0000000;34382.0000000;32
SPFB.MTSI-9.20;60;20200819;150000;34400.0000000;34420.0000000;34400.0000000;34420.0000000;6
SPFB.MTSI-9.20;60;20200819;160000;34420.0000000;34671.0000000;34420.0000000;34590.0000000;71
SPFB.MTSI-9.20;60;20200819;170000;34590.0000000;34590.0000000;34270.0000000;34270.0000000;39
SPFB.MTSI-9.20;60;20200819;180000;34272.0000000;34400.0000000;34232.0000000;34345.0000000;59
SPFB.MTSI-9.20;60;20200819;190000;34340.0000000;34350.0000000;34255.0000000;34323.0000000;34
SPFB.MTSI-9.20;60;20200819;200000;34360.0000000;34360.0000000;34360.0000000;34360.0000000;2
SPFB.MTSI-9.20;60;20200819;220000;34327.0000000;34384.0000000;34327.0000000;34327.0000000;3
SPFB.MTSI-9.20;60;20200819;230000;34259.0000000;34259.0000000;34240.0000000;34240.0000000;2
SPFB.MTSI-9.20;60;20200820;110000;34100.0000000;34187.0000000;33955.0000000;34113.0000000;139
SPFB.MTSI-9.20;60;20200820;120000;34132.0000000;34132.0000000;33908.0000000;34087.0000000;123
SPFB.MTSI-9.20;60;20200820;130000;34076.0000000;34076.0000000;34030.0000000;34030.0000000;3
SPFB.MTSI-9.20;60;20200820;140000;34060.0000000;34129.0000000;34060.0000000;34129.0000000;4
SPFB.MTSI-9.20;60;20200820;150000;34156.0000000;34156.0000000;34093.0000000;34093.0000000;4
SPFB.MTSI-9.20;60;20200820;160000;34130.0000000;34297.0000000;34130.0000000;34277.0000000;241
SPFB.MTSI-9.20;60;20200820;170000;34285.0000000;34354.0000000;34164.0000000;34220.0000000;134
SPFB.MTSI-9.20;60;20200820;180000;34170.0000000;34449.0000000;34165.0000000;34388.0000000;87
SPFB.MTSI-9.20;60;20200820;190000;34402.0000000;34402.0000000;34182.0000000;34215.0000000;97
SPFB.MTSI-9.20;60;20200820;200000;34250.0000000;34325.0000000;34245.0000000;34302.0000000;32
SPFB.MTSI-9.20;60;20200820;210000;34238.0000000;34238.0000000;34223.0000000;34223.0000000;2
SPFB.MTSI-9.20;60;20200820;220000;34223.0000000;34223.0000000;34223.0000000;34223.0000000;4
SPFB.MTSI-9.20;60;20200820;230000;34160.0000000;34200.0000000;34160.0000000;34200.0000000;5
SPFB.MTSI-9.20;60;20200821;110000;34194.0000000;34276.0000000;34194.0000000;34264.0000000;32
SPFB.MTSI-9.20;60;20200821;120000;34255.0000000;34255.0000000;34113.0000000;34161.0000000;12
SPFB.MTSI-9.20;60;20200821;130000;34140.0000000;34140.0000000;34120.0000000;34120.0000000;4
SPFB.MTSI-9.20;60;20200821;140000;34099.0000000;34099.0000000;34000.0000000;34010.0000000;35
SPFB.MTSI-9.20;60;20200821;150000;34016.0000000;34042.0000000;33907.0000000;33907.0000000;157
SPFB.MTSI-9.20;60;20200821;160000;33898.0000000;33934.0000000;33788.0000000;33826.0000000;72
SPFB.MTSI-9.20;60;20200821;170000;33785.0000000;34100.0000000;33785.0000000;34063.0000000;120
SPFB.MTSI-9.20;60;20200821;180000;34067.0000000;34087.0000000;33959.0000000;34047.0000000;40
SPFB.MTSI-9.20;60;20200821;190000;34056.0000000;34068.0000000;34013.0000000;34049.0000000;17
SPFB.MTSI-9.20;60;20200821;200000;34122.0000000;34170.0000000;34113.0000000;34165.0000000;16
SPFB.MTSI-9.20;60;20200821;210000;34170.0000000;34180.0000000;34160.0000000;34180.0000000;16
SPFB.MTSI-9.20;60;20200821;220000;34195.0000000;34254.0000000;34190.0000000;34254.0000000;110
SPFB.MTSI-9.20;60;20200821;230000;34146.0000000;34146.0000000;34146.0000000;34146.0000000;1
SPFB.MTSI-9.20;60;20200822;000000;34199.0000000;34200.0000000;34199.0000000;34200.0000000;5
SPFB.MTSI-9.20;60;20200824;110000;34237.0000000;34299.0000000;34193.0000000;34260.0000000;288
SPFB.MTSI-9.20;60;20200824;120000;34236.0000000;34294.0000000;34208.0000000;34294.0000000;57
SPFB.MTSI-9.20;60;20200824;130000;34315.0000000;34351.0000000;34315.0000000;34351.0000000;5
SPFB.MTSI-9.20;60;20200824;140000;34350.0000000;34361.0000000;34335.0000000;34335.0000000;36
SPFB.MTSI-9.20;60;20200824;150000;34390.0000000;34395.0000000;34335.0000000;34345.0000000;26
SPFB.MTSI-9.20;60;20200824;160000;34310.0000000;34379.0000000;33310.0000000;34370.0000000;179
SPFB.MTSI-9.20;60;20200824;170000;34379.0000000;34550.0000000;34379.0000000;34550.0000000;118
SPFB.MTSI-9.20;60;20200824;180000;34500.0000000;34599.0000000;34437.0000000;34500.0000000;158
SPFB.MTSI-9.20;60;20200824;190000;34511.0000000;34700.0000000;34506.0000000;34506.0000000;44
SPFB.MTSI-9.20;60;20200824;200000;34406.0000000;34514.0000000;34371.0000000;34371.0000000;15
SPFB.MTSI-9.20;60;20200825;110000;34585.0000000;34697.0000000;34464.0000000;34464.0000000;56
SPFB.MTSI-9.20;60;20200825;120000;34453.0000000;34479.0000000;34376.0000000;34379.0000000;11
SPFB.MTSI-9.20;60;20200825;130000;34442.0000000;34504.0000000;34442.0000000;34504.0000000;2
SPFB.MTSI-9.20;60;20200825;140000;34504.0000000;34504.0000000;34405.0000000;34440.0000000;48
SPFB.MTSI-9.20;60;20200825;150000;34498.0000000;34498.0000000;34448.0000000;34448.0000000;2
SPFB.MTSI-9.20;60;20200825;170000;34422.0000000;34465.0000000;34353.0000000;34465.0000000;71
SPFB.MTSI-9.20;60;20200825;180000;34488.0000000;34510.0000000;34400.0000000;34400.0000000;95
SPFB.MTSI-9.20;60;20200825;190000;34491.0000000;34491.0000000;34375.0000000;34375.0000000;22
SPFB.MTSI-9.20;60;20200825;200000;34462.0000000;34468.0000000;34434.0000000;34468.0000000;19
SPFB.MTSI-9.20;60;20200826;110000;34480.0000000;34607.0000000;34451.0000000;34600.0000000;68
SPFB.MTSI-9.20;60;20200826;120000;34554.0000000;34554.0000000;34481.0000000;34481.0000000;3
SPFB.MTSI-9.20;60;20200826;130000;34500.0000000;34500.0000000;34421.0000000;34421.0000000;10
SPFB.MTSI-9.20;60;20200826;140000;34424.0000000;34424.0000000;34259.0000000;34318.0000000;71
SPFB.MTSI-9.20;60;20200826;150000;34397.0000000;34458.0000000;34344.0000000;34392.0000000;17
SPFB.MTSI-9.20;60;20200826;160000;34380.0000000;34380.0000000;34380.0000000;34380.0000000;1
SPFB.MTSI-9.20;60;20200826;170000;34390.0000000;34503.0000000;34259.0000000;34503.0000000;29
SPFB.MTSI-9.20;60;20200826;180000;34525.0000000;34751.0000000;34469.0000000;34617.0000000;202
SPFB.MTSI-9.20;60;20200826;190000;34590.0000000;34590.0000000;34517.0000000;34517.0000000;5
SPFB.MTSI-9.20;60;20200826;200000;34626.0000000;34626.0000000;34406.0000000;34406.0000000;24
SPFB.MTSI-9.20;60;20200826;220000;34629.0000000;34630.0000000;34629.0000000;34630.0000000;7
SPFB.MTSI-9.20;60;20200826;230000;34650.0000000;34700.0000000;34626.0000000;34700.0000000;17
SPFB.MTSI-9.20;60;20200827;110000;34757.0000000;34850.0000000;34671.0000000;34790.0000000;120
SPFB.MTSI-9.20;60;20200827;120000;34850.0000000;34986.0000000;34850.0000000;34880.0000000;56
SPFB.MTSI-9.20;60;20200827;130000;34924.0000000;34953.0000000;34854.0000000;34953.0000000;5
SPFB.MTSI-9.20;60;20200827;140000;34938.0000000;34946.0000000;34827.0000000;34827.0000000;15
SPFB.MTSI-9.20;60;20200827;150000;34908.0000000;34920.0000000;34905.0000000;34905.0000000;12
SPFB.MTSI-9.20;60;20200827;160000;34757.0000000;34770.0000000;34700.0000000;34700.0000000;27
SPFB.MTSI-9.20;60;20200827;170000;34843.0000000;34981.0000000;34799.0000000;34845.0000000;40
SPFB.MTSI-9.20;60;20200827;180000;34865.0000000;34865.0000000;34781.0000000;34792.0000000;12
SPFB.MTSI-9.20;60;20200827;190000;34810.0000000;34850.0000000;34810.0000000;34816.0000000;28
SPFB.MTSI-9.20;60;20200827;210000;34889.0000000;34989.0000000;34882.0000000;34882.0000000;11
SPFB.MTSI-9.20;60;20200827;220000;34961.0000000;34961.0000000;34954.0000000;34954.0000000;6
SPFB.MTSI-9.20;60;20200827;230000;34929.0000000;34929.0000000;34899.0000000;34899.0000000;4
SPFB.MTSI-9.20;60;20200828;110000;34938.0000000;34938.0000000;34549.0000000;34551.0000000;101
SPFB.MTSI-9.20;60;20200828;120000;34530.0000000;34530.0000000;34476.0000000;34480.0000000;77
SPFB.MTSI-9.20;60;20200828;130000;34451.0000000;34491.0000000;34385.0000000;34385.0000000;49
SPFB.MTSI-9.20;60;20200828;140000;34431.0000000;34448.0000000;34400.0000000;34400.0000000;21
SPFB.MTSI-9.20;60;20200828;150000;34480.0000000;34504.0000000;34480.0000000;34492.0000000;7
SPFB.MTSI-9.20;60;20200828;160000;34480.0000000;34480.0000000;34480.0000000;34480.0000000;2
SPFB.MTSI-9.20;60;20200828;170000;34465.0000000;34465.0000000;34260.0000000;34260.0000000;93
SPFB.MTSI-9.20;60;20200828;180000;34257.0000000;34324.0000000;34050.0000000;34311.0000000;79
SPFB.MTSI-9.20;60;20200828;190000;34359.0000000;34393.0000000;34338.0000000;34393.0000000;15
SPFB.MTSI-9.20;60;20200828;200000;34341.0000000;34341.0000000;34340.0000000;34340.0000000;12
SPFB.MTSI-9.20;60;20200828;230000;34138.0000000;34235.0000000;34138.0000000;34235.0000000;4
SPFB.MTSI-9.20;60;20200831;110000;34225.0000000;34365.0000000;34144.0000000;34365.0000000;55
SPFB.MTSI-9.20;60;20200831;120000;34370.0000000;34428.0000000;34290.0000000;34428.0000000;105
SPFB.MTSI-9.20;60;20200831;150000;34284.0000000;34328.0000000;34280.0000000;34280.0000000;4
SPFB.MTSI-9.20;60;20200831;160000;34301.0000000;34301.0000000;34260.0000000;34260.0000000;12
SPFB.MTSI-9.20;60;20200831;170000;34207.0000000;34207.0000000;33930.0000000;34021.0000000;207
SPFB.MTSI-9.20;60;20200831;180000;34031.0000000;34031.0000000;33915.0000000;33925.0000000;11
SPFB.MTSI-9.20;60;20200831;190000;33934.0000000;33986.0000000;33920.0000000;33951.0000000;19
SPFB.MTSI-9.20;60;20200831;200000;34062.0000000;34062.0000000;33415.0000000;33905.0000000;123
SPFB.MTSI-9.20;60;20200831;210000;33880.0000000;33897.0000000;33880.0000000;33897.0000000;2
SPFB.MTSI-9.20;60;20200831;220000;33897.0000000;33897.0000000;33800.0000000;33800.0000000;9
SPFB.MTSI-9.20;60;20200831;230000;33805.0000000;33805.0000000;33550.0000000;33550.0000000;49
SPFB.MTSI-9.20;60;20200901;000000;33630.0000000;33656.0000000;33508.0000000;33592.0000000;50
SPFB.MTSI-9.20;60;20200901;110000;33709.0000000;33770.0000000;33499.0000000;33770.0000000;158
SPFB.MTSI-9.20;60;20200901;120000;33700.0000000;33721.0000000;33210.0000000;33296.0000000;228
SPFB.MTSI-9.20;60;20200901;130000;33370.0000000;33550.0000000;33370.0000000;33550.0000000;114
SPFB.MTSI-9.20;60;20200901;140000;33655.0000000;33655.0000000;33500.0000000;33500.0000000;45
SPFB.MTSI-9.20;60;20200901;150000;33583.0000000;33584.0000000;33580.0000000;33580.0000000;13
SPFB.MTSI-9.20;60;20200901;160000;33569.0000000;33952.0000000;33569.0000000;33875.0000000;128
SPFB.MTSI-9.20;60;20200901;170000;33952.0000000;34148.0000000;33801.0000000;34076.0000000;104
SPFB.MTSI-9.20;60;20200901;180000;34044.0000000;34108.0000000;34025.0000000;34031.0000000;28
SPFB.MTSI-9.20;60;20200901;190000;34027.0000000;34027.0000000;33911.0000000;33975.0000000;27
SPFB.MTSI-9.20;60;20200901;200000;33975.0000000;33975.0000000;33975.0000000;33975.0000000;1
SPFB.MTSI-9.20;60;20200901;220000;33957.0000000;33957.0000000;33957.0000000;33957.0000000;3
SPFB.MTSI-9.20;60;20200901;230000;33957.0000000;33957.0000000;33869.0000000;33920.0000000;4
SPFB.MTSI-9.20;60;20200902;000000;33920.0000000;33920.0000000;33920.0000000;33920.0000000;1
SPFB.MTSI-9.20;60;20200902;110000;33958.0000000;34180.0000000;33843.0000000;33928.0000000;50
SPFB.MTSI-9.20;60;20200902;120000;34045.0000000;34130.0000000;34020.0000000;34130.0000000;28
SPFB.MTSI-9.20;60;20200902;130000;34051.0000000;34150.0000000;34051.0000000;34119.0000000;53
SPFB.MTSI-9.20;60;20200902;140000;34129.0000000;34179.0000000;34129.0000000;34179.0000000;7
SPFB.MTSI-9.20;60;20200902;150000;34112.0000000;34176.0000000;34090.0000000;34176.0000000;15
SPFB.MTSI-9.20;60;20200902;160000;34170.0000000;34200.0000000;34139.0000000;34199.0000000;10
SPFB.MTSI-9.20;60;20200902;170000;34200.0000000;34300.0000000;33843.0000000;33914.0000000;103
SPFB.MTSI-9.20;60;20200902;180000;33950.0000000;33974.0000000;33725.0000000;33766.0000000;190
SPFB.MTSI-9.20;60;20200902;190000;33766.0000000;33808.0000000;33750.0000000;33750.0000000;27
SPFB.MTSI-9.20;60;20200902;200000;33670.0000000;33675.0000000;33606.0000000;33631.0000000;44
SPFB.MTSI-9.20;60;20200902;210000;33713.0000000;33714.0000000;33657.0000000;33666.0000000;27
SPFB.MTSI-9.20;60;20200902;220000;33607.0000000;33607.0000000;33416.0000000;33441.0000000;100
SPFB.MTSI-9.20;60;20200902;230000;33429.0000000;33630.0000000;33429.0000000;33445.0000000;35
SPFB.MTSI-9.20;60;20200903;000000;33531.0000000;33691.0000000;33497.0000000;33586.0000000;18
SPFB.MTSI-9.20;60;20200903;110000;33633.0000000;33900.0000000;33633.0000000;33871.0000000;251
SPFB.MTSI-9.20;60;20200903;120000;33811.0000000;33821.0000000;33571.0000000;33632.0000000;43
SPFB.MTSI-9.20;60;20200903;130000;33700.0000000;33835.0000000;33700.0000000;33835.0000000;58
SPFB.MTSI-9.20;60;20200903;140000;33765.0000000;33765.0000000;33657.0000000;33740.0000000;20
SPFB.MTSI-9.20;60;20200903;150000;33702.0000000;33754.0000000;33702.0000000;33754.0000000;6
SPFB.MTSI-9.20;60;20200903;160000;33774.0000000;33775.0000000;33740.0000000;33756.0000000;14
SPFB.MTSI-9.20;60;20200903;170000;33716.0000000;33748.0000000;33542.0000000;33645.0000000;119
SPFB.MTSI-9.20;60;20200903;180000;33652.0000000;33666.0000000;33320.0000000;33604.0000000;88
SPFB.MTSI-9.20;60;20200903;190000;33600.0000000;33716.0000000;33549.0000000;33716.0000000;104
SPFB.MTSI-9.20;60;20200903;200000;33844.0000000;33872.0000000;33575.0000000;33575.0000000;10
SPFB.MTSI-9.20;60;20200903;220000;33521.0000000;33521.0000000;33521.0000000;33521.0000000;2
SPFB.MTSI-9.20;60;20200903;230000;33605.0000000;33605.0000000;33525.0000000;33525.0000000;2
SPFB.MTSI-9.20;60;20200904;000000;33525.0000000;33525.0000000;33525.0000000;33525.0000000;1
SPFB.MTSI-9.20;60;20200904;110000;33547.0000000;33843.0000000;33499.0000000;33774.0000000;199
SPFB.MTSI-9.20;60;20200904;120000;33770.0000000;33795.0000000;33756.0000000;33784.0000000;6
SPFB.MTSI-9.20;60;20200904;130000;33764.0000000;33773.0000000;33746.0000000;33768.0000000;11
SPFB.MTSI-9.20;60;20200904;140000;33719.0000000;33719.0000000;33553.0000000;33553.0000000;5
SPFB.MTSI-9.20;60;20200904;150000;33550.0000000;33592.0000000;33550.0000000;33592.0000000;16
SPFB.MTSI-9.20;60;20200904;160000;33615.0000000;33662.0000000;33607.0000000;33662.0000000;14
SPFB.MTSI-9.20;60;20200904;170000;33700.0000000;33749.0000000;33657.0000000;33657.0000000;10
SPFB.MTSI-9.20;60;20200904;180000;33551.0000000;33632.0000000;33301.0000000;33455.0000000;162
SPFB.MTSI-9.20;60;20200904;190000;33492.0000000;33599.0000000;33376.0000000;33376.0000000;130
SPFB.MTSI-9.20;60;20200904;200000;33470.0000000;33523.0000000;33470.0000000;33470.0000000;14
SPFB.MTSI-9.20;60;20200904;210000;33471.0000000;33524.0000000;33470.0000000;33524.0000000;6
SPFB.MTSI-9.20;60;20200904;220000;33525.0000000;33596.0000000;33525.0000000;33574.0000000;38
SPFB.MTSI-9.20;60;20200904;230000;33669.0000000;33669.0000000;33585.0000000;33585.0000000;6
SPFB.MTSI-9.20;60;20200905;000000;33585.0000000;33669.0000000;33585.0000000;33669.0000000;2
SPFB.MTSI-9.20;60;20200907;110000;33550.0000000;33700.0000000;33511.0000000;33675.0000000;91
SPFB.MTSI-9.20;60;20200907;120000;33650.0000000;33680.0000000;33570.0000000;33570.0000000;34
SPFB.MTSI-9.20;60;20200907;130000;33556.0000000;33556.0000000;33445.0000000;33445.0000000;18
SPFB.MTSI-9.20;60;20200907;140000;33339.0000000;33400.0000000;33100.0000000;33295.0000000;182
SPFB.MTSI-9.20;60;20200907;150000;33373.0000000;33453.0000000;33373.0000000;33453.0000000;42
SPFB.MTSI-9.20;60;20200907;170000;33466.0000000;33474.0000000;33466.0000000;33474.0000000;14
SPFB.MTSI-9.20;60;20200907;180000;33492.0000000;33500.0000000;33492.0000000;33493.0000000;8
SPFB.MTSI-9.20;60;20200907;190000;33525.0000000;33600.0000000;33501.0000000;33590.0000000;55
SPFB.MTSI-9.20;60;20200907;200000;33590.0000000;33618.0000000;33590.0000000;33618.0000000;2
SPFB.MTSI-9.20;60;20200907;210000;33605.0000000;33605.0000000;33605.0000000;33605.0000000;1
SPFB.MTSI-9.20;60;20200907;230000;33583.0000000;33600.0000000;33555.0000000;33555.0000000;18
SPFB.MTSI-9.20;60;20200908;000000;33600.0000000;33605.0000000;33596.0000000;33596.0000000;12
SPFB.MTSI-9.20;60;20200908;110000;33605.0000000;33658.0000000;33550.0000000;33550.0000000;100
SPFB.MTSI-9.20;60;20200908;120000;33506.0000000;33725.0000000;33457.0000000;33486.0000000;52
SPFB.MTSI-9.20;60;20200908;130000;33509.0000000;33541.0000000;33491.0000000;33541.0000000;5
SPFB.MTSI-9.20;60;20200908;150000;33332.0000000;33350.0000000;33242.0000000;33275.0000000;105
SPFB.MTSI-9.20;60;20200908;160000;33200.0000000;33227.0000000;33105.0000000;33136.0000000;70
SPFB.MTSI-9.20;60;20200908;170000;33150.0000000;33266.0000000;32781.0000000;33132.0000000;197
SPFB.MTSI-9.20;60;20200908;180000;33126.0000000;33299.0000000;33077.0000000;33110.0000000;248
SPFB.MTSI-9.20;60;20200908;190000;33151.0000000;33254.0000000;33134.0000000;33229.0000000;20
SPFB.MTSI-9.20;60;20200908;200000;33233.0000000;33233.0000000;33233.0000000;33233.0000000;4
SPFB.MTSI-9.20;60;20200908;220000;33230.0000000;33230.0000000;33112.0000000;33112.0000000;6
SPFB.MTSI-9.20;60;20200908;230000;33155.0000000;33155.0000000;33155.0000000;33155.0000000;1
SPFB.MTSI-9.20;60;20200909;000000;33135.0000000;33210.0000000;33135.0000000;33210.0000000;9
SPFB.MTSI-9.20;60;20200909;110000;33101.0000000;33330.0000000;33100.0000000;33326.0000000;44
SPFB.MTSI-9.20;60;20200909;120000;33200.0000000;33229.0000000;33101.0000000;33101.0000000;12
SPFB.MTSI-9.20;60;20200909;130000;33100.0000000;33153.0000000;33030.0000000;33147.0000000;20
SPFB.MTSI-9.20;60;20200909;140000;33112.0000000;33112.0000000;33058.0000000;33092.0000000;8
SPFB.MTSI-9.20;60;20200909;150000;33196.0000000;33215.0000000;33176.0000000;33215.0000000;11
SPFB.MTSI-9.20;60;20200909;160000;33213.0000000;33280.0000000;33213.0000000;33245.0000000;29
SPFB.MTSI-9.20;60;20200909;170000;33225.0000000;33482.0000000;33150.0000000;33380.0000000;74
SPFB.MTSI-9.20;60;20200909;180000;33399.0000000;33461.0000000;33397.0000000;33434.0000000;72
SPFB.MTSI-9.20;60;20200909;190000;33430.0000000;33435.0000000;33430.0000000;33435.0000000;5
SPFB.MTSI-9.20;60;20200909;200000;33459.0000000;33597.0000000;33459.0000000;33525.0000000;20
SPFB.MTSI-9.20;60;20200909;210000;33550.0000000;33598.0000000;33525.0000000;33598.0000000;43
SPFB.MTSI-9.20;60;20200909;220000;33590.0000000;33637.0000000;33590.0000000;33637.0000000;28
SPFB.MTSI-9.20;60;20200909;230000;33620.0000000;33659.0000000;33565.0000000;33565.0000000;46
SPFB.MTSI-9.20;60;20200910;000000;33617.0000000;33617.0000000;33606.0000000;33606.0000000;4
SPFB.MTSI-9.20;60;20200910;110000;33620.0000000;33728.0000000;33353.0000000;33385.0000000;74
SPFB.MTSI-9.20;60;20200910;120000;33380.0000000;33439.0000000;33332.0000000;33361.0000000;76
SPFB.MTSI-9.20;60;20200910;130000;33340.0000000;33340.0000000;33242.0000000;33264.0000000;42
SPFB.MTSI-9.20;60;20200910;140000;33275.0000000;33275.0000000;33253.0000000;33270.0000000;7
SPFB.MTSI-9.20;60;20200910;160000;33270.0000000;33270.0000000;33250.0000000;33250.0000000;3
SPFB.MTSI-9.20;60;20200910;170000;33333.0000000;33340.0000000;33200.0000000;33280.0000000;13
SPFB.MTSI-9.20;60;20200910;180000;33310.0000000;33375.0000000;33193.0000000;33352.0000000;39
SPFB.MTSI-9.20;60;20200910;190000;33346.0000000;33379.0000000;33319.0000000;33378.0000000;9
SPFB.MTSI-9.20;60;20200910;200000;33390.0000000;33468.0000000;33381.0000000;33468.0000000;31
SPFB.MTSI-9.20;60;20200910;210000;33430.0000000;33430.0000000;33350.0000000;33350.0000000;11
SPFB.MTSI-9.20;60;20200910;220000;33245.0000000;33245.0000000;33187.0000000;33187.0000000;9
SPFB.MTSI-9.20;60;20200910;230000;33245.0000000;33299.0000000;33204.0000000;33204.0000000;8
SPFB.MTSI-9.20;60;20200911;000000;33280.0000000;33280.0000000;33280.0000000;33280.0000000;1
SPFB.MTSI-9.20;60;20200911;110000;33286.0000000;33303.0000000;33133.0000000;33198.0000000;28
SPFB.MTSI-9.20;60;20200911;120000;33221.0000000;33270.0000000;33221.0000000;33270.0000000;3
SPFB.MTSI-9.20;60;20200911;130000;33320.0000000;33320.0000000;33282.0000000;33282.0000000;5
SPFB.MTSI-9.20;60;20200911;140000;33320.0000000;33356.0000000;33320.0000000;33353.0000000;13
SPFB.MTSI-9.20;60;20200911;150000;33340.0000000;33371.0000000;33298.0000000;33308.0000000;10
SPFB.MTSI-9.20;60;20200911;160000;33295.0000000;33295.0000000;33240.0000000;33274.0000000;41
SPFB.MTSI-9.20;60;20200911;170000;33288.0000000;33350.0000000;33285.0000000;33285.0000000;33
SPFB.MTSI-9.20;60;20200911;180000;33297.0000000;33297.0000000;33132.0000000;33145.0000000;40
SPFB.MTSI-9.20;60;20200911;190000;33244.0000000;33261.0000000;33165.0000000;33261.0000000;11
SPFB.MTSI-9.20;60;20200914;110000;33299.0000000;33389.0000000;33026.0000000;33200.0000000;84
SPFB.MTSI-9.20;60;20200914;120000;33220.0000000;33220.0000000;33214.0000000;33214.0000000;5
SPFB.MTSI-9.20;60;20200914;130000;33211.0000000;33220.0000000;33198.0000000;33200.0000000;5
SPFB.MTSI-9.20;60;20200914;140000;33198.0000000;33228.0000000;33198.0000000;33228.0000000;2
SPFB.MTSI-9.20;60;20200914;150000;33203.0000000;33262.0000000;33203.0000000;33262.0000000;19
SPFB.MTSI-9.20;60;20200914;160000;33237.0000000;33255.0000000;33177.0000000;33177.0000000;11
SPFB.MTSI-9.20;60;20200914;170000;33260.0000000;33362.0000000;33260.0000000;33362.0000000;53
SPFB.MTSI-9.20;60;20200914;180000;33337.0000000;33347.0000000;33302.0000000;33310.0000000;31
SPFB.MTSI-9.20;60;20200914;190000;33330.0000000;33349.0000000;33310.0000000;33314.0000000;17
SPFB.MTSI-9.20;60;20200914;200000;33285.0000000;33285.0000000;33285.0000000;33285.0000000;2
SPFB.MTSI-9.20;60;20200914;210000;33279.0000000;33388.0000000;33279.0000000;33388.0000000;6
SPFB.MTSI-9.20;60;20200914;220000;33389.0000000;33390.0000000;33310.0000000;33310.0000000;6
SPFB.MTSI-9.20;60;20200915;000000;33309.0000000;33309.0000000;33309.0000000;33309.0000000;1
SPFB.MTSI-9.20;60;20200915;110000;33390.0000000;33483.0000000;33354.0000000;33450.0000000;39
SPFB.MTSI-9.20;60;20200915;120000;33550.0000000;33601.0000000;33480.0000000;33528.0000000;49
SPFB.MTSI-9.20;60;20200915;130000;33541.0000000;33556.0000000;33528.0000000;33550.0000000;24
SPFB.MTSI-9.20;60;20200915;140000;33578.0000000;33578.0000000;33494.0000000;33500.0000000;24
SPFB.MTSI-9.20;60;20200915;150000;33556.0000000;33600.0000000;33548.0000000;33550.0000000;30
SPFB.MTSI-9.20;60;20200915;160000;33540.0000000;33590.0000000;33478.0000000;33530.0000000;50
SPFB.MTSI-9.20;60;20200915;170000;33559.0000000;33660.0000000;33463.0000000;33644.0000000;63
SPFB.MTSI-9.20;60;20200915;180000;33639.0000000;33664.0000000;33588.0000000;33664.0000000;20
SPFB.MTSI-9.20;60;20200915;190000;33656.0000000;33678.0000000;33615.0000000;33658.0000000;33
SPFB.MTSI-9.20;60;20200915;200000;33722.0000000;33722.0000000;33693.0000000;33693.0000000;12
SPFB.MTSI-9.20;60;20200915;210000;33700.0000000;33700.0000000;33700.0000000;33700.0000000;3
SPFB.MTSI-9.20;60;20200915;220000;33611.0000000;33730.0000000;33611.0000000;33730.0000000;3
SPFB.MTSI-9.20;60;20200916;000000;33690.0000000;33703.0000000;33685.0000000;33703.0000000;5
SPFB.MTSI-9.20;60;20200916;110000;33699.0000000;33895.0000000;33699.0000000;33895.0000000;101
SPFB.MTSI-9.20;60;20200916;120000;33900.0000000;33931.0000000;33792.0000000;33813.0000000;73
SPFB.MTSI-9.20;60;20200916;130000;33813.0000000;33860.0000000;33812.0000000;33847.0000000;45
SPFB.MTSI-9.20;60;20200916;140000;33850.0000000;33850.0000000;33807.0000000;33807.0000000;5
SPFB.MTSI-9.20;60;20200916;150000;33795.0000000;33840.0000000;33795.0000000;33817.0000000;17
SPFB.MTSI-9.20;60;20200916;160000;33822.0000000;33859.0000000;33816.0000000;33859.0000000;32
SPFB.MTSI-9.20;60;20200916;170000;33830.0000000;33836.0000000;33719.0000000;33720.0000000;9
SPFB.MTSI-9.20;60;20200916;180000;33776.0000000;33804.0000000;33696.0000000;33804.0000000;39
SPFB.MTSI-9.20;60;20200916;190000;33817.0000000;33850.0000000;33771.0000000;33830.0000000;28
SPFB.MTSI-9.20;60;20200916;200000;33808.0000000;33973.0000000;33808.0000000;33878.0000000;10
SPFB.MTSI-9.20;60;20200916;210000;33885.0000000;33899.0000000;33843.0000000;33883.0000000;30
SPFB.MTSI-9.20;60;20200916;220000;33885.0000000;33909.0000000;33885.0000000;33890.0000000;11
SPFB.MTSI-9.20;60;20200916;230000;33925.0000000;33947.0000000;33910.0000000;33947.0000000;14
SPFB.MTSI-9.20;60;20200917;000000;33851.0000000;33880.0000000;33687.0000000;33841.0000000;20
SPFB.MTSI-9.20;60;20200917;110000;33740.0000000;33781.0000000;33564.0000000;33764.0000000;47
SPFB.MTSI-9.20;60;20200917;120000;33760.0000000;33815.0000000;33546.0000000;33803.0000000;67
SPFB.MTSI-9.20;60;20200917;130000;33811.0000000;33811.0000000;33035.0000000;33754.0000000;26
SPFB.MTSI-9.20;60;20200917;140000;33754.0000000;33804.0000000;33754.0000000;33804.0000000;68
SPFB.MTSI-9.20;60;20200917;150000;33800.0000000;33894.0000000;33296.0000000;33830.0000000;98
SPFB.MTSI-9.20;60;20200917;160000;33900.0000000;33960.0000000;33900.0000000;33960.0000000;36
SPFB.MTSI-9.20;60;20200917;170000;33883.0000000;34000.0000000;33800.0000000;33861.0000000;414
SPFB.MTSI-9.20;60;20200917;180000;33900.0000000;33962.0000000;33792.0000000;33867.0000000;29
SPFB.MTSI-9.20;60;20200917;190000;33900.0000000;33966.0000000;33845.0000000;33877.0000000;134
