<TICKER>;<PER>;<DATE>;<TIME>;<OPEN>;<HIGH>;<LOW>;<CLOSE>;<VOL>
SPFB.MTSI-9.19;60;20190321;160000;27154.0000000;27154.0000000;27154.0000000;27154.0000000;1
SPFB.MTSI-9.19;60;20190321;190000;27235.0000000;27254.0000000;27235.0000000;27254.0000000;5
SPFB.MTSI-9.19;60;20190329;190000;25100.0000000;25100.0000000;25100.0000000;25100.0000000;1
SPFB.MTSI-9.19;60;20190408;150000;25420.0000000;25420.0000000;25401.0000000;25401.0000000;3
SPFB.MTSI-9.19;60;20190409;160000;25194.0000000;25194.0000000;25194.0000000;25194.0000000;1
SPFB.MTSI-9.19;60;20190409;190000;25127.0000000;25127.0000000;25127.0000000;25127.0000000;1
SPFB.MTSI-9.19;60;20190411;120000;24992.0000000;25043.0000000;24981.0000000;25043.0000000;22
SPFB.MTSI-9.19;60;20190416;170000;24542.0000000;24542.0000000;24542.0000000;24542.0000000;2
SPFB.MTSI-9.19;60;20190425;130000;24532.0000000;24532.0000000;24532.0000000;24532.0000000;1
SPFB.MTSI-9.19;60;20190503;130000;25122.0000000;25127.0000000;25122.0000000;25127.0000000;13
SPFB.MTSI-9.19;60;20190503;140000;25139.0000000;25140.0000000;25139.0000000;25140.0000000;7
SPFB.MTSI-9.19;60;20190507;180000;24542.0000000;24542.0000000;24542.0000000;24542.0000000;3
SPFB.MTSI-9.19;60;20190515;190000;24380.0000000;24387.0000000;24380.0000000;24387.0000000;3
SPFB.MTSI-9.19;60;20190516;180000;24056.0000000;24056.0000000;24053.0000000;24053.0000000;5
SPFB.MTSI-9.19;60;20190517;210000;24593.0000000;24593.0000000;24593.0000000;24593.0000000;2
SPFB.MTSI-9.19;60;20190520;180000;24271.0000000;24271.0000000;24271.0000000;24271.0000000;1
SPFB.MTSI-9.19;60;20190521;150000;24200.0000000;24200.0000000;24200.0000000;24200.0000000;5
SPFB.MTSI-9.19;60;20190521;170000;24152.0000000;24152.0000000;24152.0000000;24152.0000000;2
SPFB.MTSI-9.19;60;20190522;110000;24000.0000000;24000.0000000;24000.0000000;24000.0000000;1
SPFB.MTSI-9.19;60;20190522;150000;24250.0000000;24250.0000000;24250.0000000;24250.0000000;4
SPFB.MTSI-9.19;60;20190522;170000;24285.0000000;24285.0000000;24285.0000000;24285.0000000;1
SPFB.MTSI-9.19;60;20190522;190000;24101.0000000;24101.0000000;24100.0000000;24100.0000000;12
SPFB.MTSI-9.19;60;20190523;130000;24782.0000000;24782.0000000;24782.0000000;24782.0000000;1
SPFB.MTSI-9.19;60;20190523;140000;23789.0000000;23789.0000000;23789.0000000;23789.0000000;2
SPFB.MTSI-9.19;60;20190523;230000;24781.0000000;24782.0000000;24780.0000000;24781.0000000;5
SPFB.MTSI-9.19;60;20190524;170000;24790.0000000;24790.0000000;24782.0000000;24782.0000000;6
SPFB.MTSI-9.19;60;20190524;180000;24511.0000000;24511.0000000;24330.0000000;24330.0000000;8
SPFB.MTSI-9.19;60;20190524;190000;24273.0000000;24273.0000000;24272.0000000;24272.0000000;2
SPFB.MTSI-9.19;60;20190527;150000;24738.0000000;24741.0000000;24667.0000000;24683.0000000;26
SPFB.MTSI-9.19;60;20190527;160000;24401.0000000;24401.0000000;24320.0000000;24320.0000000;27
SPFB.MTSI-9.19;60;20190527;190000;24748.0000000;24748.0000000;24748.0000000;24748.0000000;1
SPFB.MTSI-9.19;60;20190528;140000;24193.0000000;24459.0000000;24185.0000000;24459.0000000;19
SPFB.MTSI-9.19;60;20190528;160000;24210.0000000;24210.0000000;24187.0000000;24187.0000000;8
SPFB.MTSI-9.19;60;20190528;170000;24143.0000000;24143.0000000;23984.0000000;23984.0000000;20
SPFB.MTSI-9.19;60;20190528;180000;24050.0000000;24146.0000000;24050.0000000;24146.0000000;27
SPFB.MTSI-9.19;60;20190528;190000;24125.0000000;24125.0000000;24125.0000000;24125.0000000;1
SPFB.MTSI-9.19;60;20190529;120000;23900.0000000;23903.0000000;23900.0000000;23903.0000000;2
SPFB.MTSI-9.19;60;20190529;150000;23901.0000000;23901.0000000;23901.0000000;23901.0000000;1
SPFB.MTSI-9.19;60;20190529;170000;23901.0000000;23901.0000000;23901.0000000;23901.0000000;2
SPFB.MTSI-9.19;60;20190530;160000;24200.0000000;24200.0000000;24200.0000000;24200.0000000;1
SPFB.MTSI-9.19;60;20190603;170000;24399.0000000;24400.0000000;24399.0000000;24400.0000000;2
SPFB.MTSI-9.19;60;20190603;180000;24598.0000000;24924.0000000;24598.0000000;24800.0000000;25
SPFB.MTSI-9.19;60;20190603;190000;24798.0000000;24799.0000000;24798.0000000;24799.0000000;4
SPFB.MTSI-9.19;60;20190604;110000;24999.0000000;26195.0000000;24999.0000000;26195.0000000;18
SPFB.MTSI-9.19;60;20190604;120000;25165.0000000;25165.0000000;24808.0000000;24808.0000000;20
SPFB.MTSI-9.19;60;20190604;130000;24800.0000000;24800.0000000;24800.0000000;24800.0000000;10
SPFB.MTSI-9.19;60;20190604;140000;24901.0000000;24904.0000000;24901.0000000;24904.0000000;2
SPFB.MTSI-9.19;60;20190604;170000;24941.0000000;24977.0000000;24941.0000000;24977.0000000;2
SPFB.MTSI-9.19;60;20190604;180000;24850.0000000;24850.0000000;24708.0000000;24708.0000000;7
SPFB.MTSI-9.19;60;20190604;190000;24601.0000000;24601.0000000;24460.0000000;24500.0000000;32
SPFB.MTSI-9.19;60;20190605;130000;24946.0000000;24947.0000000;24934.0000000;24936.0000000;5
SPFB.MTSI-9.19;60;20190605;150000;24911.0000000;24914.0000000;24911.0000000;24914.0000000;4
SPFB.MTSI-9.19;60;20190605;170000;24800.0000000;24800.0000000;24497.0000000;24497.0000000;9
SPFB.MTSI-9.19;60;20190605;200000;25000.0000000;25000.0000000;25000.0000000;25000.0000000;1
SPFB.MTSI-9.19;60;20190606;130000;24955.0000000;24981.0000000;24955.0000000;24981.0000000;2
SPFB.MTSI-9.19;60;20190606;140000;24944.0000000;25000.0000000;24944.0000000;25000.0000000;17
SPFB.MTSI-9.19;60;20190606;160000;24806.0000000;24806.0000000;24800.0000000;24800.0000000;12
SPFB.MTSI-9.19;60;20190606;170000;25000.0000000;25100.0000000;25000.0000000;25100.0000000;27
SPFB.MTSI-9.19;60;20190606;230000;25000.0000000;25000.0000000;25000.0000000;25000.0000000;1
SPFB.MTSI-9.19;60;20190607;110000;25000.0000000;25000.0000000;25000.0000000;25000.0000000;13
SPFB.MTSI-9.19;60;20190607;120000;25000.0000000;25001.0000000;25000.0000000;25000.0000000;10
SPFB.MTSI-9.19;60;20190607;160000;24900.0000000;24900.0000000;24867.0000000;24867.0000000;7
SPFB.MTSI-9.19;60;20190607;170000;24649.0000000;24649.0000000;24640.0000000;24640.0000000;2
SPFB.MTSI-9.19;60;20190607;180000;24900.0000000;24959.0000000;24900.0000000;24959.0000000;3
SPFB.MTSI-9.19;60;20190610;110000;25026.0000000;25046.0000000;25026.0000000;25029.0000000;57
SPFB.MTSI-9.19;60;20190610;170000;25096.0000000;25096.0000000;25096.0000000;25096.0000000;1
SPFB.MTSI-9.19;60;20190611;160000;25250.0000000;25250.0000000;25250.0000000;25250.0000000;1
SPFB.MTSI-9.19;60;20190611;170000;25350.0000000;25537.0000000;25350.0000000;25537.0000000;40
SPFB.MTSI-9.19;60;20190611;180000;25945.0000000;25950.0000000;25570.0000000;25570.0000000;48
SPFB.MTSI-9.19;60;20190611;190000;25570.0000000;25898.0000000;25465.0000000;25465.0000000;5
SPFB.MTSI-9.19;60;20190613;120000;25457.0000000;25517.0000000;25447.0000000;25517.0000000;40
SPFB.MTSI-9.19;60;20190613;130000;25557.0000000;25557.0000000;25527.0000000;25527.0000000;26
SPFB.MTSI-9.19;60;20190613;140000;25689.0000000;25689.0000000;25577.0000000;25579.0000000;41
SPFB.MTSI-9.19;60;20190613;150000;25550.0000000;25587.0000000;25250.0000000;25250.0000000;135
SPFB.MTSI-9.19;60;20190614;160000;25465.0000000;25465.0000000;25438.0000000;25438.0000000;4
SPFB.MTSI-9.19;60;20190614;180000;25581.0000000;25581.0000000;25581.0000000;25581.0000000;79
SPFB.MTSI-9.19;60;20190617;110000;25833.0000000;25916.0000000;25833.0000000;25916.0000000;37
SPFB.MTSI-9.19;60;20190617;130000;25874.0000000;25874.0000000;25874.0000000;25874.0000000;11
SPFB.MTSI-9.19;60;20190617;140000;25884.0000000;26000.0000000;25884.0000000;26000.0000000;132
SPFB.MTSI-9.19;60;20190617;150000;26024.0000000;26053.0000000;26024.0000000;26053.0000000;9
SPFB.MTSI-9.19;60;20190617;160000;25906.0000000;25932.0000000;25823.0000000;25823.0000000;15
SPFB.MTSI-9.19;60;20190617;170000;25700.0000000;25700.0000000;25700.0000000;25700.0000000;3
SPFB.MTSI-9.19;60;20190617;180000;25685.0000000;25685.0000000;25470.0000000;25470.0000000;33
SPFB.MTSI-9.19;60;20190618;110000;25601.0000000;25671.0000000;25464.0000000;25464.0000000;11
SPFB.MTSI-9.19;60;20190618;120000;25509.0000000;25781.0000000;25509.0000000;25780.0000000;30
SPFB.MTSI-9.19;60;20190618;130000;25819.0000000;25819.0000000;25755.0000000;25755.0000000;49
SPFB.MTSI-9.19;60;20190618;140000;25650.0000000;25716.0000000;25650.0000000;25716.0000000;7
SPFB.MTSI-9.19;60;20190618;150000;25670.0000000;25821.0000000;25670.0000000;25821.0000000;27
SPFB.MTSI-9.19;60;20190618;160000;25811.0000000;25811.0000000;25811.0000000;25811.0000000;21
SPFB.MTSI-9.19;60;20190618;180000;25867.0000000;25900.0000000;25852.0000000;25900.0000000;141
SPFB.MTSI-9.19;60;20190618;200000;25989.0000000;25989.0000000;25989.0000000;25989.0000000;1
SPFB.MTSI-9.19;60;20190618;210000;25628.0000000;25723.0000000;25628.0000000;25723.0000000;11
SPFB.MTSI-9.19;60;20190619;000000;25761.0000000;25761.0000000;25761.0000000;25761.0000000;1
SPFB.MTSI-9.19;60;20190619;110000;25958.0000000;26395.0000000;25955.0000000;26090.0000000;93
SPFB.MTSI-9.19;60;20190619;120000;26015.0000000;26020.0000000;26015.0000000;26020.0000000;11
SPFB.MTSI-9.19;60;20190619;140000;26098.0000000;26158.0000000;26084.0000000;26104.0000000;58
SPFB.MTSI-9.19;60;20190619;160000;26033.0000000;26033.0000000;25998.0000000;25998.0000000;14
SPFB.MTSI-9.19;60;20190619;170000;26000.0000000;26157.0000000;25993.0000000;26157.0000000;33
SPFB.MTSI-9.19;60;20190619;180000;26141.0000000;26188.0000000;26141.0000000;26188.0000000;27
SPFB.MTSI-9.19;60;20190619;190000;26204.0000000;26204.0000000;26204.0000000;26204.0000000;1
SPFB.MTSI-9.19;60;20190619;200000;26350.0000000;26350.0000000;26300.0000000;26300.0000000;14
SPFB.MTSI-9.19;60;20190619;210000;26358.0000000;26360.0000000;26358.0000000;26360.0000000;2
SPFB.MTSI-9.19;60;20190619;220000;26319.0000000;26360.0000000;26319.0000000;26360.0000000;25
SPFB.MTSI-9.19;60;20190620;110000;26395.0000000;26500.0000000;26358.0000000;26445.0000000;106
SPFB.MTSI-9.19;60;20190620;120000;26500.0000000;26500.0000000;26425.0000000;26425.0000000;12
SPFB.MTSI-9.19;60;20190620;130000;26409.0000000;26411.0000000;26409.0000000;26411.0000000;4
SPFB.MTSI-9.19;60;20190620;140000;26417.0000000;26417.0000000;26417.0000000;26417.0000000;1
SPFB.MTSI-9.19;60;20190620;150000;26417.0000000;26419.0000000;26417.0000000;26419.0000000;5
SPFB.MTSI-9.19;60;20190620;160000;26420.0000000;26530.0000000;26348.0000000;26475.0000000;66
SPFB.MTSI-9.19;60;20190620;180000;26322.0000000;26500.0000000;26322.0000000;26500.0000000;6
SPFB.MTSI-9.19;60;20190620;200000;26317.0000000;26317.0000000;26317.0000000;26317.0000000;2
SPFB.MTSI-9.19;60;20190620;230000;26318.0000000;26318.0000000;26318.0000000;26318.0000000;1
SPFB.MTSI-9.19;60;20190621;110000;26444.0000000;26448.0000000;26300.0000000;26300.0000000;24
SPFB.MTSI-9.19;60;20190621;120000;26240.0000000;26249.0000000;26058.0000000;26138.0000000;111
SPFB.MTSI-9.19;60;20190621;130000;26180.0000000;26225.0000000;26180.0000000;26190.0000000;112
SPFB.MTSI-9.19;60;20190621;140000;26214.0000000;26265.0000000;26214.0000000;26215.0000000;9
SPFB.MTSI-9.19;60;20190621;150000;26166.0000000;26410.0000000;26093.0000000;26141.0000000;56
SPFB.MTSI-9.19;60;20190621;160000;26149.0000000;26149.0000000;26117.0000000;26117.0000000;4
SPFB.MTSI-9.19;60;20190621;170000;26147.0000000;26311.0000000;26147.0000000;26311.0000000;5
SPFB.MTSI-9.19;60;20190621;180000;26377.0000000;26404.0000000;26309.0000000;26309.0000000;12
SPFB.MTSI-9.19;60;20190621;200000;26384.0000000;26384.0000000;26384.0000000;26384.0000000;1
SPFB.MTSI-9.19;60;20190622;000000;26502.0000000;26539.0000000;26500.0000000;26539.0000000;13
SPFB.MTSI-9.19;60;20190624;110000;26501.0000000;26520.0000000;26447.0000000;26485.0000000;89
SPFB.MTSI-9.19;60;20190624;120000;26385.0000000;26415.0000000;26385.0000000;26415.0000000;3
SPFB.MTSI-9.19;60;20190624;130000;26457.0000000;26524.0000000;26457.0000000;26469.0000000;10
SPFB.MTSI-9.19;60;20190624;140000;26520.0000000;26520.0000000;26490.0000000;26509.0000000;14
SPFB.MTSI-9.19;60;20190624;150000;26476.0000000;26476.0000000;26476.0000000;26476.0000000;9
SPFB.MTSI-9.19;60;20190624;170000;26512.0000000;26512.0000000;26500.0000000;26500.0000000;4
SPFB.MTSI-9.19;60;20190624;180000;26486.0000000;26524.0000000;26486.0000000;26497.0000000;11
SPFB.MTSI-9.19;60;20190624;190000;26551.0000000;26560.0000000;26488.0000000;26488.0000000;5
SPFB.MTSI-9.19;60;20190624;200000;26547.0000000;26547.0000000;26547.0000000;26547.0000000;1
SPFB.MTSI-9.19;60;20190624;220000;26564.0000000;26727.0000000;26564.0000000;26724.0000000;16
SPFB.MTSI-9.19;60;20190625;000000;26667.0000000;26667.0000000;26661.0000000;26661.0000000;3
SPFB.MTSI-9.19;60;20190625;110000;26627.0000000;26764.0000000;26617.0000000;26655.0000000;22
SPFB.MTSI-9.19;60;20190625;120000;26629.0000000;26629.0000000;26478.0000000;26478.0000000;14
SPFB.MTSI-9.19;60;20190625;130000;26434.0000000;26520.0000000;26434.0000000;26520.0000000;16
SPFB.MTSI-9.19;60;20190625;140000;26539.0000000;26539.0000000;26451.0000000;26485.0000000;28
SPFB.MTSI-9.19;60;20190625;150000;26484.0000000;26484.0000000;26484.0000000;26484.0000000;3
SPFB.MTSI-9.19;60;20190625;170000;26576.0000000;26701.0000000;26562.0000000;26689.0000000;35
SPFB.MTSI-9.19;60;20190625;180000;26656.0000000;26694.0000000;26582.0000000;26585.0000000;21
SPFB.MTSI-9.19;60;20190625;190000;26604.0000000;26627.0000000;26604.0000000;26627.0000000;2
SPFB.MTSI-9.19;60;20190626;110000;26647.0000000;26697.0000000;26629.0000000;26697.0000000;13
SPFB.MTSI-9.19;60;20190626;120000;26739.0000000;27050.0000000;26739.0000000;26965.0000000;61
SPFB.MTSI-9.19;60;20190626;130000;26893.0000000;26946.0000000;26893.0000000;26946.0000000;49
SPFB.MTSI-9.19;60;20190626;140000;26953.0000000;26953.0000000;26917.0000000;26917.0000000;2
SPFB.MTSI-9.19;60;20190626;150000;26911.0000000;26911.0000000;26867.0000000;26890.0000000;7
SPFB.MTSI-9.19;60;20190626;160000;26864.0000000;26864.0000000;26801.0000000;26801.0000000;9
SPFB.MTSI-9.19;60;20190626;170000;26801.0000000;27050.0000000;26801.0000000;27019.0000000;16
SPFB.MTSI-9.19;60;20190626;180000;27021.0000000;27072.0000000;27021.0000000;27072.0000000;96
SPFB.MTSI-9.19;60;20190626;190000;27095.0000000;27215.0000000;27094.0000000;27215.0000000;45
SPFB.MTSI-9.19;60;20190626;200000;27181.0000000;27181.0000000;27181.0000000;27181.0000000;1
SPFB.MTSI-9.19;60;20190626;210000;27182.0000000;27244.0000000;27167.0000000;27167.0000000;10
SPFB.MTSI-9.19;60;20190626;230000;27140.0000000;27140.0000000;27140.0000000;27140.0000000;3
SPFB.MTSI-9.19;60;20190627;000000;27160.0000000;27162.0000000;27160.0000000;27162.0000000;3
SPFB.MTSI-9.19;60;20190627;110000;27302.0000000;27305.0000000;27170.0000000;27224.0000000;97
SPFB.MTSI-9.19;60;20190627;120000;27200.0000000;27206.0000000;27066.0000000;27115.0000000;9
SPFB.MTSI-9.19;60;20190627;130000;27098.0000000;27201.0000000;27098.0000000;27100.0000000;27
SPFB.MTSI-9.19;60;20190627;150000;27102.0000000;27102.0000000;27102.0000000;27102.0000000;10
SPFB.MTSI-9.19;60;20190627;160000;27060.0000000;27060.0000000;27055.0000000;27055.0000000;2
SPFB.MTSI-9.19;60;20190627;170000;27085.0000000;27157.0000000;27085.0000000;27093.0000000;16
SPFB.MTSI-9.19;60;20190627;180000;27085.0000000;27134.0000000;27085.0000000;27113.0000000;11
SPFB.MTSI-9.19;60;20190627;190000;27057.0000000;27057.0000000;27012.0000000;27015.0000000;8
SPFB.MTSI-9.19;60;20190627;200000;26431.0000000;26980.0000000;26431.0000000;26980.0000000;23
SPFB.MTSI-9.19;60;20190627;210000;26946.0000000;26946.0000000;26940.0000000;26940.0000000;4
SPFB.MTSI-9.19;60;20190627;220000;26911.0000000;26911.0000000;26911.0000000;26911.0000000;1
SPFB.MTSI-9.19;60;20190627;230000;26874.0000000;26921.0000000;26874.0000000;26921.0000000;5
SPFB.MTSI-9.19;60;20190628;110000;27012.0000000;27220.0000000;26972.0000000;27183.0000000;32
SPFB.MTSI-9.19;60;20190628;120000;27173.0000000;27300.0000000;27173.0000000;27300.0000000;19
SPFB.MTSI-9.19;60;20190628;130000;27277.0000000;27277.0000000;27276.0000000;27276.0000000;4
SPFB.MTSI-9.19;60;20190628;140000;27280.0000000;27329.0000000;27280.0000000;27308.0000000;8
SPFB.MTSI-9.19;60;20190628;150000;27309.0000000;27309.0000000;27309.0000000;27309.0000000;1
SPFB.MTSI-9.19;60;20190628;160000;27296.0000000;27380.0000000;27296.0000000;27380.0000000;7
SPFB.MTSI-9.19;60;20190628;170000;27404.0000000;27404.0000000;27147.0000000;27158.0000000;51
SPFB.MTSI-9.19;60;20190628;180000;27140.0000000;27167.0000000;27140.0000000;27167.0000000;6
SPFB.MTSI-9.19;60;20190628;190000;27110.0000000;27110.0000000;27100.0000000;27100.0000000;11
SPFB.MTSI-9.19;60;20190628;200000;27156.0000000;27156.0000000;27156.0000000;27156.0000000;1
SPFB.MTSI-9.19;60;20190628;220000;27053.0000000;27053.0000000;27010.0000000;27010.0000000;5
SPFB.MTSI-9.19;60;20190628;230000;27053.0000000;27054.0000000;27013.0000000;27013.0000000;4
SPFB.MTSI-9.19;60;20190629;000000;27066.0000000;27066.0000000;27066.0000000;27066.0000000;1
SPFB.MTSI-9.19;60;20190701;110000;27320.0000000;27363.0000000;27300.0000000;27303.0000000;15
SPFB.MTSI-9.19;60;20190701;120000;27373.0000000;27373.0000000;27317.0000000;27317.0000000;4
SPFB.MTSI-9.19;60;20190701;130000;27399.0000000;27427.0000000;27390.0000000;27390.0000000;10
SPFB.MTSI-9.19;60;20190701;140000;27400.0000000;27477.0000000;27396.0000000;27433.0000000;57
SPFB.MTSI-9.19;60;20190701;150000;27467.0000000;27467.0000000;27419.0000000;27454.0000000;5
SPFB.MTSI-9.19;60;20190701;160000;27452.0000000;27453.0000000;27411.0000000;27411.0000000;7
SPFB.MTSI-9.19;60;20190701;170000;27480.0000000;27494.0000000;27228.0000000;27228.0000000;63
SPFB.MTSI-9.19;60;20190701;180000;27232.0000000;27232.0000000;27110.0000000;27110.0000000;62
SPFB.MTSI-9.19;60;20190701;190000;27055.0000000;27105.0000000;27055.0000000;27105.0000000;10
SPFB.MTSI-9.19;60;20190701;200000;27103.0000000;27104.0000000;27035.0000000;27035.0000000;4
SPFB.MTSI-9.19;60;20190701;220000;27036.0000000;27102.0000000;27035.0000000;27102.0000000;15
SPFB.MTSI-9.19;60;20190702;110000;27231.0000000;27400.0000000;27180.0000000;27400.0000000;32
SPFB.MTSI-9.19;60;20190702;120000;27394.0000000;27399.0000000;27256.0000000;27260.0000000;24
SPFB.MTSI-9.19;60;20190702;130000;27276.0000000;27286.0000000;27250.0000000;27250.0000000;14
SPFB.MTSI-9.19;60;20190702;140000;27300.0000000;27300.0000000;27300.0000000;27300.0000000;1
SPFB.MTSI-9.19;60;20190702;160000;27240.0000000;27240.0000000;27151.0000000;27151.0000000;4
SPFB.MTSI-9.19;60;20190702;170000;27188.0000000;27188.0000000;26705.0000000;26856.0000000;56
SPFB.MTSI-9.19;60;20190702;180000;26879.0000000;26879.0000000;26562.0000000;26600.0000000;372
SPFB.MTSI-9.19;60;20190702;190000;26570.0000000;26671.0000000;26542.0000000;26671.0000000;104
SPFB.MTSI-9.19;60;20190702;200000;26626.0000000;26626.0000000;26600.0000000;26601.0000000;12
SPFB.MTSI-9.19;60;20190702;210000;26600.0000000;26600.0000000;26586.0000000;26586.0000000;7
SPFB.MTSI-9.19;60;20190702;220000;26560.0000000;26560.0000000;26458.0000000;26458.0000000;6
SPFB.MTSI-9.19;60;20190703;110000;26601.0000000;26765.0000000;26598.0000000;26757.0000000;99
SPFB.MTSI-9.19;60;20190703;120000;26819.0000000;26838.0000000;26782.0000000;26804.0000000;82
SPFB.MTSI-9.19;60;20190703;130000;26824.0000000;26824.0000000;26800.0000000;26821.0000000;6
SPFB.MTSI-9.19;60;20190703;140000;26760.0000000;26877.0000000;26760.0000000;26874.0000000;25
SPFB.MTSI-9.19;60;20190703;150000;26883.0000000;26993.0000000;26882.0000000;26922.0000000;19
SPFB.MTSI-9.19;60;20190703;160000;26857.0000000;26857.0000000;26817.0000000;26817.0000000;15
SPFB.MTSI-9.19;60;20190703;170000;26823.0000000;26936.0000000;26766.0000000;26825.0000000;57
SPFB.MTSI-9.19;60;20190703;180000;26826.0000000;26857.0000000;26677.0000000;26795.0000000;53
SPFB.MTSI-9.19;60;20190703;190000;26712.0000000;26786.0000000;26712.0000000;26755.0000000;6
SPFB.MTSI-9.19;60;20190703;200000;26949.0000000;26949.0000000;26949.0000000;26949.0000000;1
SPFB.MTSI-9.19;60;20190703;230000;26641.0000000;26757.0000000;26640.0000000;26644.0000000;4
SPFB.MTSI-9.19;60;20190704;110000;26809.0000000;26950.0000000;26809.0000000;26882.0000000;22
SPFB.MTSI-9.19;60;20190704;120000;26895.0000000;26900.0000000;26800.0000000;26844.0000000;58
SPFB.MTSI-9.19;60;20190704;130000;26811.0000000;26813.0000000;26811.0000000;26813.0000000;7
SPFB.MTSI-9.19;60;20190704;140000;26820.0000000;26820.0000000;26775.0000000;26815.0000000;16
SPFB.MTSI-9.19;60;20190704;150000;26775.0000000;26775.0000000;26734.0000000;26752.0000000;37
SPFB.MTSI-9.19;60;20190704;160000;26810.0000000;26810.0000000;26695.0000000;26695.0000000;19
SPFB.MTSI-9.19;60;20190704;170000;26649.0000000;26666.0000000;26649.0000000;26651.0000000;8
SPFB.MTSI-9.19;60;20190704;180000;26690.0000000;26766.0000000;26653.0000000;26727.0000000;59
SPFB.MTSI-9.19;60;20190704;190000;26726.0000000;26802.0000000;26725.0000000;26750.0000000;22
SPFB.MTSI-9.19;60;20190704;220000;26653.0000000;26653.0000000;26653.0000000;26653.0000000;1
SPFB.MTSI-9.19;60;20190705;110000;26796.0000000;26916.0000000;26796.0000000;26878.0000000;43
SPFB.MTSI-9.19;60;20190705;120000;26890.0000000;26949.0000000;26890.0000000;26949.0000000;45
SPFB.MTSI-9.19;60;20190705;130000;26924.0000000;26924.0000000;26898.0000000;26924.0000000;12
SPFB.MTSI-9.19;60;20190705;140000;26939.0000000;27000.0000000;26939.0000000;27000.0000000;3
SPFB.MTSI-9.19;60;20190705;150000;26933.0000000;26943.0000000;26933.0000000;26943.0000000;2
SPFB.MTSI-9.19;60;20190705;160000;26923.0000000;26957.0000000;26894.0000000;26921.0000000;25
SPFB.MTSI-9.19;60;20190705;170000;26889.0000000;26889.0000000;26709.0000000;26710.0000000;35
SPFB.MTSI-9.19;60;20190705;180000;26750.0000000;26941.0000000;26749.0000000;26938.0000000;57
SPFB.MTSI-9.19;60;20190705;190000;26938.0000000;27150.0000000;26901.0000000;27111.0000000;551
SPFB.MTSI-9.19;60;20190705;200000;27101.0000000;27101.0000000;26981.0000000;26981.0000000;14
SPFB.MTSI-9.19;60;20190708;110000;27215.0000000;27247.0000000;26991.0000000;27042.0000000;366
SPFB.MTSI-9.19;60;20190708;120000;27073.0000000;27097.0000000;27008.0000000;27008.0000000;15
SPFB.MTSI-9.19;60;20190708;130000;27000.0000000;27050.0000000;26982.0000000;26993.0000000;489
SPFB.MTSI-9.19;60;20190708;140000;26998.0000000;27186.0000000;26982.0000000;27186.0000000;42
SPFB.MTSI-9.19;60;20190708;150000;27172.0000000;27191.0000000;27131.0000000;27171.0000000;38
SPFB.MTSI-9.19;60;20190708;160000;27150.0000000;27150.0000000;27080.0000000;27080.0000000;39
SPFB.MTSI-9.19;60;20190708;170000;27060.0000000;27102.0000000;26964.0000000;26964.0000000;567
SPFB.MTSI-9.19;60;20190708;180000;26990.0000000;27004.0000000;26970.0000000;26980.0000000;87
SPFB.MTSI-9.19;60;20190708;190000;26991.0000000;27053.0000000;26991.0000000;27053.0000000;31
SPFB.MTSI-9.19;60;20190708;200000;27147.0000000;27147.0000000;27147.0000000;27147.0000000;1
SPFB.MTSI-9.19;60;20190708;220000;27024.0000000;27024.0000000;27024.0000000;27024.0000000;8
SPFB.MTSI-9.19;60;20190708;230000;26994.0000000;26994.0000000;26994.0000000;26994.0000000;1
SPFB.MTSI-9.19;60;20190709;110000;27039.0000000;27195.0000000;27008.0000000;27032.0000000;132
SPFB.MTSI-9.19;60;20190709;120000;27016.0000000;27016.0000000;26943.0000000;26955.0000000;17
SPFB.MTSI-9.19;60;20190709;130000;26945.0000000;26945.0000000;26882.0000000;26891.0000000;21
SPFB.MTSI-9.19;60;20190709;140000;26899.0000000;26939.0000000;26899.0000000;26901.0000000;5
SPFB.MTSI-9.19;60;20190709;150000;26958.0000000;27002.0000000;26913.0000000;26966.0000000;138
SPFB.MTSI-9.19;60;20190709;160000;27000.0000000;27020.0000000;26960.0000000;26970.0000000;128
SPFB.MTSI-9.19;60;20190709;170000;26969.0000000;27195.0000000;26969.0000000;27195.0000000;43
SPFB.MTSI-9.19;60;20190709;180000;27169.0000000;27194.0000000;27160.0000000;27192.0000000;12
SPFB.MTSI-9.19;60;20190709;190000;27194.0000000;27295.0000000;27194.0000000;27195.0000000;19
SPFB.MTSI-9.19;60;20190709;230000;27187.0000000;27194.0000000;27187.0000000;27194.0000000;2
SPFB.MTSI-9.19;60;20190710;110000;27236.0000000;27236.0000000;27001.0000000;27001.0000000;35
SPFB.MTSI-9.19;60;20190710;120000;27100.0000000;27100.0000000;27100.0000000;27100.0000000;9
SPFB.MTSI-9.19;60;20190710;130000;27100.0000000;27114.0000000;27100.0000000;27100.0000000;24
SPFB.MTSI-9.19;60;20190710;140000;27071.0000000;27071.0000000;27017.0000000;27041.0000000;23
SPFB.MTSI-9.19;60;20190710;160000;27035.0000000;27035.0000000;26985.0000000;26990.0000000;24
SPFB.MTSI-9.19;60;20190710;170000;27040.0000000;27171.0000000;27016.0000000;27122.0000000;32
SPFB.MTSI-9.19;60;20190710;180000;27106.0000000;27119.0000000;26976.0000000;26998.0000000;46
SPFB.MTSI-9.19;60;20190710;190000;26950.0000000;27071.0000000;26950.0000000;27010.0000000;13
SPFB.MTSI-9.19;60;20190710;230000;27020.0000000;27020.0000000;27020.0000000;27020.0000000;1
SPFB.MTSI-9.19;60;20190711;000000;27000.0000000;27000.0000000;27000.0000000;27000.0000000;1
SPFB.MTSI-9.19;60;20190711;110000;27080.0000000;27118.0000000;26951.0000000;26951.0000000;146
SPFB.MTSI-9.19;60;20190711;120000;26952.0000000;26961.0000000;26901.0000000;26940.0000000;21
SPFB.MTSI-9.19;60;20190711;130000;26931.0000000;27005.0000000;26931.0000000;26963.0000000;30
SPFB.MTSI-9.19;60;20190711;140000;26976.0000000;26988.0000000;26975.0000000;26988.0000000;14
SPFB.MTSI-9.19;60;20190711;170000;26905.0000000;26905.0000000;26815.0000000;26892.0000000;37
SPFB.MTSI-9.19;60;20190711;180000;27032.0000000;27032.0000000;26950.0000000;26961.0000000;9
SPFB.MTSI-9.19;60;20190711;190000;26984.0000000;26993.0000000;26865.0000000;26865.0000000;14
SPFB.MTSI-9.19;60;20190711;220000;26939.0000000;26996.0000000;26939.0000000;26970.0000000;4
SPFB.MTSI-9.19;60;20190711;230000;26947.0000000;27009.0000000;26946.0000000;27009.0000000;5
SPFB.MTSI-9.19;60;20190712;110000;26968.0000000;27001.0000000;26696.0000000;26823.0000000;71
SPFB.MTSI-9.19;60;20190712;120000;26924.0000000;26924.0000000;26750.0000000;26750.0000000;69
SPFB.MTSI-9.19;60;20190712;130000;26750.0000000;26758.0000000;26701.0000000;26754.0000000;41
SPFB.MTSI-9.19;60;20190712;140000;26784.0000000;26930.0000000;26784.0000000;26797.0000000;32
SPFB.MTSI-9.19;60;20190712;150000;26799.0000000;26816.0000000;26799.0000000;26816.0000000;4
SPFB.MTSI-9.19;60;20190712;160000;26891.0000000;26929.0000000;26891.0000000;26929.0000000;13
SPFB.MTSI-9.19;60;20190712;170000;26921.0000000;26974.0000000;26889.0000000;26973.0000000;50
SPFB.MTSI-9.19;60;20190712;180000;26949.0000000;26952.0000000;26937.0000000;26937.0000000;31
SPFB.MTSI-9.19;60;20190712;190000;26926.0000000;26963.0000000;26917.0000000;26963.0000000;37
SPFB.MTSI-9.19;60;20190712;200000;27024.0000000;27024.0000000;27024.0000000;27024.0000000;1
SPFB.MTSI-9.19;60;20190712;220000;27015.0000000;27015.0000000;27015.0000000;27015.0000000;1
SPFB.MTSI-9.19;60;20190715;110000;27099.0000000;27715.0000000;27074.0000000;27098.0000000;72
SPFB.MTSI-9.19;60;20190715;120000;27115.0000000;27115.0000000;27111.0000000;27111.0000000;5
SPFB.MTSI-9.19;60;20190715;130000;27067.0000000;27098.0000000;27060.0000000;27078.0000000;28
SPFB.MTSI-9.19;60;20190715;140000;27067.0000000;27067.0000000;27057.0000000;27057.0000000;8
SPFB.MTSI-9.19;60;20190715;150000;27030.0000000;27037.0000000;26854.0000000;26888.0000000;31
SPFB.MTSI-9.19;60;20190715;160000;26978.0000000;26978.0000000;26978.0000000;26978.0000000;1
SPFB.MTSI-9.19;60;20190715;170000;26995.0000000;27056.0000000;26975.0000000;27015.0000000;47
SPFB.MTSI-9.19;60;20190715;180000;27008.0000000;27019.0000000;26980.0000000;26980.0000000;10
SPFB.MTSI-9.19;60;20190715;190000;27000.0000000;27000.0000000;27000.0000000;27000.0000000;2
SPFB.MTSI-9.19;60;20190716;110000;26980.0000000;27217.0000000;26941.0000000;26954.0000000;30
SPFB.MTSI-9.19;60;20190716;120000;26899.0000000;26930.0000000;26899.0000000;26930.0000000;11
SPFB.MTSI-9.19;60;20190716;140000;26943.0000000;26943.0000000;26903.0000000;26920.0000000;3
SPFB.MTSI-9.19;60;20190716;150000;26906.0000000;26910.0000000;26902.0000000;26910.0000000;19
SPFB.MTSI-9.19;60;20190716;160000;26909.0000000;26909.0000000;26884.0000000;26891.0000000;35
SPFB.MTSI-9.19;60;20190716;170000;26860.0000000;26904.0000000;26849.0000000;26904.0000000;43
SPFB.MTSI-9.19;60;20190716;180000;26968.0000000;26968.0000000;26864.0000000;26864.0000000;15
SPFB.MTSI-9.19;60;20190716;190000;26840.0000000;26840.0000000;26785.0000000;26785.0000000;3
SPFB.MTSI-9.19;60;20190716;200000;26862.0000000;26862.0000000;26862.0000000;26862.0000000;3
SPFB.MTSI-9.19;60;20190716;210000;26858.0000000;26858.0000000;26858.0000000;26858.0000000;1
SPFB.MTSI-9.19;60;20190716;230000;26807.0000000;26807.0000000;26807.0000000;26807.0000000;1
SPFB.MTSI-9.19;60;20190717;000000;26800.0000000;26824.0000000;26800.0000000;26800.0000000;4
SPFB.MTSI-9.19;60;20190717;110000;26863.0000000;26870.0000000;26863.0000000;26870.0000000;3
SPFB.MTSI-9.19;60;20190717;120000;26872.0000000;26975.0000000;26862.0000000;26975.0000000;101
SPFB.MTSI-9.19;60;20190717;130000;26932.0000000;26932.0000000;26892.0000000;26892.0000000;5
SPFB.MTSI-9.19;60;20190717;140000;26860.0000000;26860.0000000;26860.0000000;26860.0000000;4
SPFB.MTSI-9.19;60;20190717;160000;26811.0000000;26821.0000000;26811.0000000;26814.0000000;8
SPFB.MTSI-9.19;60;20190717;170000;26802.0000000;26802.0000000;26720.0000000;26731.0000000;54
SPFB.MTSI-9.19;60;20190717;180000;26711.0000000;26741.0000000;26700.0000000;26718.0000000;43
SPFB.MTSI-9.19;60;20190717;190000;26700.0000000;26716.0000000;26606.0000000;26624.0000000;49
SPFB.MTSI-9.19;60;20190717;210000;26699.0000000;26699.0000000;26699.0000000;26699.0000000;3
SPFB.MTSI-9.19;60;20190717;230000;26676.0000000;26686.0000000;26637.0000000;26665.0000000;177
SPFB.MTSI-9.19;60;20190718;000000;26699.0000000;26699.0000000;26699.0000000;26699.0000000;1
SPFB.MTSI-9.19;60;20190718;110000;26610.0000000;26683.0000000;26543.0000000;26543.0000000;97
SPFB.MTSI-9.19;60;20190718;120000;26520.0000000;26520.0000000;26305.0000000;26332.0000000;199
SPFB.MTSI-9.19;60;20190718;130000;26377.0000000;26386.0000000;26377.0000000;26384.0000000;4
SPFB.MTSI-9.19;60;20190718;140000;26380.0000000;26538.0000000;26380.0000000;26527.0000000;15
SPFB.MTSI-9.19;60;20190718;150000;26491.0000000;26550.0000000;26491.0000000;26526.0000000;6
SPFB.MTSI-9.19;60;20190718;160000;26517.0000000;26517.0000000;26493.0000000;26500.0000000;5
SPFB.MTSI-9.19;60;20190718;170000;26457.0000000;26457.0000000;26430.0000000;26450.0000000;30
SPFB.MTSI-9.19;60;20190718;180000;26329.0000000;26400.0000000;26325.0000000;26325.0000000;87
SPFB.MTSI-9.19;60;20190718;190000;26315.0000000;26389.0000000;26315.0000000;26389.0000000;5
SPFB.MTSI-9.19;60;20190718;200000;26359.0000000;26399.0000000;26250.0000000;26321.0000000;197
SPFB.MTSI-9.19;60;20190718;210000;26359.0000000;26390.0000000;26310.0000000;26382.0000000;276
SPFB.MTSI-9.19;60;20190718;220000;26386.0000000;26390.0000000;26255.0000000;26255.0000000;62
SPFB.MTSI-9.19;60;20190718;230000;26383.0000000;26399.0000000;26383.0000000;26399.0000000;6
SPFB.MTSI-9.19;60;20190719;000000;26480.0000000;26480.0000000;26480.0000000;26480.0000000;2
SPFB.MTSI-9.19;60;20190719;110000;26496.0000000;26497.0000000;26450.0000000;26457.0000000;17
SPFB.MTSI-9.19;60;20190719;120000;26481.0000000;26565.0000000;26477.0000000;26565.0000000;39
SPFB.MTSI-9.19;60;20190719;130000;26598.0000000;26686.0000000;26598.0000000;26641.0000000;13
SPFB.MTSI-9.19;60;20190719;140000;26670.0000000;26670.0000000;26597.0000000;26598.0000000;28
SPFB.MTSI-9.19;60;20190719;170000;26568.0000000;26568.0000000;26494.0000000;26513.0000000;8
SPFB.MTSI-9.19;60;20190719;180000;26468.0000000;26483.0000000;26274.0000000;26274.0000000;27
SPFB.MTSI-9.19;60;20190719;190000;26280.0000000;26429.0000000;26280.0000000;26429.0000000;19
SPFB.MTSI-9.19;60;20190719;200000;26321.0000000;26474.0000000;26321.0000000;26474.0000000;181
SPFB.MTSI-9.19;60;20190719;210000;26428.0000000;26428.0000000;26378.0000000;26382.0000000;38
SPFB.MTSI-9.19;60;20190719;230000;26313.0000000;26313.0000000;26236.0000000;26236.0000000;20
SPFB.MTSI-9.19;60;20190722;110000;26401.0000000;26463.0000000;26336.0000000;26336.0000000;30
SPFB.MTSI-9.19;60;20190722;120000;26440.0000000;26440.0000000;26440.0000000;26440.0000000;1
SPFB.MTSI-9.19;60;20190722;130000;26412.0000000;26412.0000000;26412.0000000;26412.0000000;2
SPFB.MTSI-9.19;60;20190722;140000;26483.0000000;26484.0000000;26462.0000000;26462.0000000;17
SPFB.MTSI-9.19;60;20190722;150000;26455.0000000;26504.0000000;26446.0000000;26446.0000000;19
SPFB.MTSI-9.19;60;20190722;160000;26467.0000000;26498.0000000;26440.0000000;26446.0000000;20
SPFB.MTSI-9.19;60;20190722;170000;26430.0000000;26430.0000000;26250.0000000;26291.0000000;192
SPFB.MTSI-9.19;60;20190722;180000;26340.0000000;26390.0000000;26340.0000000;26390.0000000;29
SPFB.MTSI-9.19;60;20190722;190000;26350.0000000;26350.0000000;26336.0000000;26336.0000000;6
SPFB.MTSI-9.19;60;20190722;200000;26433.0000000;26481.0000000;26332.0000000;26431.0000000;240
SPFB.MTSI-9.19;60;20190722;210000;26473.0000000;26473.0000000;26430.0000000;26430.0000000;39
SPFB.MTSI-9.19;60;20190722;220000;26403.0000000;26403.0000000;26400.0000000;26400.0000000;2
SPFB.MTSI-9.19;60;20190722;230000;26400.0000000;26400.0000000;26400.0000000;26400.0000000;19
SPFB.MTSI-9.19;60;20190723;110000;26422.0000000;26534.0000000;26422.0000000;26440.0000000;42
SPFB.MTSI-9.19;60;20190723;120000;26404.0000000;26404.0000000;26404.0000000;26404.0000000;1
SPFB.MTSI-9.19;60;20190723;130000;26483.0000000;26589.0000000;26483.0000000;26534.0000000;30
SPFB.MTSI-9.19;60;20190723;150000;26552.0000000;26605.0000000;26549.0000000;26605.0000000;26
SPFB.MTSI-9.19;60;20190723;160000;26648.0000000;26656.0000000;26590.0000000;26590.0000000;17
SPFB.MTSI-9.19;60;20190723;170000;26601.0000000;26601.0000000;26598.0000000;26598.0000000;5
SPFB.MTSI-9.19;60;20190723;180000;26598.0000000;26660.0000000;26598.0000000;26647.0000000;20
SPFB.MTSI-9.19;60;20190723;190000;26647.0000000;26720.0000000;26647.0000000;26647.0000000;7
SPFB.MTSI-9.19;60;20190723;200000;26500.0000000;26705.0000000;26500.0000000;26638.0000000;230
SPFB.MTSI-9.19;60;20190723;210000;26632.0000000;26632.0000000;26632.0000000;26632.0000000;1
SPFB.MTSI-9.19;60;20190723;220000;26631.0000000;26650.0000000;26631.0000000;26650.0000000;54
SPFB.MTSI-9.19;60;20190724;000000;26774.0000000;26774.0000000;26746.0000000;26746.0000000;2
SPFB.MTSI-9.19;60;20190724;110000;26747.0000000;26774.0000000;26691.0000000;26699.0000000;180
SPFB.MTSI-9.19;60;20190724;120000;26732.0000000;26830.0000000;26732.0000000;26830.0000000;30
SPFB.MTSI-9.19;60;20190724;130000;26838.0000000;26853.0000000;26807.0000000;26825.0000000;17
SPFB.MTSI-9.19;60;20190724;140000;26831.0000000;26831.0000000;26792.0000000;26792.0000000;6
SPFB.MTSI-9.19;60;20190724;150000;26792.0000000;26792.0000000;26792.0000000;26792.0000000;1
SPFB.MTSI-9.19;60;20190724;160000;26756.0000000;26756.0000000;26756.0000000;26756.0000000;4
SPFB.MTSI-9.19;60;20190724;170000;26705.0000000;26705.0000000;26680.0000000;26680.0000000;23
SPFB.MTSI-9.19;60;20190724;180000;26618.0000000;26625.0000000;26557.0000000;26602.0000000;26
SPFB.MTSI-9.19;60;20190724;190000;26628.0000000;26629.0000000;26628.0000000;26629.0000000;5
SPFB.MTSI-9.19;60;20190724;220000;26808.0000000;26808.0000000;26667.0000000;26772.0000000;113
SPFB.MTSI-9.19;60;20190724;230000;26740.0000000;26753.0000000;26674.0000000;26697.0000000;108
SPFB.MTSI-9.19;60;20190725;000000;26684.0000000;26735.0000000;26660.0000000;26735.0000000;44
SPFB.MTSI-9.19;60;20190725;110000;26530.0000000;26629.0000000;26519.0000000;26613.0000000;49
SPFB.MTSI-9.19;60;20190725;120000;26668.0000000;26748.0000000;26645.0000000;26748.0000000;18
SPFB.MTSI-9.19;60;20190725;130000;26768.0000000;26768.0000000;26700.0000000;26700.0000000;32
SPFB.MTSI-9.19;60;20190725;140000;26762.0000000;26762.0000000;26715.0000000;26739.0000000;11
SPFB.MTSI-9.19;60;20190725;150000;26738.0000000;26849.0000000;26738.0000000;26849.0000000;19
SPFB.MTSI-9.19;60;20190725;160000;26819.0000000;26850.0000000;26819.0000000;26850.0000000;73
SPFB.MTSI-9.19;60;20190725;170000;26859.0000000;26860.0000000;26439.0000000;26488.0000000;165
SPFB.MTSI-9.19;60;20190725;180000;26500.0000000;26559.0000000;26455.0000000;26517.0000000;130
SPFB.MTSI-9.19;60;20190725;200000;26483.0000000;26608.0000000;26483.0000000;26603.0000000;186
SPFB.MTSI-9.19;60;20190725;210000;26565.0000000;26606.0000000;26565.0000000;26604.0000000;77
SPFB.MTSI-9.19;60;20190725;230000;26533.0000000;26555.0000000;26533.0000000;26555.0000000;4
SPFB.MTSI-9.19;60;20190726;110000;26555.0000000;26630.0000000;26532.0000000;26532.0000000;32
SPFB.MTSI-9.19;60;20190726;120000;26532.0000000;26535.0000000;26457.0000000;26535.0000000;26
SPFB.MTSI-9.19;60;20190726;130000;26527.0000000;26576.0000000;26527.0000000;26552.0000000;8
SPFB.MTSI-9.19;60;20190726;140000;26537.0000000;26537.0000000;26537.0000000;26537.0000000;9
SPFB.MTSI-9.19;60;20190726;150000;26594.0000000;26615.0000000;26538.0000000;26615.0000000;7
SPFB.MTSI-9.19;60;20190726;170000;26539.0000000;26539.0000000;26539.0000000;26539.0000000;1
SPFB.MTSI-9.19;60;20190726;180000;26598.0000000;26646.0000000;26569.0000000;26582.0000000;9
SPFB.MTSI-9.19;60;20190726;190000;26639.0000000;26700.0000000;26639.0000000;26699.0000000;10
SPFB.MTSI-9.19;60;20190726;200000;26569.0000000;26715.0000000;26569.0000000;26715.0000000;331
SPFB.MTSI-9.19;60;20190726;210000;26696.0000000;26696.0000000;26639.0000000;26639.0000000;9
SPFB.MTSI-9.19;60;20190726;220000;26682.0000000;26682.0000000;26641.0000000;26641.0000000;2
SPFB.MTSI-9.19;60;20190727;000000;26630.0000000;26659.0000000;26630.0000000;26659.0000000;2
SPFB.MTSI-9.19;60;20190729;110000;26720.0000000;26850.0000000;26716.0000000;26832.0000000;203
SPFB.MTSI-9.19;60;20190729;120000;26858.0000000;26888.0000000;26830.0000000;26881.0000000;28
SPFB.MTSI-9.19;60;20190729;130000;26860.0000000;26870.0000000;26830.0000000;26870.0000000;3
SPFB.MTSI-9.19;60;20190729;140000;26803.0000000;26803.0000000;26727.0000000;26757.0000000;5
SPFB.MTSI-9.19;60;20190729;150000;26784.0000000;26836.0000000;26784.0000000;26798.0000000;30
SPFB.MTSI-9.19;60;20190729;160000;26835.0000000;26853.0000000;26835.0000000;26839.0000000;14
SPFB.MTSI-9.19;60;20190729;170000;26804.0000000;26804.0000000;26595.0000000;26667.0000000;86
SPFB.MTSI-9.19;60;20190729;180000;26609.0000000;26628.0000000;26581.0000000;26583.0000000;20
SPFB.MTSI-9.19;60;20190729;190000;26578.0000000;26615.0000000;26570.0000000;26570.0000000;12
SPFB.MTSI-9.19;60;20190729;200000;26671.0000000;26671.0000000;26561.0000000;26602.0000000;80
SPFB.MTSI-9.19;60;20190729;210000;26606.0000000;26606.0000000;26575.0000000;26587.0000000;12
SPFB.MTSI-9.19;60;20190729;220000;26619.0000000;26619.0000000;26619.0000000;26619.0000000;2
SPFB.MTSI-9.19;60;20190730;000000;26586.0000000;26604.0000000;26586.0000000;26604.0000000;4
SPFB.MTSI-9.19;60;20190730;110000;26570.0000000;26673.0000000;26564.0000000;26662.0000000;94
SPFB.MTSI-9.19;60;20190730;120000;26660.0000000;26843.0000000;26660.0000000;26816.0000000;142
SPFB.MTSI-9.19;60;20190730;130000;26821.0000000;26835.0000000;26728.0000000;26807.0000000;36
SPFB.MTSI-9.19;60;20190730;140000;26782.0000000;26946.0000000;26751.0000000;26918.0000000;147
SPFB.MTSI-9.19;60;20190730;150000;26929.0000000;27025.0000000;26902.0000000;27000.0000000;48
SPFB.MTSI-9.19;60;20190730;160000;26954.0000000;26954.0000000;26906.0000000;26906.0000000;6
SPFB.MTSI-9.19;60;20190730;170000;26880.0000000;26933.0000000;26749.0000000;26757.0000000;38
SPFB.MTSI-9.19;60;20190730;180000;26760.0000000;26830.0000000;26705.0000000;26751.0000000;115
SPFB.MTSI-9.19;60;20190730;190000;26735.0000000;26876.0000000;26718.0000000;26876.0000000;22
SPFB.MTSI-9.19;60;20190730;200000;27150.0000000;27150.0000000;26840.0000000;26840.0000000;24
SPFB.MTSI-9.19;60;20190730;220000;26840.0000000;26840.0000000;26801.0000000;26801.0000000;3
SPFB.MTSI-9.19;60;20190730;230000;26837.0000000;26837.0000000;26837.0000000;26837.0000000;1
SPFB.MTSI-9.19;60;20190731;000000;26856.0000000;26856.0000000;26856.0000000;26856.0000000;3
SPFB.MTSI-9.19;60;20190731;110000;26800.0000000;26888.0000000;26779.0000000;26830.0000000;19
SPFB.MTSI-9.19;60;20190731;120000;26829.0000000;26856.0000000;26829.0000000;26856.0000000;10
SPFB.MTSI-9.19;60;20190731;130000;26856.0000000;26946.0000000;26856.0000000;26946.0000000;8
SPFB.MTSI-9.19;60;20190731;150000;26904.0000000;26959.0000000;26853.0000000;26853.0000000;39
SPFB.MTSI-9.19;60;20190731;160000;26834.0000000;26930.0000000;26801.0000000;26902.0000000;40
SPFB.MTSI-9.19;60;20190731;170000;26900.0000000;26916.0000000;26671.0000000;26695.0000000;128
SPFB.MTSI-9.19;60;20190731;180000;26670.0000000;26692.0000000;26652.0000000;26652.0000000;69
SPFB.MTSI-9.19;60;20190731;190000;26688.0000000;26700.0000000;26642.0000000;26642.0000000;19
SPFB.MTSI-9.19;60;20190731;200000;26749.0000000;26750.0000000;26749.0000000;26750.0000000;2
SPFB.MTSI-9.19;60;20190731;210000;26601.0000000;26601.0000000;26600.0000000;26600.0000000;60
SPFB.MTSI-9.19;60;20190731;220000;26684.0000000;26684.0000000;26547.0000000;26547.0000000;58
SPFB.MTSI-9.19;60;20190801;110000;26547.0000000;26799.0000000;26547.0000000;26613.0000000;112
SPFB.MTSI-9.19;60;20190801;120000;26613.0000000;26634.0000000;26609.0000000;26625.0000000;14
SPFB.MTSI-9.19;60;20190801;130000;26600.0000000;26661.0000000;26600.0000000;26658.0000000;13
SPFB.MTSI-9.19;60;20190801;140000;26686.0000000;26686.0000000;26643.0000000;26643.0000000;8
SPFB.MTSI-9.19;60;20190801;150000;26600.0000000;26600.0000000;26600.0000000;26600.0000000;8
SPFB.MTSI-9.19;60;20190801;160000;26627.0000000;26638.0000000;26611.0000000;26638.0000000;10
SPFB.MTSI-9.19;60;20190801;170000;26647.0000000;26654.0000000;26547.0000000;26578.0000000;83
SPFB.MTSI-9.19;60;20190801;180000;26568.0000000;26576.0000000;25600.0000000;26466.0000000;309
SPFB.MTSI-9.19;60;20190801;190000;26445.0000000;26448.0000000;26390.0000000;26407.0000000;78
SPFB.MTSI-9.19;60;20190801;200000;26450.0000000;26450.0000000;26365.0000000;26365.0000000;23
SPFB.MTSI-9.19;60;20190801;210000;26305.0000000;26305.0000000;26270.0000000;26270.0000000;3
SPFB.MTSI-9.19;60;20190801;220000;26179.0000000;26241.0000000;26160.0000000;26184.0000000;27
SPFB.MTSI-9.19;60;20190801;230000;26200.0000000;26305.0000000;26200.0000000;26230.0000000;17
SPFB.MTSI-9.19;60;20190802;000000;26279.0000000;26317.0000000;26251.0000000;26317.0000000;22
SPFB.MTSI-9.19;60;20190802;110000;26261.0000000;26370.0000000;26225.0000000;26230.0000000;106
SPFB.MTSI-9.19;60;20190802;120000;26300.0000000;26475.0000000;26250.0000000;26432.0000000;111
SPFB.MTSI-9.19;60;20190802;130000;26460.0000000;26620.0000000;26460.0000000;26510.0000000;111
SPFB.MTSI-9.19;60;20190802;140000;26504.0000000;26625.0000000;26504.0000000;26589.0000000;17
SPFB.MTSI-9.19;60;20190802;150000;26507.0000000;26510.0000000;26470.0000000;26470.0000000;45
SPFB.MTSI-9.19;60;20190802;160000;26477.0000000;26560.0000000;26436.0000000;26540.0000000;89
SPFB.MTSI-9.19;60;20190802;170000;26458.0000000;26459.0000000;26121.0000000;26273.0000000;383
SPFB.MTSI-9.19;60;20190802;180000;26266.0000000;26320.0000000;26258.0000000;26260.0000000;36
SPFB.MTSI-9.19;60;20190802;190000;26256.0000000;26269.0000000;26204.0000000;26204.0000000;8
SPFB.MTSI-9.19;60;20190802;230000;26397.0000000;26397.0000000;26397.0000000;26397.0000000;1
SPFB.MTSI-9.19;60;20190805;110000;26201.0000000;26327.0000000;26201.0000000;26217.0000000;49
SPFB.MTSI-9.19;60;20190805;120000;26262.0000000;26293.0000000;26255.0000000;26293.0000000;10
SPFB.MTSI-9.19;60;20190805;130000;26278.0000000;26365.0000000;26278.0000000;26321.0000000;12
SPFB.MTSI-9.19;60;20190805;140000;26312.0000000;26312.0000000;26252.0000000;26270.0000000;6
SPFB.MTSI-9.19;60;20190805;150000;26246.0000000;26246.0000000;26246.0000000;26246.0000000;17
SPFB.MTSI-9.19;60;20190805;160000;26263.0000000;26287.0000000;26216.0000000;26216.0000000;11
SPFB.MTSI-9.19;60;20190805;170000;26202.0000000;26202.0000000;25850.0000000;26000.0000000;143
SPFB.MTSI-9.19;60;20190805;180000;25966.0000000;26098.0000000;25924.0000000;25968.0000000;75
SPFB.MTSI-9.19;60;20190805;190000;25955.0000000;25966.0000000;25900.0000000;25900.0000000;29
SPFB.MTSI-9.19;60;20190805;200000;25852.0000000;25941.0000000;25852.0000000;25860.0000000;40
SPFB.MTSI-9.19;60;20190805;210000;25851.0000000;25914.0000000;25850.0000000;25914.0000000;12
SPFB.MTSI-9.19;60;20190805;230000;25850.0000000;25908.0000000;25850.0000000;25908.0000000;7
SPFB.MTSI-9.19;60;20190806;110000;25945.0000000;26233.0000000;25945.0000000;26162.0000000;108
SPFB.MTSI-9.19;60;20190806;120000;26145.0000000;26145.0000000;26114.0000000;26132.0000000;8
SPFB.MTSI-9.19;60;20190806;130000;26180.0000000;26228.0000000;26180.0000000;26228.0000000;5
SPFB.MTSI-9.19;60;20190806;140000;26193.0000000;26193.0000000;26112.0000000;26112.0000000;18
SPFB.MTSI-9.19;60;20190806;150000;26143.0000000;26170.0000000;26143.0000000;26148.0000000;3
SPFB.MTSI-9.19;60;20190806;160000;26119.0000000;26119.0000000;26069.0000000;26090.0000000;30
SPFB.MTSI-9.19;60;20190806;170000;26132.0000000;26170.0000000;26021.0000000;26144.0000000;21
SPFB.MTSI-9.19;60;20190806;180000;26042.0000000;26049.0000000;25987.0000000;25992.0000000;27
SPFB.MTSI-9.19;60;20190806;190000;25950.0000000;26106.0000000;25947.0000000;26051.0000000;19
SPFB.MTSI-9.19;60;20190806;200000;26083.0000000;26139.0000000;26083.0000000;26139.0000000;3
SPFB.MTSI-9.19;60;20190806;210000;26189.0000000;26200.0000000;26189.0000000;26200.0000000;3
SPFB.MTSI-9.19;60;20190806;220000;26140.0000000;26140.0000000;26136.0000000;26136.0000000;2
SPFB.MTSI-9.19;60;20190806;230000;26046.0000000;26185.0000000;26046.0000000;26160.0000000;106
SPFB.MTSI-9.19;60;20190807;000000;26149.0000000;26177.0000000;26147.0000000;26177.0000000;98
SPFB.MTSI-9.19;60;20190807;110000;26048.0000000;26127.0000000;26023.0000000;26127.0000000;77
SPFB.MTSI-9.19;60;20190807;130000;26067.0000000;26108.0000000;26033.0000000;26108.0000000;5
SPFB.MTSI-9.19;60;20190807;140000;26102.0000000;26115.0000000;26090.0000000;26097.0000000;12
SPFB.MTSI-9.19;60;20190807;150000;26090.0000000;26091.0000000;26090.0000000;26090.0000000;18
SPFB.MTSI-9.19;60;20190807;160000;26049.0000000;26049.0000000;26044.0000000;26044.0000000;10
SPFB.MTSI-9.19;60;20190807;170000;26028.0000000;26071.0000000;25972.0000000;25978.0000000;19
SPFB.MTSI-9.19;60;20190807;180000;25998.0000000;26123.0000000;25998.0000000;26032.0000000;34
SPFB.MTSI-9.19;60;20190807;190000;26049.0000000;26120.0000000;26040.0000000;26116.0000000;13
SPFB.MTSI-9.19;60;20190807;200000;26091.0000000;26091.0000000;26091.0000000;26091.0000000;1
SPFB.MTSI-9.19;60;20190807;210000;26101.0000000;26169.0000000;26085.0000000;26153.0000000;79
SPFB.MTSI-9.19;60;20190807;220000;26177.0000000;26190.0000000;26148.0000000;26177.0000000;109
SPFB.MTSI-9.19;60;20190807;230000;26205.0000000;26211.0000000;26205.0000000;26211.0000000;7
SPFB.MTSI-9.19;60;20190808;000000;26207.0000000;26207.0000000;26207.0000000;26207.0000000;8
SPFB.MTSI-9.19;60;20190808;110000;26207.0000000;26299.0000000;26191.0000000;26288.0000000;78
SPFB.MTSI-9.19;60;20190808;120000;26200.0000000;26211.0000000;26139.0000000;26139.0000000;57
SPFB.MTSI-9.19;60;20190808;130000;26195.0000000;26270.0000000;26195.0000000;26270.0000000;5
SPFB.MTSI-9.19;60;20190808;140000;26248.0000000;26287.0000000;26248.0000000;26287.0000000;6
SPFB.MTSI-9.19;60;20190808;150000;26287.0000000;26299.0000000;26276.0000000;26299.0000000;39
SPFB.MTSI-9.19;60;20190808;160000;26305.0000000;26305.0000000;26249.0000000;26249.0000000;7
SPFB.MTSI-9.19;60;20190808;170000;26290.0000000;26290.0000000;26200.0000000;26200.0000000;11
SPFB.MTSI-9.19;60;20190808;180000;26221.0000000;26221.0000000;26046.0000000;26066.0000000;237
SPFB.MTSI-9.19;60;20190808;190000;26097.0000000;26164.0000000;26097.0000000;26113.0000000;12
SPFB.MTSI-9.19;60;20190808;200000;26115.0000000;26115.0000000;26114.0000000;26114.0000000;3
SPFB.MTSI-9.19;60;20190808;210000;26149.0000000;26149.0000000;25969.0000000;25969.0000000;8
SPFB.MTSI-9.19;60;20190808;220000;26035.0000000;26129.0000000;26012.0000000;26093.0000000;126
SPFB.MTSI-9.19;60;20190808;230000;26126.0000000;26136.0000000;26078.0000000;26099.0000000;215
SPFB.MTSI-9.19;60;20190809;110000;26039.0000000;26065.0000000;25989.0000000;25989.0000000;62
SPFB.MTSI-9.19;60;20190809;120000;26053.0000000;26053.0000000;26049.0000000;26049.0000000;3
SPFB.MTSI-9.19;60;20190809;130000;26057.0000000;26057.0000000;26043.0000000;26046.0000000;28
SPFB.MTSI-9.19;60;20190809;140000;26032.0000000;26032.0000000;26032.0000000;26032.0000000;1
SPFB.MTSI-9.19;60;20190809;170000;26050.0000000;26109.0000000;26036.0000000;26036.0000000;17
SPFB.MTSI-9.19;60;20190809;180000;26005.0000000;26005.0000000;26000.0000000;26000.0000000;15
SPFB.MTSI-9.19;60;20190809;190000;25981.0000000;25981.0000000;25952.0000000;25952.0000000;8
SPFB.MTSI-9.19;60;20190809;200000;26067.0000000;26067.0000000;25971.0000000;26023.0000000;148
SPFB.MTSI-9.19;60;20190809;210000;25985.0000000;26049.0000000;25975.0000000;26013.0000000;95
SPFB.MTSI-9.19;60;20190809;220000;25983.0000000;26036.0000000;25983.0000000;26016.0000000;37
SPFB.MTSI-9.19;60;20190809;230000;26010.0000000;26193.0000000;25992.0000000;26041.0000000;77
SPFB.MTSI-9.19;60;20190812;110000;26122.0000000;26145.0000000;26054.0000000;26091.0000000;36
SPFB.MTSI-9.19;60;20190812;120000;26074.0000000;26074.0000000;26051.0000000;26051.0000000;5
SPFB.MTSI-9.19;60;20190812;130000;26001.0000000;26002.0000000;26000.0000000;26002.0000000;14
SPFB.MTSI-9.19;60;20190812;140000;26007.0000000;26010.0000000;26002.0000000;26010.0000000;23
SPFB.MTSI-9.19;60;20190812;150000;26018.0000000;26030.0000000;26017.0000000;26022.0000000;50
SPFB.MTSI-9.19;60;20190812;160000;26050.0000000;26062.0000000;26040.0000000;26042.0000000;65
SPFB.MTSI-9.19;60;20190812;170000;25989.0000000;26006.0000000;25962.0000000;26002.0000000;30
SPFB.MTSI-9.19;60;20190812;180000;25986.0000000;25986.0000000;25912.0000000;25936.0000000;20
SPFB.MTSI-9.19;60;20190812;190000;25938.0000000;25941.0000000;25911.0000000;25940.0000000;34
SPFB.MTSI-9.19;60;20190812;200000;25912.0000000;26203.0000000;25870.0000000;26040.0000000;116
SPFB.MTSI-9.19;60;20190812;210000;26029.0000000;26029.0000000;26029.0000000;26029.0000000;2
SPFB.MTSI-9.19;60;20190812;220000;25961.0000000;25968.0000000;25908.0000000;25968.0000000;16
SPFB.MTSI-9.19;60;20190812;230000;26029.0000000;26088.0000000;26000.0000000;26017.0000000;50
SPFB.MTSI-9.19;60;20190813;000000;26030.0000000;26030.0000000;26030.0000000;26030.0000000;1
SPFB.MTSI-9.19;60;20190813;110000;25980.0000000;25980.0000000;25800.0000000;25897.0000000;138
SPFB.MTSI-9.19;60;20190813;120000;25952.0000000;25952.0000000;25945.0000000;25945.0000000;2
SPFB.MTSI-9.19;60;20190813;130000;25978.0000000;25978.0000000;25934.0000000;25935.0000000;5
SPFB.MTSI-9.19;60;20190813;140000;25958.0000000;25958.0000000;25958.0000000;25958.0000000;1
SPFB.MTSI-9.19;60;20190813;160000;25936.0000000;25954.0000000;25934.0000000;25952.0000000;35
SPFB.MTSI-9.19;60;20190813;170000;25959.0000000;26069.0000000;25929.0000000;26039.0000000;91
SPFB.MTSI-9.19;60;20190813;180000;25935.0000000;25979.0000000;25922.0000000;25979.0000000;39
SPFB.MTSI-9.19;60;20190813;190000;25956.0000000;25956.0000000;25870.0000000;25883.0000000;66
SPFB.MTSI-9.19;60;20190813;220000;25839.0000000;25846.0000000;25827.0000000;25844.0000000;21
SPFB.MTSI-9.19;60;20190813;230000;25828.0000000;25868.0000000;25828.0000000;25829.0000000;8
SPFB.MTSI-9.19;60;20190814;000000;25820.0000000;25820.0000000;25820.0000000;25820.0000000;1
SPFB.MTSI-9.19;60;20190814;110000;25921.0000000;25960.0000000;25867.0000000;25923.0000000;43
SPFB.MTSI-9.19;60;20190814;120000;25910.0000000;25910.0000000;25897.0000000;25897.0000000;12
SPFB.MTSI-9.19;60;20190814;130000;25921.0000000;25933.0000000;25921.0000000;25933.0000000;2
SPFB.MTSI-9.19;60;20190814;140000;25894.0000000;25938.0000000;25894.0000000;25938.0000000;8
SPFB.MTSI-9.19;60;20190814;150000;25900.0000000;25958.0000000;25900.0000000;25931.0000000;7
SPFB.MTSI-9.19;60;20190814;160000;25883.0000000;25883.0000000;25883.0000000;25883.0000000;1
SPFB.MTSI-9.19;60;20190814;170000;25852.0000000;25852.0000000;25699.0000000;25808.0000000;67
SPFB.MTSI-9.19;60;20190814;180000;25744.0000000;25832.0000000;25710.0000000;25832.0000000;85
SPFB.MTSI-9.19;60;20190814;190000;25797.0000000;25857.0000000;25785.0000000;25808.0000000;51
SPFB.MTSI-9.19;60;20190814;200000;25808.0000000;25884.0000000;25660.0000000;25800.0000000;137
SPFB.MTSI-9.19;60;20190814;210000;25803.0000000;26540.0000000;25705.0000000;26010.0000000;64
SPFB.MTSI-9.19;60;20190814;220000;25980.0000000;25998.0000000;25980.0000000;25987.0000000;9
SPFB.MTSI-9.19;60;20190814;230000;25990.0000000;25990.0000000;25934.0000000;25943.0000000;14
SPFB.MTSI-9.19;60;20190815;000000;25924.0000000;25960.0000000;25924.0000000;25950.0000000;7
SPFB.MTSI-9.19;60;20190815;110000;25909.0000000;25909.0000000;25715.0000000;25797.0000000;100
SPFB.MTSI-9.19;60;20190815;120000;25777.0000000;25887.0000000;25777.0000000;25887.0000000;10
SPFB.MTSI-9.19;60;20190815;130000;25841.0000000;25851.0000000;25728.0000000;25745.0000000;60
SPFB.MTSI-9.19;60;20190815;140000;25740.0000000;25748.0000000;25740.0000000;25740.0000000;3
SPFB.MTSI-9.19;60;20190815;150000;25756.0000000;25770.0000000;25641.0000000;25770.0000000;79
SPFB.MTSI-9.19;60;20190815;160000;25728.0000000;25746.0000000;25721.0000000;25721.0000000;8
SPFB.MTSI-9.19;60;20190815;170000;25749.0000000;25773.0000000;25615.0000000;25735.0000000;76
SPFB.MTSI-9.19;60;20190815;180000;25766.0000000;25911.0000000;25750.0000000;25852.0000000;56
SPFB.MTSI-9.19;60;20190815;190000;25675.0000000;25762.0000000;25675.0000000;25700.0000000;17
SPFB.MTSI-9.19;60;20190815;200000;25703.0000000;25703.0000000;25703.0000000;25703.0000000;7
SPFB.MTSI-9.19;60;20190815;210000;25720.0000000;25720.0000000;25703.0000000;25703.0000000;19
SPFB.MTSI-9.19;60;20190815;230000;25703.0000000;25703.0000000;25703.0000000;25703.0000000;2
SPFB.MTSI-9.19;60;20190816;000000;25650.0000000;25650.0000000;25650.0000000;25650.0000000;1
SPFB.MTSI-9.19;60;20190816;110000;25710.0000000;25739.0000000;25477.0000000;25477.0000000;161
SPFB.MTSI-9.19;60;20190816;120000;25467.0000000;25517.0000000;25397.0000000;25397.0000000;111
SPFB.MTSI-9.19;60;20190816;130000;25413.0000000;25413.0000000;25332.0000000;25375.0000000;16
SPFB.MTSI-9.19;60;20190816;140000;25375.0000000;25375.0000000;25343.0000000;25357.0000000;49
SPFB.MTSI-9.19;60;20190816;150000;25347.0000000;25347.0000000;25300.0000000;25300.0000000;52
SPFB.MTSI-9.19;60;20190816;160000;25306.0000000;25337.0000000;25306.0000000;25337.0000000;33
SPFB.MTSI-9.19;60;20190816;170000;25347.0000000;25397.0000000;25290.0000000;25360.0000000;79
SPFB.MTSI-9.19;60;20190816;180000;25365.0000000;25457.0000000;25300.0000000;25450.0000000;106
SPFB.MTSI-9.19;60;20190816;190000;25351.0000000;25410.0000000;25340.0000000;25410.0000000;27
SPFB.MTSI-9.19;60;20190816;200000;25558.0000000;25665.0000000;25497.0000000;25617.0000000;42
SPFB.MTSI-9.19;60;20190816;210000;25629.0000000;25633.0000000;25501.0000000;25599.0000000;34
SPFB.MTSI-9.19;60;20190816;220000;25509.0000000;25595.0000000;25508.0000000;25593.0000000;10
SPFB.MTSI-9.19;60;20190816;230000;25594.0000000;25594.0000000;25594.0000000;25594.0000000;1
SPFB.MTSI-9.19;60;20190817;000000;25590.0000000;25590.0000000;25590.0000000;25590.0000000;3
SPFB.MTSI-9.19;60;20190819;110000;25589.0000000;25797.0000000;25563.0000000;25705.0000000;180
SPFB.MTSI-9.19;60;20190819;120000;25750.0000000;25750.0000000;25671.0000000;25671.0000000;9
SPFB.MTSI-9.19;60;20190819;130000;25676.0000000;25722.0000000;25676.0000000;25690.0000000;18
SPFB.MTSI-9.19;60;20190819;140000;25700.0000000;25700.0000000;25676.0000000;25676.0000000;3
SPFB.MTSI-9.19;60;20190819;150000;25733.0000000;25733.0000000;25733.0000000;25733.0000000;1
SPFB.MTSI-9.19;60;20190819;160000;25717.0000000;25717.0000000;25671.0000000;25700.0000000;4
SPFB.MTSI-9.19;60;20190819;170000;25657.0000000;25657.0000000;25599.0000000;25599.0000000;12
SPFB.MTSI-9.19;60;20190819;180000;25594.0000000;25628.0000000;25500.0000000;25628.0000000;30
SPFB.MTSI-9.19;60;20190819;190000;25608.0000000;25750.0000000;25608.0000000;25705.0000000;47
SPFB.MTSI-9.19;60;20190819;210000;25700.0000000;25700.0000000;25700.0000000;25700.0000000;1
SPFB.MTSI-9.19;60;20190819;220000;25598.0000000;25598.0000000;25598.0000000;25598.0000000;4
SPFB.MTSI-9.19;60;20190819;230000;25566.0000000;25610.0000000;25566.0000000;25608.0000000;55
SPFB.MTSI-9.19;60;20190820;000000;25640.0000000;25640.0000000;25640.0000000;25640.0000000;2
SPFB.MTSI-9.19;60;20190820;110000;25620.0000000;25896.0000000;25612.0000000;25842.0000000;140
SPFB.MTSI-9.19;60;20190820;120000;25850.0000000;25850.0000000;25797.0000000;25797.0000000;19
SPFB.MTSI-9.19;60;20190820;130000;25766.0000000;25766.0000000;25669.0000000;25669.0000000;13
SPFB.MTSI-9.19;60;20190820;140000;25641.0000000;25689.0000000;25612.0000000;25689.0000000;26
SPFB.MTSI-9.19;60;20190820;150000;25661.0000000;25710.0000000;25642.0000000;25710.0000000;14
SPFB.MTSI-9.19;60;20190820;160000;25716.0000000;25775.0000000;25537.0000000;25588.0000000;48
SPFB.MTSI-9.19;60;20190820;170000;25551.0000000;25587.0000000;25323.0000000;25368.0000000;171
SPFB.MTSI-9.19;60;20190820;180000;25354.0000000;25625.0000000;25338.0000000;25508.0000000;126
SPFB.MTSI-9.19;60;20190820;190000;25590.0000000;25661.0000000;25590.0000000;25661.0000000;11
SPFB.MTSI-9.19;60;20190820;200000;25650.0000000;25650.0000000;25650.0000000;25650.0000000;10
SPFB.MTSI-9.19;60;20190820;220000;25650.0000000;25650.0000000;25650.0000000;25650.0000000;1
SPFB.MTSI-9.19;60;20190821;000000;25615.0000000;25615.0000000;25615.0000000;25615.0000000;3
SPFB.MTSI-9.19;60;20190821;110000;25630.0000000;25630.0000000;25534.0000000;25615.0000000;27
SPFB.MTSI-9.19;60;20190821;120000;25628.0000000;25640.0000000;25627.0000000;25640.0000000;149
SPFB.MTSI-9.19;60;20190821;130000;25696.0000000;25696.0000000;25696.0000000;25696.0000000;1
SPFB.MTSI-9.19;60;20190821;140000;25706.0000000;25706.0000000;25651.0000000;25651.0000000;6
SPFB.MTSI-9.19;60;20190821;150000;25660.0000000;25660.0000000;25660.0000000;25660.0000000;1
SPFB.MTSI-9.19;60;20190821;170000;25660.0000000;25687.0000000;25589.0000000;25687.0000000;41
SPFB.MTSI-9.19;60;20190821;180000;25694.0000000;25718.0000000;25694.0000000;25715.0000000;9
SPFB.MTSI-9.19;60;20190821;190000;25724.0000000;25726.0000000;25684.0000000;25719.0000000;26
SPFB.MTSI-9.19;60;20190821;210000;25753.0000000;25800.0000000;25753.0000000;25800.0000000;10
SPFB.MTSI-9.19;60;20190821;220000;25693.0000000;25693.0000000;25684.0000000;25684.0000000;2
SPFB.MTSI-9.19;60;20190821;230000;25754.0000000;25754.0000000;25754.0000000;25754.0000000;1
SPFB.MTSI-9.19;60;20190822;000000;25800.0000000;25811.0000000;25772.0000000;25772.0000000;9
SPFB.MTSI-9.19;60;20190822;110000;25753.0000000;25798.0000000;25631.0000000;25650.0000000;27
SPFB.MTSI-9.19;60;20190822;120000;25622.0000000;25636.0000000;25527.0000000;25527.0000000;54
SPFB.MTSI-9.19;60;20190822;130000;25525.0000000;25579.0000000;25475.0000000;25579.0000000;117
SPFB.MTSI-9.19;60;20190822;140000;25569.0000000;25598.0000000;25569.0000000;25598.0000000;16
SPFB.MTSI-9.19;60;20190822;150000;25598.0000000;25670.0000000;25598.0000000;25670.0000000;34
SPFB.MTSI-9.19;60;20190822;160000;25663.0000000;25702.0000000;25663.0000000;25702.0000000;97
SPFB.MTSI-9.19;60;20190822;170000;25653.0000000;25708.0000000;25623.0000000;25708.0000000;13
SPFB.MTSI-9.19;60;20190822;180000;25755.0000000;25771.0000000;25651.0000000;25723.0000000;18
SPFB.MTSI-9.19;60;20190822;190000;25750.0000000;25762.0000000;25657.0000000;25721.0000000;20
SPFB.MTSI-9.19;60;20190822;200000;25516.0000000;25516.0000000;25516.0000000;25516.0000000;2
SPFB.MTSI-9.19;60;20190823;000000;25679.0000000;25679.0000000;25679.0000000;25679.0000000;1
SPFB.MTSI-9.19;60;20190823;110000;25744.0000000;25744.0000000;25651.0000000;25651.0000000;11
SPFB.MTSI-9.19;60;20190823;120000;25644.0000000;25707.0000000;25644.0000000;25707.0000000;3
SPFB.MTSI-9.19;60;20190823;140000;25669.0000000;25669.0000000;25669.0000000;25669.0000000;5
SPFB.MTSI-9.19;60;20190823;160000;25652.0000000;25652.0000000;25575.0000000;25582.0000000;271
SPFB.MTSI-9.19;60;20190823;170000;25606.0000000;25700.0000000;25601.0000000;25661.0000000;125
SPFB.MTSI-9.19;60;20190823;180000;25689.0000000;25798.0000000;25689.0000000;25798.0000000;36
SPFB.MTSI-9.19;60;20190823;190000;25792.0000000;25792.0000000;25641.0000000;25700.0000000;46
SPFB.MTSI-9.19;60;20190823;210000;25677.0000000;25677.0000000;25677.0000000;25677.0000000;1
SPFB.MTSI-9.19;60;20190823;220000;25677.0000000;25677.0000000;25677.0000000;25677.0000000;1
SPFB.MTSI-9.19;60;20190824;000000;25649.0000000;25649.0000000;25649.0000000;25649.0000000;1
SPFB.MTSI-9.19;60;20190826;110000;25579.0000000;25766.0000000;25579.0000000;25660.0000000;119
SPFB.MTSI-9.19;60;20190826;120000;25701.0000000;25787.0000000;25701.0000000;25787.0000000;128
SPFB.MTSI-9.19;60;20190826;130000;25790.0000000;25950.0000000;25790.0000000;25881.0000000;80
SPFB.MTSI-9.19;60;20190826;140000;25918.0000000;26030.0000000;25918.0000000;26029.0000000;141
SPFB.MTSI-9.19;60;20190826;150000;26062.0000000;26069.0000000;26032.0000000;26069.0000000;5
SPFB.MTSI-9.19;60;20190826;160000;26079.0000000;26134.0000000;26079.0000000;26134.0000000;5
SPFB.MTSI-9.19;60;20190826;170000;26127.0000000;26170.0000000;26117.0000000;26170.0000000;40
SPFB.MTSI-9.19;60;20190826;180000;26187.0000000;26221.0000000;26187.0000000;26187.0000000;21
SPFB.MTSI-9.19;60;20190826;190000;26232.0000000;26304.0000000;26227.0000000;26304.0000000;122
SPFB.MTSI-9.19;60;20190826;220000;26310.0000000;26310.0000000;26281.0000000;26281.0000000;4
SPFB.MTSI-9.19;60;20190827;110000;26251.0000000;26758.0000000;26251.0000000;26638.0000000;426
SPFB.MTSI-9.19;60;20190827;120000;26517.0000000;26607.0000000;26468.0000000;26547.0000000;120
SPFB.MTSI-9.19;60;20190827;130000;26590.0000000;26625.0000000;26550.0000000;26625.0000000;320
SPFB.MTSI-9.19;60;20190827;140000;26625.0000000;26678.0000000;26587.0000000;26623.0000000;45
SPFB.MTSI-9.19;60;20190827;150000;26675.0000000;26700.0000000;26675.0000000;26676.0000000;11
SPFB.MTSI-9.19;60;20190827;160000;26663.0000000;26663.0000000;26480.0000000;26550.0000000;184
SPFB.MTSI-9.19;60;20190827;170000;26545.0000000;26602.0000000;26496.0000000;26511.0000000;90
SPFB.MTSI-9.19;60;20190827;180000;26470.0000000;26470.0000000;26122.0000000;26214.0000000;284
SPFB.MTSI-9.19;60;20190827;190000;26287.0000000;26327.0000000;26179.0000000;26265.0000000;79
SPFB.MTSI-9.19;60;20190827;200000;26301.0000000;26309.0000000;26165.0000000;26165.0000000;11
SPFB.MTSI-9.19;60;20190827;210000;26225.0000000;26225.0000000;26225.0000000;26225.0000000;2
SPFB.MTSI-9.19;60;20190827;220000;26276.0000000;26348.0000000;26276.0000000;26348.0000000;10
SPFB.MTSI-9.19;60;20190827;230000;26347.0000000;26348.0000000;26345.0000000;26348.0000000;20
SPFB.MTSI-9.19;60;20190828;000000;26319.0000000;26329.0000000;26319.0000000;26329.0000000;20
SPFB.MTSI-9.19;60;20190828;110000;26255.0000000;26476.0000000;26213.0000000;26345.0000000;206
SPFB.MTSI-9.19;60;20190828;120000;26369.0000000;26385.0000000;26340.0000000;26361.0000000;16
SPFB.MTSI-9.19;60;20190828;130000;26331.0000000;26445.0000000;26282.0000000;26432.0000000;80
SPFB.MTSI-9.19;60;20190828;140000;26441.0000000;26441.0000000;26402.0000000;26417.0000000;7
SPFB.MTSI-9.19;60;20190828;150000;26388.0000000;26432.0000000;26313.0000000;26313.0000000;13
SPFB.MTSI-9.19;60;20190828;160000;26299.0000000;26369.0000000;26299.0000000;26369.0000000;7
SPFB.MTSI-9.19;60;20190828;170000;26342.0000000;26399.0000000;26342.0000000;26360.0000000;14
SPFB.MTSI-9.19;60;20190828;180000;26404.0000000;26469.0000000;26400.0000000;26469.0000000;7
SPFB.MTSI-9.19;60;20190828;190000;26501.0000000;26558.0000000;26500.0000000;26558.0000000;5
SPFB.MTSI-9.19;60;20190828;200000;26570.0000000;26600.0000000;26539.0000000;26600.0000000;14
SPFB.MTSI-9.19;60;20190828;210000;26598.0000000;26599.0000000;26598.0000000;26599.0000000;13
SPFB.MTSI-9.19;60;20190828;220000;26599.0000000;26599.0000000;26599.0000000;26599.0000000;9
SPFB.MTSI-9.19;60;20190829;000000;26575.0000000;26575.0000000;26575.0000000;26575.0000000;2
SPFB.MTSI-9.19;60;20190829;110000;26550.0000000;26700.0000000;26507.0000000;26700.0000000;177
SPFB.MTSI-9.19;60;20190829;120000;26699.0000000;26700.0000000;26677.0000000;26677.0000000;22
SPFB.MTSI-9.19;60;20190829;130000;26644.0000000;26644.0000000;26588.0000000;26588.0000000;38
SPFB.MTSI-9.19;60;20190829;140000;26649.0000000;26650.0000000;26605.0000000;26643.0000000;35
SPFB.MTSI-9.19;60;20190829;150000;26661.0000000;26661.0000000;26661.0000000;26661.0000000;5
SPFB.MTSI-9.19;60;20190829;160000;26650.0000000;26650.0000000;26619.0000000;26619.0000000;11
SPFB.MTSI-9.19;60;20190829;170000;26586.0000000;26586.0000000;26537.0000000;26562.0000000;21
SPFB.MTSI-9.19;60;20190829;180000;26587.0000000;26596.0000000;26428.0000000;26450.0000000;106
SPFB.MTSI-9.19;60;20190829;190000;26594.0000000;26594.0000000;26503.0000000;26562.0000000;27
SPFB.MTSI-9.19;60;20190829;200000;26378.0000000;26378.0000000;26377.0000000;26377.0000000;2
SPFB.MTSI-9.19;60;20190829;210000;26447.0000000;26447.0000000;26447.0000000;26447.0000000;1
SPFB.MTSI-9.19;60;20190829;220000;26567.0000000;26567.0000000;26567.0000000;26567.0000000;4
SPFB.MTSI-9.19;60;20190830;110000;26539.0000000;26690.0000000;26524.0000000;26656.0000000;129
SPFB.MTSI-9.19;60;20190830;120000;26687.0000000;26700.0000000;26673.0000000;26698.0000000;31
SPFB.MTSI-9.19;60;20190830;130000;26700.0000000;26700.0000000;26700.0000000;26700.0000000;9
SPFB.MTSI-9.19;60;20190830;140000;26660.0000000;26660.0000000;26608.0000000;26628.0000000;12
SPFB.MTSI-9.19;60;20190830;150000;26638.0000000;26638.0000000;26635.0000000;26635.0000000;19
SPFB.MTSI-9.19;60;20190830;160000;26680.0000000;26680.0000000;26675.0000000;26675.0000000;13
SPFB.MTSI-9.19;60;20190830;170000;26675.0000000;26675.0000000;26661.0000000;26670.0000000;21
SPFB.MTSI-9.19;60;20190830;180000;26680.0000000;26729.0000000;26680.0000000;26683.0000000;31
SPFB.MTSI-9.19;60;20190830;190000;26606.0000000;26750.0000000;26606.0000000;26726.0000000;41
SPFB.MTSI-9.19;60;20190830;200000;26572.0000000;26572.0000000;26572.0000000;26572.0000000;1
SPFB.MTSI-9.19;60;20190830;210000;26591.0000000;26591.0000000;26591.0000000;26591.0000000;1
SPFB.MTSI-9.19;60;20190830;220000;26723.0000000;26800.0000000;26723.0000000;26800.0000000;19
SPFB.MTSI-9.19;60;20190902;110000;26708.0000000;26708.0000000;26130.0000000;26580.0000000;79
SPFB.MTSI-9.19;60;20190902;120000;26614.0000000;26630.0000000;26614.0000000;26630.0000000;10
SPFB.MTSI-9.19;60;20190902;130000;26678.0000000;26850.0000000;26678.0000000;26793.0000000;37
SPFB.MTSI-9.19;60;20190902;140000;26772.0000000;26850.0000000;26771.0000000;26775.0000000;104
SPFB.MTSI-9.19;60;20190902;150000;26768.0000000;26770.0000000;26768.0000000;26768.0000000;12
SPFB.MTSI-9.19;60;20190902;160000;26742.0000000;26776.0000000;26682.0000000;26776.0000000;14
SPFB.MTSI-9.19;60;20190902;170000;26722.0000000;26736.0000000;26722.0000000;26733.0000000;15
SPFB.MTSI-9.19;60;20190902;180000;26702.0000000;26751.0000000;26702.0000000;26745.0000000;7
SPFB.MTSI-9.19;60;20190902;190000;26702.0000000;26702.0000000;26670.0000000;26670.0000000;12
SPFB.MTSI-9.19;60;20190903;110000;26614.0000000;26695.0000000;26571.0000000;26630.0000000;117
SPFB.MTSI-9.19;60;20190903;120000;26662.0000000;26739.0000000;26592.0000000;26592.0000000;234
SPFB.MTSI-9.19;60;20190903;130000;26592.0000000;26625.0000000;26583.0000000;26606.0000000;22
SPFB.MTSI-9.19;60;20190903;140000;26638.0000000;26727.0000000;26638.0000000;26672.0000000;44
SPFB.MTSI-9.19;60;20190903;150000;26674.0000000;26674.0000000;26661.0000000;26661.0000000;5
SPFB.MTSI-9.19;60;20190903;170000;26671.0000000;26717.0000000;26671.0000000;26702.0000000;30
SPFB.MTSI-9.19;60;20190903;180000;26682.0000000;26690.0000000;26631.0000000;26631.0000000;16
SPFB.MTSI-9.19;60;20190903;190000;26734.0000000;26780.0000000;26734.0000000;26780.0000000;4
SPFB.MTSI-9.19;60;20190903;200000;26735.0000000;26829.0000000;26735.0000000;26817.0000000;38
SPFB.MTSI-9.19;60;20190904;110000;26770.0000000;27115.0000000;26770.0000000;27092.0000000;388
SPFB.MTSI-9.19;60;20190904;120000;27044.0000000;27240.0000000;27041.0000000;27171.0000000;77
SPFB.MTSI-9.19;60;20190904;130000;27204.0000000;27221.0000000;27110.0000000;27110.0000000;20
SPFB.MTSI-9.19;60;20190904;140000;27111.0000000;27188.0000000;27111.0000000;27188.0000000;6
SPFB.MTSI-9.19;60;20190904;150000;27202.0000000;27250.0000000;27189.0000000;27250.0000000;28
SPFB.MTSI-9.19;60;20190904;160000;27225.0000000;27300.0000000;27225.0000000;27281.0000000;14
SPFB.MTSI-9.19;60;20190904;170000;27272.0000000;27300.0000000;27220.0000000;27275.0000000;94
SPFB.MTSI-9.19;60;20190904;180000;27249.0000000;27284.0000000;27231.0000000;27231.0000000;10
SPFB.MTSI-9.19;60;20190904;190000;27250.0000000;27357.0000000;27250.0000000;27357.0000000;17
SPFB.MTSI-9.19;60;20190904;210000;27389.0000000;27389.0000000;27389.0000000;27389.0000000;1
SPFB.MTSI-9.19;60;20190904;220000;27160.0000000;27599.0000000;27000.0000000;27249.0000000;107
SPFB.MTSI-9.19;60;20190904;230000;27249.0000000;27298.0000000;27249.0000000;27298.0000000;9
SPFB.MTSI-9.19;60;20190905;000000;27260.0000000;27260.0000000;27260.0000000;27260.0000000;1
SPFB.MTSI-9.19;60;20190905;110000;27329.0000000;27595.0000000;27328.0000000;27566.0000000;184
SPFB.MTSI-9.19;60;20190905;120000;27598.0000000;27599.0000000;27445.0000000;27500.0000000;22
SPFB.MTSI-9.19;60;20190905;130000;27491.0000000;27555.0000000;27480.0000000;27547.0000000;17
SPFB.MTSI-9.19;60;20190905;140000;27523.0000000;27562.0000000;27489.0000000;27489.0000000;22
SPFB.MTSI-9.19;60;20190905;150000;27523.0000000;27526.0000000;27485.0000000;27515.0000000;98
SPFB.MTSI-9.19;60;20190905;160000;27520.0000000;27577.0000000;27520.0000000;27577.0000000;15
SPFB.MTSI-9.19;60;20190905;170000;27570.0000000;27654.0000000;27540.0000000;27615.0000000;72
SPFB.MTSI-9.19;60;20190905;180000;27640.0000000;27640.0000000;27520.0000000;27520.0000000;83
SPFB.MTSI-9.19;60;20190905;190000;27507.0000000;27510.0000000;27431.0000000;27490.0000000;34
SPFB.MTSI-9.19;60;20190905;200000;27402.0000000;27458.0000000;27402.0000000;27410.0000000;15
SPFB.MTSI-9.19;60;20190905;220000;27429.0000000;27630.0000000;27379.0000000;27630.0000000;8
SPFB.MTSI-9.19;60;20190905;230000;27388.0000000;27499.0000000;27344.0000000;27478.0000000;11
SPFB.MTSI-9.19;60;20190906;000000;27490.0000000;27490.0000000;27490.0000000;27490.0000000;1
SPFB.MTSI-9.19;60;20190906;110000;27458.0000000;27495.0000000;27252.0000000;27252.0000000;66
SPFB.MTSI-9.19;60;20190906;120000;27300.0000000;27438.0000000;27300.0000000;27402.0000000;39
SPFB.MTSI-9.19;60;20190906;130000;27371.0000000;27443.0000000;27221.0000000;27443.0000000;186
SPFB.MTSI-9.19;60;20190906;140000;27364.0000000;27364.0000000;27351.0000000;27351.0000000;2
SPFB.MTSI-9.19;60;20190906;150000;27265.0000000;27273.0000000;27265.0000000;27265.0000000;22
SPFB.MTSI-9.19;60;20190906;160000;27264.0000000;27264.0000000;27255.0000000;27255.0000000;4
SPFB.MTSI-9.19;60;20190906;170000;27360.0000000;27401.0000000;27360.0000000;27381.0000000;8
SPFB.MTSI-9.19;60;20190906;180000;27310.0000000;27343.0000000;27300.0000000;27307.0000000;37
SPFB.MTSI-9.19;60;20190906;190000;27342.0000000;27342.0000000;27264.0000000;27264.0000000;8
SPFB.MTSI-9.19;60;20190906;210000;27111.0000000;27111.0000000;27000.0000000;27100.0000000;42
SPFB.MTSI-9.19;60;20190906;220000;27139.0000000;27139.0000000;27139.0000000;27139.0000000;2
SPFB.MTSI-9.19;60;20190906;230000;27146.0000000;27175.0000000;27146.0000000;27175.0000000;2
SPFB.MTSI-9.19;60;20190907;000000;27140.0000000;27174.0000000;27139.0000000;27174.0000000;6
SPFB.MTSI-9.19;60;20190909;110000;27260.0000000;27407.0000000;27244.0000000;27315.0000000;101
SPFB.MTSI-9.19;60;20190909;120000;27220.0000000;27253.0000000;27200.0000000;27200.0000000;27
SPFB.MTSI-9.19;60;20190909;130000;27222.0000000;27222.0000000;27172.0000000;27172.0000000;2
SPFB.MTSI-9.19;60;20190909;140000;27155.0000000;27178.0000000;27122.0000000;27158.0000000;20
SPFB.MTSI-9.19;60;20190909;150000;27200.0000000;27207.0000000;27170.0000000;27170.0000000;22
SPFB.MTSI-9.19;60;20190909;160000;27180.0000000;27180.0000000;27044.0000000;27044.0000000;14
SPFB.MTSI-9.19;60;20190909;170000;27113.0000000;27160.0000000;27077.0000000;27138.0000000;8
SPFB.MTSI-9.19;60;20190909;180000;27230.0000000;27273.0000000;27214.0000000;27233.0000000;12
SPFB.MTSI-9.19;60;20190909;190000;27231.0000000;27278.0000000;27220.0000000;27278.0000000;7
SPFB.MTSI-9.19;60;20190909;200000;27088.0000000;27263.0000000;27088.0000000;27242.0000000;15
SPFB.MTSI-9.19;60;20190909;210000;27277.0000000;27277.0000000;27228.0000000;27228.0000000;5
SPFB.MTSI-9.19;60;20190910;110000;27230.0000000;27251.0000000;27076.0000000;27087.0000000;49
SPFB.MTSI-9.19;60;20190910;120000;27059.0000000;27059.0000000;26972.0000000;27000.0000000;26
SPFB.MTSI-9.19;60;20190910;130000;26994.0000000;27016.0000000;26994.0000000;27010.0000000;3
SPFB.MTSI-9.19;60;20190910;140000;27003.0000000;27042.0000000;26960.0000000;26995.0000000;34
SPFB.MTSI-9.19;60;20190910;150000;27078.0000000;27130.0000000;27050.0000000;27071.0000000;43
SPFB.MTSI-9.19;60;20190910;160000;27101.0000000;27194.0000000;27101.0000000;27155.0000000;92
SPFB.MTSI-9.19;60;20190910;170000;27070.0000000;27079.0000000;26926.0000000;26926.0000000;47
SPFB.MTSI-9.19;60;20190910;180000;26861.0000000;26919.0000000;26824.0000000;26897.0000000;26
SPFB.MTSI-9.19;60;20190910;190000;26957.0000000;26970.0000000;26900.0000000;26944.0000000;55
SPFB.MTSI-9.19;60;20190910;220000;26999.0000000;26999.0000000;26999.0000000;26999.0000000;2
SPFB.MTSI-9.19;60;20190911;110000;26852.0000000;27054.0000000;26800.0000000;27024.0000000;179
SPFB.MTSI-9.19;60;20190911;120000;27014.0000000;27149.0000000;27014.0000000;27148.0000000;155
SPFB.MTSI-9.19;60;20190911;130000;27192.0000000;27227.0000000;27174.0000000;27227.0000000;19
SPFB.MTSI-9.19;60;20190911;140000;27257.0000000;27257.0000000;27204.0000000;27204.0000000;10
SPFB.MTSI-9.19;60;20190911;150000;27195.0000000;27200.0000000;27195.0000000;27200.0000000;4
SPFB.MTSI-9.19;60;20190911;160000;27260.0000000;27263.0000000;27221.0000000;27221.0000000;9
SPFB.MTSI-9.19;60;20190911;170000;27130.0000000;27136.0000000;27041.0000000;27086.0000000;39
SPFB.MTSI-9.19;60;20190911;180000;27202.0000000;27310.0000000;27202.0000000;27290.0000000;19
SPFB.MTSI-9.19;60;20190911;190000;27165.0000000;27165.0000000;27105.0000000;27105.0000000;12
SPFB.MTSI-9.19;60;20190911;200000;27049.0000000;27183.0000000;27007.0000000;27033.0000000;36
SPFB.MTSI-9.19;60;20190911;220000;27076.0000000;27076.0000000;27075.0000000;27075.0000000;2
SPFB.MTSI-9.19;60;20190911;230000;27021.0000000;27021.0000000;27021.0000000;27021.0000000;1
SPFB.MTSI-9.19;60;20190912;110000;27121.0000000;27145.0000000;27031.0000000;27061.0000000;101
SPFB.MTSI-9.19;60;20190912;120000;27086.0000000;27092.0000000;27085.0000000;27092.0000000;7
SPFB.MTSI-9.19;60;20190912;130000;27080.0000000;27080.0000000;27080.0000000;27080.0000000;1
SPFB.MTSI-9.19;60;20190912;140000;27047.0000000;27058.0000000;27007.0000000;27007.0000000;27
SPFB.MTSI-9.19;60;20190912;150000;27007.0000000;27095.0000000;26980.0000000;27095.0000000;18
SPFB.MTSI-9.19;60;20190912;160000;27062.0000000;27062.0000000;26973.0000000;26973.0000000;11
SPFB.MTSI-9.19;60;20190912;170000;26982.0000000;26982.0000000;26800.0000000;26944.0000000;33
SPFB.MTSI-9.19;60;20190912;180000;26952.0000000;27012.0000000;26812.0000000;26812.0000000;20
SPFB.MTSI-9.19;60;20190912;190000;26803.0000000;26813.0000000;26730.0000000;26791.0000000;132
SPFB.MTSI-9.19;60;20190912;210000;26860.0000000;26900.0000000;26859.0000000;26884.0000000;60
SPFB.MTSI-9.19;60;20190912;220000;26871.0000000;26915.0000000;26870.0000000;26915.0000000;34
SPFB.MTSI-9.19;60;20190913;110000;26728.0000000;27029.0000000;26530.0000000;26950.0000000;143
SPFB.MTSI-9.19;60;20190913;120000;26950.0000000;26985.0000000;26926.0000000;26945.0000000;41
SPFB.MTSI-9.19;60;20190913;130000;26968.0000000;26968.0000000;26881.0000000;26884.0000000;28
SPFB.MTSI-9.19;60;20190913;140000;26875.0000000;26875.0000000;26862.0000000;26862.0000000;3
SPFB.MTSI-9.19;60;20190913;150000;26877.0000000;26900.0000000;26860.0000000;26879.0000000;38
SPFB.MTSI-9.19;60;20190913;160000;26840.0000000;26881.0000000;26821.0000000;26881.0000000;17
SPFB.MTSI-9.19;60;20190913;170000;26834.0000000;26834.0000000;26738.0000000;26738.0000000;5
SPFB.MTSI-9.19;60;20190913;180000;26718.0000000;26828.0000000;26681.0000000;26827.0000000;44
SPFB.MTSI-9.19;60;20190913;190000;26797.0000000;26797.0000000;26783.0000000;26783.0000000;2
SPFB.MTSI-9.19;60;20190913;210000;26819.0000000;26846.0000000;26819.0000000;26846.0000000;21
SPFB.MTSI-9.19;60;20190913;230000;26801.0000000;26810.0000000;26801.0000000;26810.0000000;2
SPFB.MTSI-9.19;60;20190916;110000;26883.0000000;26978.0000000;26800.0000000;26946.0000000;84
SPFB.MTSI-9.19;60;20190916;120000;26939.0000000;26949.0000000;26920.0000000;26920.0000000;29
SPFB.MTSI-9.19;60;20190916;130000;26911.0000000;26948.0000000;26911.0000000;26930.0000000;16
SPFB.MTSI-9.19;60;20190916;140000;26920.0000000;26925.0000000;26906.0000000;26906.0000000;22
SPFB.MTSI-9.19;60;20190916;150000;26906.0000000;26945.0000000;26900.0000000;26945.0000000;63
SPFB.MTSI-9.19;60;20190916;160000;26880.0000000;26880.0000000;26761.0000000;26761.0000000;34
SPFB.MTSI-9.19;60;20190916;170000;26788.0000000;26788.0000000;26601.0000000;26616.0000000;47
SPFB.MTSI-9.19;60;20190916;180000;26616.0000000;26745.0000000;26616.0000000;26745.0000000;71
SPFB.MTSI-9.19;60;20190916;190000;26790.0000000;26949.0000000;26790.0000000;26888.0000000;76
SPFB.MTSI-9.19;60;20190917;000000;26801.0000000;26801.0000000;26700.0000000;26700.0000000;21
SPFB.MTSI-9.19;60;20190917;110000;26878.0000000;27067.0000000;26800.0000000;27060.0000000;317
SPFB.MTSI-9.19;60;20190917;120000;27069.0000000;27069.0000000;26906.0000000;26906.0000000;118
SPFB.MTSI-9.19;60;20190917;130000;26918.0000000;26970.0000000;26918.0000000;26970.0000000;9
SPFB.MTSI-9.19;60;20190917;140000;26930.0000000;26973.0000000;26930.0000000;26939.0000000;20
SPFB.MTSI-9.19;60;20190917;150000;27009.0000000;27038.0000000;26950.0000000;26950.0000000;74
SPFB.MTSI-9.19;60;20190917;160000;26940.0000000;26940.0000000;26881.0000000;26906.0000000;37
SPFB.MTSI-9.19;60;20190917;170000;26901.0000000;26944.0000000;26808.0000000;26874.0000000;35
SPFB.MTSI-9.19;60;20190917;180000;26918.0000000;27000.0000000;26918.0000000;27000.0000000;3
SPFB.MTSI-9.19;60;20190917;190000;27000.0000000;27012.0000000;26981.0000000;26981.0000000;14
SPFB.MTSI-9.19;60;20190917;220000;26899.0000000;26912.0000000;26899.0000000;26912.0000000;3
SPFB.MTSI-9.19;60;20190918;000000;26924.0000000;26924.0000000;26924.0000000;26924.0000000;3
SPFB.MTSI-9.19;60;20190918;110000;26940.0000000;27068.0000000;26940.0000000;27062.0000000;88
SPFB.MTSI-9.19;60;20190918;120000;27075.0000000;27075.0000000;27057.0000000;27069.0000000;68
SPFB.MTSI-9.19;60;20190918;130000;27057.0000000;27074.0000000;27010.0000000;27074.0000000;114
SPFB.MTSI-9.19;60;20190918;140000;27063.0000000;27063.0000000;27063.0000000;27063.0000000;2
SPFB.MTSI-9.19;60;20190918;150000;27073.0000000;27075.0000000;27018.0000000;27074.0000000;305
SPFB.MTSI-9.19;60;20190918;160000;27075.0000000;27180.0000000;27069.0000000;27180.0000000;56
SPFB.MTSI-9.19;60;20190918;170000;27139.0000000;27225.0000000;27111.0000000;27169.0000000;29
SPFB.MTSI-9.19;60;20190918;180000;27115.0000000;27136.0000000;27101.0000000;27135.0000000;144
SPFB.MTSI-9.19;60;20190918;190000;27130.0000000;27142.0000000;27089.0000000;27100.0000000;49
SPFB.MTSI-9.19;60;20190918;200000;27129.0000000;27129.0000000;26010.0000000;26964.0000000;81
SPFB.MTSI-9.19;60;20190918;210000;27035.0000000;27047.0000000;26878.0000000;27047.0000000;42
SPFB.MTSI-9.19;60;20190918;220000;26969.0000000;26970.0000000;26968.0000000;26968.0000000;7
SPFB.MTSI-9.19;60;20190919;000000;27057.0000000;27057.0000000;26945.0000000;26945.0000000;2
SPFB.MTSI-9.19;60;20190919;110000;27037.0000000;27230.0000000;27037.0000000;27182.0000000;256
SPFB.MTSI-9.19;60;20190919;120000;27182.0000000;27250.0000000;27182.0000000;27250.0000000;146
SPFB.MTSI-9.19;60;20190919;130000;27237.0000000;27237.0000000;27207.0000000;27222.0000000;150
SPFB.MTSI-9.19;60;20190919;140000;27250.0000000;27256.0000000;27200.0000000;27211.0000000;30
SPFB.MTSI-9.19;60;20190919;150000;27218.0000000;27260.0000000;27218.0000000;27260.0000000;11
SPFB.MTSI-9.19;60;20190919;160000;27210.0000000;27270.0000000;27200.0000000;27270.0000000;18
SPFB.MTSI-9.19;60;20190919;170000;27231.0000000;27231.0000000;27170.0000000;27170.0000000;19
SPFB.MTSI-9.19;60;20190919;180000;27095.0000000;27095.0000000;27006.0000000;27010.0000000;46
SPFB.MTSI-9.19;60;20190919;190000;26963.0000000;27013.0000000;26963.0000000;26990.0000000;7
