<TICKER>;<PER>;<DATE>;<TIME>;<OPEN>;<HIGH>;<LOW>;<CLOSE>;<VOL>
SPFB.MTSI-3.20;60;20191014;110000;26981.0000000;26981.0000000;26981.0000000;26981.0000000;1
SPFB.MTSI-3.20;60;20191017;180000;27143.0000000;27143.0000000;27000.0000000;27000.0000000;3
SPFB.MTSI-3.20;60;20191022;170000;27387.0000000;27387.0000000;27387.0000000;27387.0000000;2
SPFB.MTSI-3.20;60;20191028;110000;28500.0000000;28500.0000000;28500.0000000;28500.0000000;1
SPFB.MTSI-3.20;60;20191029;170000;28998.0000000;29000.0000000;28998.0000000;29000.0000000;3
SPFB.MTSI-3.20;60;20191101;000000;28492.0000000;29173.0000000;27110.0000000;29173.0000000;55
SPFB.MTSI-3.20;60;20191101;110000;28700.0000000;28700.0000000;28700.0000000;28700.0000000;5
SPFB.MTSI-3.20;60;20191101;150000;28835.0000000;28835.0000000;28835.0000000;28835.0000000;1
SPFB.MTSI-3.20;60;20191101;170000;29000.0000000;29000.0000000;29000.0000000;29000.0000000;1
SPFB.MTSI-3.20;60;20191107;130000;29400.0000000;29400.0000000;29400.0000000;29400.0000000;2
SPFB.MTSI-3.20;60;20191107;180000;29776.0000000;30000.0000000;29776.0000000;30000.0000000;3
SPFB.MTSI-3.20;60;20191111;180000;29950.0000000;30000.0000000;29950.0000000;30000.0000000;3
SPFB.MTSI-3.20;60;20191111;190000;30000.0000000;30000.0000000;29900.0000000;29900.0000000;8
SPFB.MTSI-3.20;60;20191111;220000;29950.0000000;29950.0000000;29950.0000000;29950.0000000;5
SPFB.MTSI-3.20;60;20191112;110000;30000.0000000;30200.0000000;30000.0000000;30200.0000000;15
SPFB.MTSI-3.20;60;20191114;130000;29911.0000000;29911.0000000;29911.0000000;29911.0000000;2
SPFB.MTSI-3.20;60;20191115;120000;30249.0000000;30249.0000000;30249.0000000;30249.0000000;2
SPFB.MTSI-3.20;60;20191115;130000;29995.0000000;29995.0000000;29995.0000000;29995.0000000;3
SPFB.MTSI-3.20;60;20191115;180000;30040.0000000;30040.0000000;30040.0000000;30040.0000000;1
SPFB.MTSI-3.20;60;20191119;170000;30431.0000000;30431.0000000;30431.0000000;30431.0000000;1
SPFB.MTSI-3.20;60;20191120;170000;30700.0000000;30700.0000000;30700.0000000;30700.0000000;2
SPFB.MTSI-3.20;60;20191122;190000;30497.0000000;30502.0000000;30495.0000000;30495.0000000;4
SPFB.MTSI-3.20;60;20191125;110000;30800.0000000;30800.0000000;30800.0000000;30800.0000000;10
SPFB.MTSI-3.20;60;20191125;120000;30990.0000000;30998.0000000;30990.0000000;30998.0000000;4
SPFB.MTSI-3.20;60;20191125;130000;30996.0000000;31000.0000000;30996.0000000;31000.0000000;30
SPFB.MTSI-3.20;60;20191125;150000;30307.0000000;30307.0000000;30307.0000000;30307.0000000;1
SPFB.MTSI-3.20;60;20191125;170000;30694.0000000;30694.0000000;30694.0000000;30694.0000000;1
SPFB.MTSI-3.20;60;20191125;180000;30365.0000000;30365.0000000;30364.0000000;30364.0000000;11
SPFB.MTSI-3.20;60;20191125;190000;30329.0000000;30364.0000000;30329.0000000;30364.0000000;2
SPFB.MTSI-3.20;60;20191126;120000;30459.0000000;30460.0000000;30318.0000000;30318.0000000;5
SPFB.MTSI-3.20;60;20191126;160000;30422.0000000;30423.0000000;30422.0000000;30423.0000000;2
SPFB.MTSI-3.20;60;20191127;120000;30150.0000000;30150.0000000;30150.0000000;30150.0000000;5
SPFB.MTSI-3.20;60;20191127;220000;30461.0000000;30461.0000000;30461.0000000;30461.0000000;5
SPFB.MTSI-3.20;60;20191128;120000;29818.0000000;29818.0000000;29758.0000000;29758.0000000;22
SPFB.MTSI-3.20;60;20191128;220000;30126.0000000;30127.0000000;30126.0000000;30127.0000000;3
SPFB.MTSI-3.20;60;20191129;170000;29845.0000000;29845.0000000;29845.0000000;29845.0000000;2
SPFB.MTSI-3.20;60;20191204;140000;29689.0000000;29689.0000000;29689.0000000;29689.0000000;4
SPFB.MTSI-3.20;60;20191204;160000;29600.0000000;29600.0000000;29600.0000000;29600.0000000;1
SPFB.MTSI-3.20;60;20191205;110000;29109.0000000;29110.0000000;29109.0000000;29110.0000000;3
SPFB.MTSI-3.20;60;20191205;130000;29548.0000000;29548.0000000;29548.0000000;29548.0000000;1
SPFB.MTSI-3.20;60;20191205;150000;29816.0000000;29816.0000000;29816.0000000;29816.0000000;1
SPFB.MTSI-3.20;60;20191205;160000;29825.0000000;29896.0000000;29825.0000000;29870.0000000;8
SPFB.MTSI-3.20;60;20191205;170000;29869.0000000;29899.0000000;29869.0000000;29899.0000000;4
SPFB.MTSI-3.20;60;20191206;130000;29499.0000000;29500.0000000;29499.0000000;29500.0000000;2
SPFB.MTSI-3.20;60;20191206;150000;29742.0000000;29742.0000000;29742.0000000;29742.0000000;1
SPFB.MTSI-3.20;60;20191206;160000;29834.0000000;29839.0000000;29829.0000000;29835.0000000;5
SPFB.MTSI-3.20;60;20191209;110000;29100.0000000;29100.0000000;29095.0000000;29095.0000000;14
SPFB.MTSI-3.20;60;20191209;120000;29566.0000000;29644.0000000;29566.0000000;29644.0000000;20
SPFB.MTSI-3.20;60;20191209;130000;29569.0000000;29597.0000000;29548.0000000;29548.0000000;63
SPFB.MTSI-3.20;60;20191209;160000;29600.0000000;29644.0000000;29600.0000000;29644.0000000;2
SPFB.MTSI-3.20;60;20191209;170000;29708.0000000;29721.0000000;29708.0000000;29721.0000000;5
SPFB.MTSI-3.20;60;20191211;110000;29499.0000000;29509.0000000;29480.0000000;29489.0000000;102
SPFB.MTSI-3.20;60;20191211;120000;29489.0000000;29570.0000000;29489.0000000;29550.0000000;205
SPFB.MTSI-3.20;60;20191211;140000;29570.0000000;29570.0000000;29570.0000000;29570.0000000;5
SPFB.MTSI-3.20;60;20191211;150000;29600.0000000;29600.0000000;29600.0000000;29600.0000000;1
SPFB.MTSI-3.20;60;20191211;160000;29650.0000000;29650.0000000;29650.0000000;29650.0000000;1
SPFB.MTSI-3.20;60;20191211;170000;29661.0000000;29661.0000000;29661.0000000;29661.0000000;2
SPFB.MTSI-3.20;60;20191211;190000;29561.0000000;29561.0000000;29560.0000000;29560.0000000;2
SPFB.MTSI-3.20;60;20191212;140000;29790.0000000;29800.0000000;29790.0000000;29800.0000000;2
SPFB.MTSI-3.20;60;20191212;170000;30216.0000000;30216.0000000;30070.0000000;30070.0000000;18
SPFB.MTSI-3.20;60;20191212;180000;30050.0000000;30050.0000000;30050.0000000;30050.0000000;1
SPFB.MTSI-3.20;60;20191213;110000;29176.0000000;29176.0000000;29176.0000000;29176.0000000;1
SPFB.MTSI-3.20;60;20191213;120000;29912.0000000;29913.0000000;29912.0000000;29913.0000000;7
SPFB.MTSI-3.20;60;20191213;150000;29713.0000000;29713.0000000;29713.0000000;29713.0000000;4
SPFB.MTSI-3.20;60;20191216;130000;30038.0000000;30053.0000000;30037.0000000;30038.0000000;29
SPFB.MTSI-3.20;60;20191216;140000;29990.0000000;29990.0000000;29990.0000000;29990.0000000;2
SPFB.MTSI-3.20;60;20191216;150000;30000.0000000;30001.0000000;30000.0000000;30001.0000000;21
SPFB.MTSI-3.20;60;20191216;160000;30050.0000000;30100.0000000;30050.0000000;30050.0000000;17
SPFB.MTSI-3.20;60;20191216;170000;30190.0000000;30190.0000000;30011.0000000;30110.0000000;32
SPFB.MTSI-3.20;60;20191216;180000;30115.0000000;30115.0000000;29745.0000000;29745.0000000;12
SPFB.MTSI-3.20;60;20191217;110000;30024.0000000;30024.0000000;30024.0000000;30024.0000000;1
SPFB.MTSI-3.20;60;20191217;130000;29922.0000000;30360.0000000;29922.0000000;30216.0000000;17
SPFB.MTSI-3.20;60;20191217;150000;30190.0000000;30190.0000000;30190.0000000;30190.0000000;5
SPFB.MTSI-3.20;60;20191217;160000;30192.0000000;30243.0000000;30192.0000000;30243.0000000;5
SPFB.MTSI-3.20;60;20191217;170000;30295.0000000;30306.0000000;30108.0000000;30108.0000000;9
SPFB.MTSI-3.20;60;20191217;180000;30100.0000000;30227.0000000;30100.0000000;30227.0000000;8
SPFB.MTSI-3.20;60;20191218;000000;30301.0000000;30301.0000000;30301.0000000;30301.0000000;1
SPFB.MTSI-3.20;60;20191218;110000;30108.0000000;30590.0000000;30107.0000000;30590.0000000;14
SPFB.MTSI-3.20;60;20191218;120000;30499.0000000;30550.0000000;30426.0000000;30550.0000000;5
SPFB.MTSI-3.20;60;20191218;130000;30777.0000000;30777.0000000;30456.0000000;30486.0000000;101
SPFB.MTSI-3.20;60;20191218;140000;30517.0000000;30517.0000000;30466.0000000;30486.0000000;44
SPFB.MTSI-3.20;60;20191218;150000;30456.0000000;30778.0000000;30437.0000000;30437.0000000;41
SPFB.MTSI-3.20;60;20191218;160000;30542.0000000;30777.0000000;30542.0000000;30562.0000000;16
SPFB.MTSI-3.20;60;20191218;170000;30573.0000000;30616.0000000;30560.0000000;30584.0000000;26
SPFB.MTSI-3.20;60;20191218;180000;30571.0000000;30636.0000000;30517.0000000;30517.0000000;47
SPFB.MTSI-3.20;60;20191218;190000;30437.0000000;30480.0000000;30350.0000000;30388.0000000;46
SPFB.MTSI-3.20;60;20191218;210000;30698.0000000;30699.0000000;30698.0000000;30699.0000000;5
SPFB.MTSI-3.20;60;20191218;220000;30400.0000000;30400.0000000;30380.0000000;30380.0000000;17
SPFB.MTSI-3.20;60;20191219;000000;30377.0000000;30377.0000000;30360.0000000;30360.0000000;10
SPFB.MTSI-3.20;60;20191219;110000;30700.0000000;30700.0000000;30363.0000000;30506.0000000;21
SPFB.MTSI-3.20;60;20191219;120000;30599.0000000;30600.0000000;30548.0000000;30548.0000000;17
SPFB.MTSI-3.20;60;20191219;130000;30533.0000000;30533.0000000;30412.0000000;30415.0000000;50
SPFB.MTSI-3.20;60;20191219;140000;30402.0000000;30450.0000000;30375.0000000;30383.0000000;34
SPFB.MTSI-3.20;60;20191219;150000;30380.0000000;30544.0000000;30359.0000000;30544.0000000;26
SPFB.MTSI-3.20;60;20191219;160000;30553.0000000;30553.0000000;30515.0000000;30515.0000000;19
SPFB.MTSI-3.20;60;20191219;170000;30506.0000000;30506.0000000;30298.0000000;30298.0000000;49
SPFB.MTSI-3.20;60;20191219;180000;30307.0000000;30320.0000000;30146.0000000;30205.0000000;29
SPFB.MTSI-3.20;60;20191219;190000;30211.0000000;30309.0000000;30188.0000000;30309.0000000;9
SPFB.MTSI-3.20;60;20191219;200000;30251.0000000;30251.0000000;30251.0000000;30251.0000000;2
SPFB.MTSI-3.20;60;20191219;210000;30251.0000000;30251.0000000;30251.0000000;30251.0000000;1
SPFB.MTSI-3.20;60;20191219;230000;30363.0000000;30363.0000000;30304.0000000;30304.0000000;12
SPFB.MTSI-3.20;60;20191220;110000;30296.0000000;30365.0000000;30255.0000000;30330.0000000;51
SPFB.MTSI-3.20;60;20191220;120000;30268.0000000;30268.0000000;30201.0000000;30228.0000000;10
SPFB.MTSI-3.20;60;20191220;130000;30219.0000000;30279.0000000;30219.0000000;30279.0000000;9
SPFB.MTSI-3.20;60;20191220;140000;30255.0000000;30284.0000000;30231.0000000;30231.0000000;7
SPFB.MTSI-3.20;60;20191220;150000;30176.0000000;30176.0000000;30053.0000000;30085.0000000;32
SPFB.MTSI-3.20;60;20191220;160000;30134.0000000;30134.0000000;30134.0000000;30134.0000000;3
SPFB.MTSI-3.20;60;20191220;170000;30185.0000000;30238.0000000;30185.0000000;30238.0000000;4
SPFB.MTSI-3.20;60;20191220;180000;30256.0000000;30365.0000000;30256.0000000;30310.0000000;17
SPFB.MTSI-3.20;60;20191220;190000;30272.0000000;30362.0000000;30272.0000000;30362.0000000;3
SPFB.MTSI-3.20;60;20191221;000000;30320.0000000;30321.0000000;30200.0000000;30220.0000000;7
SPFB.MTSI-3.20;60;20191223;110000;30351.0000000;30600.0000000;30351.0000000;30501.0000000;102
SPFB.MTSI-3.20;60;20191223;120000;30500.0000000;30605.0000000;30492.0000000;30531.0000000;29
SPFB.MTSI-3.20;60;20191223;130000;30532.0000000;30567.0000000;30531.0000000;30543.0000000;24
SPFB.MTSI-3.20;60;20191223;140000;30565.0000000;30590.0000000;30563.0000000;30563.0000000;19
SPFB.MTSI-3.20;60;20191223;150000;30575.0000000;30575.0000000;30562.0000000;30562.0000000;2
SPFB.MTSI-3.20;60;20191223;160000;30551.0000000;30578.0000000;30529.0000000;30578.0000000;7
SPFB.MTSI-3.20;60;20191223;170000;30593.0000000;30743.0000000;30593.0000000;30743.0000000;57
SPFB.MTSI-3.20;60;20191223;180000;30723.0000000;30723.0000000;30551.0000000;30625.0000000;41
SPFB.MTSI-3.20;60;20191223;190000;30600.0000000;30600.0000000;30441.0000000;30520.0000000;51
SPFB.MTSI-3.20;60;20191223;200000;30547.0000000;30594.0000000;30447.0000000;30447.0000000;14
SPFB.MTSI-3.20;60;20191223;210000;30439.0000000;30439.0000000;30279.0000000;30346.0000000;28
SPFB.MTSI-3.20;60;20191223;220000;30348.0000000;30350.0000000;30348.0000000;30350.0000000;2
SPFB.MTSI-3.20;60;20191223;230000;30318.0000000;30318.0000000;30318.0000000;30318.0000000;1
SPFB.MTSI-3.20;60;20191224;000000;30331.0000000;30331.0000000;30330.0000000;30330.0000000;3
SPFB.MTSI-3.20;60;20191224;110000;30318.0000000;30542.0000000;30317.0000000;30542.0000000;40
SPFB.MTSI-3.20;60;20191224;120000;30535.0000000;30581.0000000;30480.0000000;30581.0000000;48
SPFB.MTSI-3.20;60;20191224;130000;30566.0000000;30566.0000000;30519.0000000;30519.0000000;42
SPFB.MTSI-3.20;60;20191224;140000;30476.0000000;30486.0000000;30470.0000000;30474.0000000;7
SPFB.MTSI-3.20;60;20191224;150000;30400.0000000;30400.0000000;30400.0000000;30400.0000000;10
SPFB.MTSI-3.20;60;20191224;160000;30400.0000000;30400.0000000;30400.0000000;30400.0000000;1
SPFB.MTSI-3.20;60;20191224;170000;30397.0000000;30400.0000000;30370.0000000;30370.0000000;43
SPFB.MTSI-3.20;60;20191224;180000;30322.0000000;30374.0000000;30242.0000000;30363.0000000;68
SPFB.MTSI-3.20;60;20191224;190000;30395.0000000;30453.0000000;30395.0000000;30412.0000000;5
SPFB.MTSI-3.20;60;20191224;200000;30323.0000000;30511.0000000;30323.0000000;30424.0000000;38
SPFB.MTSI-3.20;60;20191224;210000;30575.0000000;30575.0000000;30391.0000000;30412.0000000;24
SPFB.MTSI-3.20;60;20191224;220000;30487.0000000;30487.0000000;30487.0000000;30487.0000000;1
SPFB.MTSI-3.20;60;20191225;000000;30480.0000000;30500.0000000;30470.0000000;30500.0000000;12
SPFB.MTSI-3.20;60;20191225;110000;30534.0000000;30566.0000000;30534.0000000;30566.0000000;9
SPFB.MTSI-3.20;60;20191225;120000;30538.0000000;30538.0000000;30533.0000000;30533.0000000;16
SPFB.MTSI-3.20;60;20191225;130000;30551.0000000;30572.0000000;30551.0000000;30572.0000000;13
SPFB.MTSI-3.20;60;20191225;140000;30580.0000000;30700.0000000;30580.0000000;30700.0000000;31
SPFB.MTSI-3.20;60;20191225;150000;30703.0000000;30854.0000000;30700.0000000;30800.0000000;74
SPFB.MTSI-3.20;60;20191225;160000;30789.0000000;30798.0000000;30723.0000000;30723.0000000;12
SPFB.MTSI-3.20;60;20191225;170000;30754.0000000;30792.0000000;30754.0000000;30766.0000000;14
SPFB.MTSI-3.20;60;20191225;180000;30793.0000000;30800.0000000;30793.0000000;30800.0000000;16
SPFB.MTSI-3.20;60;20191225;190000;30815.0000000;30847.0000000;30781.0000000;30847.0000000;9
SPFB.MTSI-3.20;60;20191225;220000;30803.0000000;30835.0000000;30605.0000000;30605.0000000;12
SPFB.MTSI-3.20;60;20191225;230000;30605.0000000;30605.0000000;30605.0000000;30605.0000000;1
SPFB.MTSI-3.20;60;20191226;110000;30679.0000000;30853.0000000;30679.0000000;30846.0000000;17
SPFB.MTSI-3.20;60;20191226;120000;30860.0000000;30973.0000000;30850.0000000;30936.0000000;167
SPFB.MTSI-3.20;60;20191226;130000;30930.0000000;30975.0000000;30909.0000000;30909.0000000;12
SPFB.MTSI-3.20;60;20191226;140000;30966.0000000;30976.0000000;30928.0000000;30933.0000000;8
SPFB.MTSI-3.20;60;20191226;150000;30942.0000000;30942.0000000;30907.0000000;30907.0000000;18
SPFB.MTSI-3.20;60;20191226;160000;30914.0000000;30948.0000000;30890.0000000;30948.0000000;42
SPFB.MTSI-3.20;60;20191226;170000;30983.0000000;30983.0000000;30939.0000000;30939.0000000;13
SPFB.MTSI-3.20;60;20191226;180000;30895.0000000;30940.0000000;30767.0000000;30904.0000000;36
SPFB.MTSI-3.20;60;20191226;190000;30918.0000000;30966.0000000;30918.0000000;30949.0000000;11
SPFB.MTSI-3.20;60;20191226;200000;30999.0000000;30999.0000000;30818.0000000;30900.0000000;21
SPFB.MTSI-3.20;60;20191226;210000;30938.0000000;30950.0000000;30891.0000000;30950.0000000;24
SPFB.MTSI-3.20;60;20191226;230000;30926.0000000;30950.0000000;30883.0000000;30950.0000000;4
SPFB.MTSI-3.20;60;20191227;110000;30999.0000000;31132.0000000;30910.0000000;31060.0000000;88
SPFB.MTSI-3.20;60;20191227;120000;31023.0000000;31076.0000000;31006.0000000;31032.0000000;31
SPFB.MTSI-3.20;60;20191227;130000;31047.0000000;31203.0000000;31047.0000000;31197.0000000;40
SPFB.MTSI-3.20;60;20191227;140000;31270.0000000;31290.0000000;31211.0000000;31217.0000000;21
SPFB.MTSI-3.20;60;20191227;150000;31250.0000000;31250.0000000;31250.0000000;31250.0000000;2
SPFB.MTSI-3.20;60;20191227;160000;31260.0000000;31260.0000000;31137.0000000;31160.0000000;24
SPFB.MTSI-3.20;60;20191227;170000;31166.0000000;31213.0000000;31166.0000000;31213.0000000;18
SPFB.MTSI-3.20;60;20191227;180000;31200.0000000;31241.0000000;30925.0000000;30925.0000000;47
SPFB.MTSI-3.20;60;20191227;190000;30926.0000000;30969.0000000;30883.0000000;30955.0000000;32
SPFB.MTSI-3.20;60;20191230;110000;31073.0000000;31320.0000000;31063.0000000;31203.0000000;94
SPFB.MTSI-3.20;60;20191230;120000;31157.0000000;31241.0000000;31108.0000000;31208.0000000;80
SPFB.MTSI-3.20;60;20191230;130000;31220.0000000;31285.0000000;31220.0000000;31221.0000000;20
SPFB.MTSI-3.20;60;20191230;140000;31187.0000000;31217.0000000;31186.0000000;31217.0000000;5
SPFB.MTSI-3.20;60;20191230;150000;31181.0000000;31181.0000000;31181.0000000;31181.0000000;2
SPFB.MTSI-3.20;60;20191230;170000;31175.0000000;31180.0000000;31104.0000000;31104.0000000;24
SPFB.MTSI-3.20;60;20191230;180000;31068.0000000;31070.0000000;30885.0000000;30890.0000000;81
SPFB.MTSI-3.20;60;20191230;190000;30912.0000000;31152.0000000;30910.0000000;31152.0000000;40
SPFB.MTSI-3.20;60;20191230;200000;31061.0000000;31062.0000000;30809.0000000;31062.0000000;7
SPFB.MTSI-3.20;60;20200103;110000;31053.0000000;31180.0000000;31024.0000000;31107.0000000;113
SPFB.MTSI-3.20;60;20200103;120000;31150.0000000;31155.0000000;31117.0000000;31136.0000000;16
SPFB.MTSI-3.20;60;20200103;130000;31129.0000000;31136.0000000;31129.0000000;31130.0000000;16
SPFB.MTSI-3.20;60;20200103;140000;31138.0000000;31149.0000000;31121.0000000;31131.0000000;34
SPFB.MTSI-3.20;60;20200103;150000;31169.0000000;31175.0000000;31169.0000000;31175.0000000;2
SPFB.MTSI-3.20;60;20200103;160000;31105.0000000;31105.0000000;31092.0000000;31092.0000000;6
SPFB.MTSI-3.20;60;20200103;170000;31114.0000000;31114.0000000;31046.0000000;31055.0000000;5
SPFB.MTSI-3.20;60;20200103;180000;31048.0000000;31146.0000000;31009.0000000;31076.0000000;39
SPFB.MTSI-3.20;60;20200103;190000;31100.0000000;31136.0000000;31100.0000000;31123.0000000;30
SPFB.MTSI-3.20;60;20200103;200000;31185.0000000;31400.0000000;31185.0000000;31220.0000000;17
SPFB.MTSI-3.20;60;20200103;210000;31161.0000000;31161.0000000;31161.0000000;31161.0000000;2
SPFB.MTSI-3.20;60;20200103;230000;31141.0000000;31141.0000000;31131.0000000;31131.0000000;4
SPFB.MTSI-3.20;60;20200106;110000;31197.0000000;31197.0000000;31069.0000000;31181.0000000;42
SPFB.MTSI-3.20;60;20200106;120000;31183.0000000;31200.0000000;31122.0000000;31122.0000000;19
SPFB.MTSI-3.20;60;20200106;130000;31110.0000000;31110.0000000;31108.0000000;31108.0000000;3
SPFB.MTSI-3.20;60;20200106;140000;31111.0000000;31111.0000000;31111.0000000;31111.0000000;1
SPFB.MTSI-3.20;60;20200106;150000;31119.0000000;31119.0000000;31119.0000000;31119.0000000;1
SPFB.MTSI-3.20;60;20200106;160000;31117.0000000;31138.0000000;31117.0000000;31138.0000000;2
SPFB.MTSI-3.20;60;20200106;170000;31114.0000000;31147.0000000;31114.0000000;31138.0000000;13
SPFB.MTSI-3.20;60;20200106;180000;31180.0000000;31229.0000000;31148.0000000;31223.0000000;23
SPFB.MTSI-3.20;60;20200106;190000;31224.0000000;33133.0000000;31215.0000000;33133.0000000;53
SPFB.MTSI-3.20;60;20200106;200000;32100.0000000;32129.0000000;31320.0000000;31469.0000000;31
SPFB.MTSI-3.20;60;20200106;210000;31366.0000000;31438.0000000;31337.0000000;31358.0000000;70
SPFB.MTSI-3.20;60;20200107;000000;31377.0000000;31519.0000000;31254.0000000;31351.0000000;56
SPFB.MTSI-3.20;60;20200108;110000;31252.0000000;31289.0000000;31132.0000000;31206.0000000;112
SPFB.MTSI-3.20;60;20200108;120000;31196.0000000;31214.0000000;31183.0000000;31187.0000000;20
SPFB.MTSI-3.20;60;20200108;130000;31185.0000000;31202.0000000;31184.0000000;31202.0000000;3
SPFB.MTSI-3.20;60;20200108;140000;31200.0000000;31238.0000000;31200.0000000;31238.0000000;5
SPFB.MTSI-3.20;60;20200108;150000;31240.0000000;31240.0000000;31240.0000000;31240.0000000;6
SPFB.MTSI-3.20;60;20200108;160000;31269.0000000;31299.0000000;31269.0000000;31299.0000000;3
SPFB.MTSI-3.20;60;20200108;170000;31321.0000000;31527.0000000;31321.0000000;31518.0000000;172
SPFB.MTSI-3.20;60;20200108;180000;31523.0000000;31609.0000000;31423.0000000;31526.0000000;269
SPFB.MTSI-3.20;60;20200108;190000;31522.0000000;31738.0000000;31505.0000000;31567.0000000;135
SPFB.MTSI-3.20;60;20200108;200000;31670.0000000;31853.0000000;31610.0000000;31652.0000000;32
SPFB.MTSI-3.20;60;20200108;210000;31823.0000000;31836.0000000;31704.0000000;31704.0000000;10
SPFB.MTSI-3.20;60;20200108;220000;31707.0000000;31707.0000000;31707.0000000;31707.0000000;1
SPFB.MTSI-3.20;60;20200108;230000;31800.0000000;31800.0000000;31800.0000000;31800.0000000;2
SPFB.MTSI-3.20;60;20200109;000000;31705.0000000;31705.0000000;31504.0000000;31564.0000000;212
SPFB.MTSI-3.20;60;20200109;110000;31806.0000000;32190.0000000;31664.0000000;32068.0000000;441
SPFB.MTSI-3.20;60;20200109;120000;32071.0000000;32161.0000000;32017.0000000;32161.0000000;28
SPFB.MTSI-3.20;60;20200109;130000;32192.0000000;32278.0000000;32146.0000000;32272.0000000;62
SPFB.MTSI-3.20;60;20200109;140000;32236.0000000;32460.0000000;32236.0000000;32390.0000000;232
SPFB.MTSI-3.20;60;20200109;150000;32350.0000000;32426.0000000;32240.0000000;32426.0000000;41
SPFB.MTSI-3.20;60;20200109;160000;32399.0000000;32452.0000000;32394.0000000;32419.0000000;124
SPFB.MTSI-3.20;60;20200109;170000;32360.0000000;32378.0000000;32352.0000000;32378.0000000;4
SPFB.MTSI-3.20;60;20200109;180000;32363.0000000;32500.0000000;32305.0000000;32470.0000000;50
SPFB.MTSI-3.20;60;20200109;190000;32475.0000000;32476.0000000;32346.0000000;32363.0000000;103
SPFB.MTSI-3.20;60;20200109;200000;32386.0000000;32999.0000000;32280.0000000;32350.0000000;231
SPFB.MTSI-3.20;60;20200109;210000;32440.0000000;32440.0000000;32440.0000000;32440.0000000;10
SPFB.MTSI-3.20;60;20200109;220000;32350.0000000;32498.0000000;32340.0000000;32440.0000000;10
SPFB.MTSI-3.20;60;20200109;230000;32440.0000000;32440.0000000;32440.0000000;32440.0000000;2
SPFB.MTSI-3.20;60;20200110;110000;32352.0000000;32430.0000000;32174.0000000;32268.0000000;286
SPFB.MTSI-3.20;60;20200110;120000;32280.0000000;32349.0000000;32224.0000000;32250.0000000;13
SPFB.MTSI-3.20;60;20200110;130000;32305.0000000;32320.0000000;32202.0000000;32320.0000000;22
SPFB.MTSI-3.20;60;20200110;140000;32249.0000000;32249.0000000;32198.0000000;32198.0000000;2
SPFB.MTSI-3.20;60;20200110;150000;32185.0000000;32190.0000000;32079.0000000;32190.0000000;24
SPFB.MTSI-3.20;60;20200110;160000;32141.0000000;32141.0000000;32089.0000000;32089.0000000;5
SPFB.MTSI-3.20;60;20200110;170000;32125.0000000;32180.0000000;32125.0000000;32179.0000000;29
SPFB.MTSI-3.20;60;20200110;180000;32160.0000000;32460.0000000;32160.0000000;32411.0000000;88
SPFB.MTSI-3.20;60;20200110;190000;32500.0000000;32500.0000000;32130.0000000;32130.0000000;142
SPFB.MTSI-3.20;60;20200110;200000;32035.0000000;32220.0000000;32005.0000000;32023.0000000;22
SPFB.MTSI-3.20;60;20200110;210000;32190.0000000;32190.0000000;32188.0000000;32188.0000000;4
SPFB.MTSI-3.20;60;20200110;220000;32186.0000000;32186.0000000;32186.0000000;32186.0000000;1
SPFB.MTSI-3.20;60;20200110;230000;32023.0000000;32023.0000000;32022.0000000;32022.0000000;4
SPFB.MTSI-3.20;60;20200111;000000;32033.0000000;32033.0000000;32033.0000000;32033.0000000;1
SPFB.MTSI-3.20;60;20200113;110000;32081.0000000;32087.0000000;31785.0000000;31967.0000000;279
SPFB.MTSI-3.20;60;20200113;120000;31970.0000000;32026.0000000;31854.0000000;31854.0000000;23
SPFB.MTSI-3.20;60;20200113;130000;31854.0000000;31895.0000000;31825.0000000;31891.0000000;30
SPFB.MTSI-3.20;60;20200113;140000;31968.0000000;31968.0000000;31897.0000000;31907.0000000;3
SPFB.MTSI-3.20;60;20200113;150000;31915.0000000;31930.0000000;31909.0000000;31909.0000000;26
SPFB.MTSI-3.20;60;20200113;160000;31917.0000000;31920.0000000;31881.0000000;31881.0000000;24
SPFB.MTSI-3.20;60;20200113;170000;31900.0000000;31940.0000000;31880.0000000;31885.0000000;17
SPFB.MTSI-3.20;60;20200113;180000;31908.0000000;32177.0000000;31867.0000000;32029.0000000;85
SPFB.MTSI-3.20;60;20200113;190000;32050.0000000;32171.0000000;32050.0000000;32129.0000000;50
SPFB.MTSI-3.20;60;20200113;200000;32175.0000000;32239.0000000;32135.0000000;32135.0000000;18
SPFB.MTSI-3.20;60;20200113;210000;32145.0000000;32145.0000000;32145.0000000;32145.0000000;1
SPFB.MTSI-3.20;60;20200113;220000;32133.0000000;32133.0000000;32133.0000000;32133.0000000;5
SPFB.MTSI-3.20;60;20200113;230000;32175.0000000;32175.0000000;32175.0000000;32175.0000000;3
SPFB.MTSI-3.20;60;20200114;110000;32190.0000000;32294.0000000;32129.0000000;32250.0000000;142
SPFB.MTSI-3.20;60;20200114;120000;32240.0000000;32257.0000000;32081.0000000;32140.0000000;174
SPFB.MTSI-3.20;60;20200114;130000;32141.0000000;32146.0000000;32119.0000000;32146.0000000;4
SPFB.MTSI-3.20;60;20200114;140000;32158.0000000;32261.0000000;32158.0000000;32223.0000000;114
SPFB.MTSI-3.20;60;20200114;150000;32222.0000000;32222.0000000;32150.0000000;32200.0000000;10
SPFB.MTSI-3.20;60;20200114;160000;32112.0000000;32112.0000000;31972.0000000;32060.0000000;21
SPFB.MTSI-3.20;60;20200114;170000;32125.0000000;32150.0000000;32091.0000000;32150.0000000;7
SPFB.MTSI-3.20;60;20200114;180000;32100.0000000;32157.0000000;32100.0000000;32157.0000000;8
SPFB.MTSI-3.20;60;20200114;190000;31982.0000000;31982.0000000;31863.0000000;31897.0000000;20
SPFB.MTSI-3.20;60;20200114;200000;32099.0000000;32099.0000000;32099.0000000;32099.0000000;5
SPFB.MTSI-3.20;60;20200114;210000;31812.0000000;31813.0000000;31780.0000000;31780.0000000;9
SPFB.MTSI-3.20;60;20200114;220000;31749.0000000;31750.0000000;31705.0000000;31708.0000000;13
SPFB.MTSI-3.20;60;20200115;110000;31772.0000000;31950.0000000;31741.0000000;31774.0000000;129
SPFB.MTSI-3.20;60;20200115;120000;31795.0000000;32100.0000000;31795.0000000;32090.0000000;46
SPFB.MTSI-3.20;60;20200115;130000;32068.0000000;32068.0000000;31995.0000000;32005.0000000;36
SPFB.MTSI-3.20;60;20200115;140000;31990.0000000;31990.0000000;31960.0000000;31965.0000000;30
SPFB.MTSI-3.20;60;20200115;150000;32017.0000000;32017.0000000;31929.0000000;31980.0000000;12
SPFB.MTSI-3.20;60;20200115;160000;32000.0000000;32053.0000000;32000.0000000;32048.0000000;7
SPFB.MTSI-3.20;60;20200115;170000;32078.0000000;32078.0000000;31714.0000000;31859.0000000;72
SPFB.MTSI-3.20;60;20200115;180000;31850.0000000;32109.0000000;31848.0000000;32085.0000000;51
SPFB.MTSI-3.20;60;20200115;190000;32046.0000000;32145.0000000;32015.0000000;32121.0000000;58
SPFB.MTSI-3.20;60;20200115;200000;32045.0000000;32096.0000000;32045.0000000;32083.0000000;13
SPFB.MTSI-3.20;60;20200115;210000;32094.0000000;32094.0000000;32091.0000000;32091.0000000;8
SPFB.MTSI-3.20;60;20200115;220000;32091.0000000;32091.0000000;31900.0000000;31900.0000000;26
SPFB.MTSI-3.20;60;20200116;110000;32047.0000000;32050.0000000;31874.0000000;32027.0000000;97
SPFB.MTSI-3.20;60;20200116;120000;32035.0000000;32066.0000000;31987.0000000;32046.0000000;53
SPFB.MTSI-3.20;60;20200116;130000;32044.0000000;32057.0000000;32044.0000000;32046.0000000;17
SPFB.MTSI-3.20;60;20200116;140000;32053.0000000;32088.0000000;32047.0000000;32055.0000000;59
SPFB.MTSI-3.20;60;20200116;150000;32060.0000000;32079.0000000;32060.0000000;32079.0000000;48
SPFB.MTSI-3.20;60;20200116;160000;32009.0000000;32009.0000000;32003.0000000;32003.0000000;2
SPFB.MTSI-3.20;60;20200116;170000;31988.0000000;32004.0000000;31965.0000000;31971.0000000;58
SPFB.MTSI-3.20;60;20200116;180000;31941.0000000;32175.0000000;31941.0000000;32110.0000000;93
SPFB.MTSI-3.20;60;20200116;190000;32104.0000000;32390.0000000;32104.0000000;32246.0000000;96
SPFB.MTSI-3.20;60;20200116;200000;32298.0000000;32298.0000000;32297.0000000;32297.0000000;2
SPFB.MTSI-3.20;60;20200116;230000;32360.0000000;32360.0000000;32300.0000000;32300.0000000;2
SPFB.MTSI-3.20;60;20200117;110000;32214.0000000;32263.0000000;31983.0000000;32193.0000000;109
SPFB.MTSI-3.20;60;20200117;120000;32249.0000000;32379.0000000;32206.0000000;32239.0000000;396
SPFB.MTSI-3.20;60;20200117;130000;32213.0000000;32342.0000000;32184.0000000;32184.0000000;32
SPFB.MTSI-3.20;60;20200117;140000;32325.0000000;32373.0000000;32325.0000000;32369.0000000;45
SPFB.MTSI-3.20;60;20200117;150000;32348.0000000;32442.0000000;32341.0000000;32393.0000000;106
SPFB.MTSI-3.20;60;20200117;160000;32337.0000000;32369.0000000;32333.0000000;32369.0000000;4
SPFB.MTSI-3.20;60;20200117;170000;32397.0000000;32410.0000000;32395.0000000;32406.0000000;13
SPFB.MTSI-3.20;60;20200117;180000;32395.0000000;32404.0000000;32329.0000000;32404.0000000;79
SPFB.MTSI-3.20;60;20200117;190000;32417.0000000;32454.0000000;32396.0000000;32432.0000000;37
SPFB.MTSI-3.20;60;20200117;200000;32485.0000000;32555.0000000;32341.0000000;32400.0000000;24
SPFB.MTSI-3.20;60;20200117;210000;32507.0000000;32543.0000000;32501.0000000;32543.0000000;7
SPFB.MTSI-3.20;60;20200117;220000;32500.0000000;32544.0000000;32500.0000000;32544.0000000;4
SPFB.MTSI-3.20;60;20200117;230000;32514.0000000;32514.0000000;32514.0000000;32514.0000000;2
SPFB.MTSI-3.20;60;20200120;110000;32517.0000000;32598.0000000;32475.0000000;32570.0000000;147
SPFB.MTSI-3.20;60;20200120;120000;32574.0000000;32652.0000000;32560.0000000;32628.0000000;71
SPFB.MTSI-3.20;60;20200120;130000;32676.0000000;32716.0000000;32611.0000000;32708.0000000;30
SPFB.MTSI-3.20;60;20200120;140000;32637.0000000;32637.0000000;32636.0000000;32636.0000000;3
SPFB.MTSI-3.20;60;20200120;150000;32637.0000000;32697.0000000;32569.0000000;32697.0000000;31
SPFB.MTSI-3.20;60;20200120;160000;32700.0000000;32700.0000000;32616.0000000;32616.0000000;2
SPFB.MTSI-3.20;60;20200120;170000;32581.0000000;32638.0000000;32564.0000000;32638.0000000;11
SPFB.MTSI-3.20;60;20200120;180000;32609.0000000;32923.0000000;32609.0000000;32923.0000000;45
SPFB.MTSI-3.20;60;20200120;190000;32923.0000000;32923.0000000;32795.0000000;32918.0000000;64
SPFB.MTSI-3.20;60;20200120;200000;32809.0000000;32819.0000000;32809.0000000;32819.0000000;2
SPFB.MTSI-3.20;60;20200121;110000;32821.0000000;32946.0000000;32522.0000000;32838.0000000;130
SPFB.MTSI-3.20;60;20200121;120000;32861.0000000;32861.0000000;32740.0000000;32792.0000000;62
SPFB.MTSI-3.20;60;20200121;130000;32864.0000000;32883.0000000;32864.0000000;32883.0000000;3
SPFB.MTSI-3.20;60;20200121;140000;32802.0000000;32856.0000000;32695.0000000;32715.0000000;113
SPFB.MTSI-3.20;60;20200121;150000;32705.0000000;32751.0000000;32700.0000000;32751.0000000;6
SPFB.MTSI-3.20;60;20200121;160000;32765.0000000;32815.0000000;32751.0000000;32751.0000000;28
SPFB.MTSI-3.20;60;20200121;170000;32738.0000000;32823.0000000;32736.0000000;32823.0000000;15
SPFB.MTSI-3.20;60;20200121;180000;32780.0000000;33298.0000000;32774.0000000;33191.0000000;139
SPFB.MTSI-3.20;60;20200121;190000;33235.0000000;33235.0000000;33080.0000000;33140.0000000;144
SPFB.MTSI-3.20;60;20200121;210000;33203.0000000;33230.0000000;33203.0000000;33230.0000000;6
SPFB.MTSI-3.20;60;20200121;220000;33197.0000000;33197.0000000;33197.0000000;33197.0000000;1
SPFB.MTSI-3.20;60;20200121;230000;33196.0000000;33200.0000000;33196.0000000;33200.0000000;2
SPFB.MTSI-3.20;60;20200122;000000;33224.0000000;33233.0000000;33220.0000000;33233.0000000;6
SPFB.MTSI-3.20;60;20200122;110000;33200.0000000;33612.0000000;33200.0000000;33504.0000000;144
SPFB.MTSI-3.20;60;20200122;120000;33505.0000000;33520.0000000;33420.0000000;33420.0000000;49
SPFB.MTSI-3.20;60;20200122;130000;33460.0000000;33540.0000000;33441.0000000;33509.0000000;91
SPFB.MTSI-3.20;60;20200122;140000;33477.0000000;33609.0000000;33471.0000000;33495.0000000;36
SPFB.MTSI-3.20;60;20200122;150000;33480.0000000;33480.0000000;33324.0000000;33345.0000000;147
SPFB.MTSI-3.20;60;20200122;160000;33342.0000000;33455.0000000;33342.0000000;33365.0000000;73
SPFB.MTSI-3.20;60;20200122;170000;33300.0000000;33450.0000000;33300.0000000;33436.0000000;19
SPFB.MTSI-3.20;60;20200122;180000;33467.0000000;33610.0000000;33462.0000000;33610.0000000;404
SPFB.MTSI-3.20;60;20200122;190000;33594.0000000;33800.0000000;33563.0000000;33563.0000000;80
SPFB.MTSI-3.20;60;20200122;200000;33600.0000000;33636.0000000;33600.0000000;33636.0000000;5
SPFB.MTSI-3.20;60;20200122;210000;33729.0000000;33780.0000000;33580.0000000;33580.0000000;7
SPFB.MTSI-3.20;60;20200122;220000;33582.0000000;33634.0000000;33501.0000000;33501.0000000;4
SPFB.MTSI-3.20;60;20200122;230000;33500.0000000;33500.0000000;33500.0000000;33500.0000000;1
SPFB.MTSI-3.20;60;20200123;000000;33618.0000000;33618.0000000;33618.0000000;33618.0000000;1
SPFB.MTSI-3.20;60;20200123;110000;33500.0000000;33500.0000000;33300.0000000;33375.0000000;362
SPFB.MTSI-3.20;60;20200123;120000;33348.0000000;33500.0000000;33328.0000000;33500.0000000;135
SPFB.MTSI-3.20;60;20200123;130000;33539.0000000;33699.0000000;33534.0000000;33642.0000000;54
SPFB.MTSI-3.20;60;20200123;140000;33660.0000000;33688.0000000;33610.0000000;33625.0000000;12
SPFB.MTSI-3.20;60;20200123;150000;33631.0000000;33631.0000000;33631.0000000;33631.0000000;1
SPFB.MTSI-3.20;60;20200123;160000;33690.0000000;33719.0000000;33571.0000000;33573.0000000;40
SPFB.MTSI-3.20;60;20200123;170000;33559.0000000;33570.0000000;33394.0000000;33394.0000000;40
SPFB.MTSI-3.20;60;20200123;180000;33371.0000000;33455.0000000;32833.0000000;33174.0000000;288
SPFB.MTSI-3.20;60;20200123;190000;33059.0000000;33199.0000000;32992.0000000;33111.0000000;42
SPFB.MTSI-3.20;60;20200124;110000;33180.0000000;33600.0000000;33180.0000000;33590.0000000;121
SPFB.MTSI-3.20;60;20200124;120000;33510.0000000;33573.0000000;33505.0000000;33550.0000000;21
SPFB.MTSI-3.20;60;20200124;130000;33513.0000000;33513.0000000;33475.0000000;33475.0000000;7
SPFB.MTSI-3.20;60;20200124;140000;33465.0000000;33465.0000000;33337.0000000;33340.0000000;48
SPFB.MTSI-3.20;60;20200124;150000;33304.0000000;33411.0000000;33304.0000000;33385.0000000;17
SPFB.MTSI-3.20;60;20200124;170000;33420.0000000;33502.0000000;33420.0000000;33502.0000000;55
SPFB.MTSI-3.20;60;20200124;180000;33426.0000000;33655.0000000;33423.0000000;33638.0000000;94
SPFB.MTSI-3.20;60;20200124;190000;33653.0000000;33860.0000000;33653.0000000;33820.0000000;109
SPFB.MTSI-3.20;60;20200124;200000;33790.0000000;33800.0000000;33790.0000000;33800.0000000;4
SPFB.MTSI-3.20;60;20200124;210000;33801.0000000;33833.0000000;33756.0000000;33756.0000000;10
SPFB.MTSI-3.20;60;20200124;220000;33850.0000000;33862.0000000;33764.0000000;33764.0000000;26
SPFB.MTSI-3.20;60;20200125;000000;33708.0000000;33708.0000000;33708.0000000;33708.0000000;1
SPFB.MTSI-3.20;60;20200127;110000;33634.0000000;33798.0000000;33496.0000000;33691.0000000;225
SPFB.MTSI-3.20;60;20200127;120000;33685.0000000;33690.0000000;33571.0000000;33571.0000000;176
SPFB.MTSI-3.20;60;20200127;130000;33560.0000000;33663.0000000;33500.0000000;33500.0000000;189
SPFB.MTSI-3.20;60;20200127;140000;33420.0000000;33420.0000000;32871.0000000;33065.0000000;194
SPFB.MTSI-3.20;60;20200127;150000;32975.0000000;33060.0000000;32945.0000000;32949.0000000;110
SPFB.MTSI-3.20;60;20200127;160000;32991.0000000;33000.0000000;32945.0000000;32945.0000000;21
SPFB.MTSI-3.20;60;20200127;170000;32945.0000000;33196.0000000;32900.0000000;33196.0000000;12
SPFB.MTSI-3.20;60;20200127;180000;33181.0000000;33181.0000000;32900.0000000;32917.0000000;114
SPFB.MTSI-3.20;60;20200127;190000;32917.0000000;32917.0000000;32720.0000000;32917.0000000;132
SPFB.MTSI-3.20;60;20200127;200000;32713.0000000;32807.0000000;32713.0000000;32767.0000000;15
SPFB.MTSI-3.20;60;20200127;220000;32924.0000000;32962.0000000;32924.0000000;32962.0000000;7
SPFB.MTSI-3.20;60;20200128;000000;32913.0000000;32972.0000000;32899.0000000;32963.0000000;85
SPFB.MTSI-3.20;60;20200128;110000;32962.0000000;33347.0000000;32896.0000000;33296.0000000;307
SPFB.MTSI-3.20;60;20200128;120000;33280.0000000;33288.0000000;33107.0000000;33107.0000000;72
SPFB.MTSI-3.20;60;20200128;130000;32810.0000000;33085.0000000;32770.0000000;33085.0000000;71
SPFB.MTSI-3.20;60;20200128;140000;33001.0000000;33139.0000000;33001.0000000;33009.0000000;18
SPFB.MTSI-3.20;60;20200128;150000;32955.0000000;33110.0000000;32955.0000000;33110.0000000;22
SPFB.MTSI-3.20;60;20200128;160000;33163.0000000;33225.0000000;33155.0000000;33188.0000000;44
SPFB.MTSI-3.20;60;20200128;170000;33264.0000000;33271.0000000;33140.0000000;33140.0000000;15
SPFB.MTSI-3.20;60;20200128;180000;32940.0000000;32945.0000000;32791.0000000;32945.0000000;141
SPFB.MTSI-3.20;60;20200128;190000;32895.0000000;32919.0000000;32836.0000000;32870.0000000;39
SPFB.MTSI-3.20;60;20200128;230000;32786.0000000;32850.0000000;32705.0000000;32838.0000000;163
SPFB.MTSI-3.20;60;20200129;000000;32713.0000000;32839.0000000;32681.0000000;32780.0000000;49
SPFB.MTSI-3.20;60;20200129;110000;32938.0000000;33049.0000000;32845.0000000;32968.0000000;122
SPFB.MTSI-3.20;60;20200129;120000;32942.0000000;33025.0000000;32868.0000000;32980.0000000;33
SPFB.MTSI-3.20;60;20200129;130000;32911.0000000;32926.0000000;32858.0000000;32918.0000000;24
SPFB.MTSI-3.20;60;20200129;140000;32973.0000000;32973.0000000;32953.0000000;32968.0000000;10
SPFB.MTSI-3.20;60;20200129;150000;32962.0000000;32962.0000000;32908.0000000;32929.0000000;5
SPFB.MTSI-3.20;60;20200129;160000;32908.0000000;32940.0000000;32908.0000000;32936.0000000;17
SPFB.MTSI-3.20;60;20200129;170000;32974.0000000;32980.0000000;32951.0000000;32951.0000000;4
SPFB.MTSI-3.20;60;20200129;180000;33025.0000000;33050.0000000;32986.0000000;32990.0000000;38
SPFB.MTSI-3.20;60;20200129;190000;32940.0000000;33041.0000000;32920.0000000;33041.0000000;25
SPFB.MTSI-3.20;60;20200129;220000;33154.0000000;33161.0000000;33041.0000000;33041.0000000;6
SPFB.MTSI-3.20;60;20200129;230000;33041.0000000;33041.0000000;33041.0000000;33041.0000000;5
SPFB.MTSI-3.20;60;20200130;000000;33093.0000000;33153.0000000;32991.0000000;33021.0000000;331
SPFB.MTSI-3.20;60;20200130;110000;32964.0000000;32964.0000000;32616.0000000;32896.0000000;164
SPFB.MTSI-3.20;60;20200130;120000;32861.0000000;33153.0000000;32861.0000000;33141.0000000;61
SPFB.MTSI-3.20;60;20200130;130000;33147.0000000;33350.0000000;33147.0000000;33350.0000000;70
SPFB.MTSI-3.20;60;20200130;140000;33330.0000000;33330.0000000;33155.0000000;33235.0000000;73
SPFB.MTSI-3.20;60;20200130;150000;33341.0000000;33346.0000000;33243.0000000;33243.0000000;18
SPFB.MTSI-3.20;60;20200130;160000;33329.0000000;33350.0000000;33252.0000000;33252.0000000;7
SPFB.MTSI-3.20;60;20200130;170000;33203.0000000;33395.0000000;33200.0000000;33372.0000000;32
SPFB.MTSI-3.20;60;20200130;180000;33345.0000000;33346.0000000;33100.0000000;33229.0000000;29
SPFB.MTSI-3.20;60;20200130;190000;33229.0000000;33291.0000000;33142.0000000;33226.0000000;25
SPFB.MTSI-3.20;60;20200130;200000;33135.0000000;33135.0000000;33135.0000000;33135.0000000;1
SPFB.MTSI-3.20;60;20200130;220000;33356.0000000;33356.0000000;33348.0000000;33348.0000000;3
SPFB.MTSI-3.20;60;20200130;230000;33186.0000000;33288.0000000;33185.0000000;33241.0000000;18
SPFB.MTSI-3.20;60;20200131;000000;33340.0000000;33414.0000000;33340.0000000;33400.0000000;9
SPFB.MTSI-3.20;60;20200131;110000;33340.0000000;33490.0000000;33230.0000000;33447.0000000;182
SPFB.MTSI-3.20;60;20200131;120000;33470.0000000;33500.0000000;33390.0000000;33390.0000000;19
SPFB.MTSI-3.20;60;20200131;130000;33411.0000000;33433.0000000;33291.0000000;33300.0000000;13
SPFB.MTSI-3.20;60;20200131;140000;33240.0000000;33240.0000000;33059.0000000;33060.0000000;38
SPFB.MTSI-3.20;60;20200131;150000;33053.0000000;33057.0000000;32783.0000000;32831.0000000;98
SPFB.MTSI-3.20;60;20200131;160000;32931.0000000;33093.0000000;32901.0000000;32991.0000000;10
SPFB.MTSI-3.20;60;20200131;170000;32922.0000000;32922.0000000;32917.0000000;32917.0000000;2
SPFB.MTSI-3.20;60;20200131;180000;33067.0000000;33145.0000000;32957.0000000;32957.0000000;65
SPFB.MTSI-3.20;60;20200131;190000;32900.0000000;32926.0000000;32800.0000000;32871.0000000;52
SPFB.MTSI-3.20;60;20200131;200000;32622.0000000;32871.0000000;32523.0000000;32871.0000000;11
SPFB.MTSI-3.20;60;20200131;220000;32840.0000000;32840.0000000;32765.0000000;32765.0000000;2
SPFB.MTSI-3.20;60;20200203;110000;32687.0000000;33215.0000000;32687.0000000;33215.0000000;192
SPFB.MTSI-3.20;60;20200203;120000;33182.0000000;33215.0000000;33011.0000000;33117.0000000;224
SPFB.MTSI-3.20;60;20200203;130000;33078.0000000;33300.0000000;33078.0000000;33221.0000000;94
SPFB.MTSI-3.20;60;20200203;140000;33300.0000000;33300.0000000;33250.0000000;33279.0000000;47
SPFB.MTSI-3.20;60;20200203;150000;33285.0000000;33349.0000000;33285.0000000;33340.0000000;141
SPFB.MTSI-3.20;60;20200203;160000;33324.0000000;33332.0000000;33137.0000000;33159.0000000;33
SPFB.MTSI-3.20;60;20200203;170000;33172.0000000;33390.0000000;33172.0000000;33260.0000000;86
SPFB.MTSI-3.20;60;20200203;180000;33210.0000000;33309.0000000;33042.0000000;33114.0000000;63
SPFB.MTSI-3.20;60;20200203;190000;33251.0000000;33292.0000000;33065.0000000;33275.0000000;81
SPFB.MTSI-3.20;60;20200203;200000;33112.0000000;33112.0000000;33112.0000000;33112.0000000;1
SPFB.MTSI-3.20;60;20200203;210000;33100.0000000;33266.0000000;33100.0000000;33250.0000000;5
SPFB.MTSI-3.20;60;20200204;000000;33306.0000000;33306.0000000;33297.0000000;33297.0000000;6
SPFB.MTSI-3.20;60;20200204;110000;33367.0000000;33400.0000000;33285.0000000;33294.0000000;104
SPFB.MTSI-3.20;60;20200204;120000;33303.0000000;33303.0000000;33232.0000000;33270.0000000;22
SPFB.MTSI-3.20;60;20200204;130000;33365.0000000;33434.0000000;33335.0000000;33424.0000000;107
SPFB.MTSI-3.20;60;20200204;140000;33403.0000000;33475.0000000;33403.0000000;33475.0000000;52
SPFB.MTSI-3.20;60;20200204;150000;33400.0000000;33572.0000000;33400.0000000;33500.0000000;116
SPFB.MTSI-3.20;60;20200204;160000;33555.0000000;33625.0000000;33555.0000000;33605.0000000;94
SPFB.MTSI-3.20;60;20200204;170000;33577.0000000;33750.0000000;33549.0000000;33706.0000000;84
SPFB.MTSI-3.20;60;20200204;180000;33759.0000000;33778.0000000;33480.0000000;33511.0000000;66
SPFB.MTSI-3.20;60;20200204;190000;33525.0000000;33525.0000000;33300.0000000;33419.0000000;31
SPFB.MTSI-3.20;60;20200204;200000;33414.0000000;33414.0000000;33214.0000000;33300.0000000;4
SPFB.MTSI-3.20;60;20200204;210000;33361.0000000;33361.0000000;33361.0000000;33361.0000000;1
SPFB.MTSI-3.20;60;20200204;220000;33387.0000000;33387.0000000;33387.0000000;33387.0000000;1
SPFB.MTSI-3.20;60;20200204;230000;33384.0000000;33384.0000000;33300.0000000;33300.0000000;2
SPFB.MTSI-3.20;60;20200205;000000;33387.0000000;33387.0000000;33387.0000000;33387.0000000;5
SPFB.MTSI-3.20;60;20200205;110000;33388.0000000;33414.0000000;33192.0000000;33382.0000000;101
SPFB.MTSI-3.20;60;20200205;120000;33351.0000000;33609.0000000;33260.0000000;33549.0000000;138
SPFB.MTSI-3.20;60;20200205;130000;33556.0000000;33700.0000000;33337.0000000;33337.0000000;113
SPFB.MTSI-3.20;60;20200205;140000;33405.0000000;33405.0000000;33283.0000000;33389.0000000;50
SPFB.MTSI-3.20;60;20200205;150000;33395.0000000;33530.0000000;33339.0000000;33351.0000000;65
SPFB.MTSI-3.20;60;20200205;160000;33469.0000000;33500.0000000;33417.0000000;33421.0000000;56
SPFB.MTSI-3.20;60;20200205;170000;33461.0000000;33691.0000000;33461.0000000;33600.0000000;98
SPFB.MTSI-3.20;60;20200205;180000;33615.0000000;33635.0000000;33270.0000000;33409.0000000;131
SPFB.MTSI-3.20;60;20200205;190000;33399.0000000;33400.0000000;33262.0000000;33268.0000000;47
SPFB.MTSI-3.20;60;20200205;200000;33479.0000000;33479.0000000;33340.0000000;33404.0000000;9
SPFB.MTSI-3.20;60;20200205;220000;33340.0000000;33340.0000000;33340.0000000;33340.0000000;1
SPFB.MTSI-3.20;60;20200205;230000;33312.0000000;33340.0000000;33012.0000000;33199.0000000;36
SPFB.MTSI-3.20;60;20200206;110000;33261.0000000;33539.0000000;33261.0000000;33339.0000000;96
SPFB.MTSI-3.20;60;20200206;120000;33365.0000000;33460.0000000;33365.0000000;33399.0000000;36
SPFB.MTSI-3.20;60;20200206;130000;33360.0000000;33440.0000000;33336.0000000;33337.0000000;24
SPFB.MTSI-3.20;60;20200206;140000;33346.0000000;33424.0000000;33313.0000000;33314.0000000;33
SPFB.MTSI-3.20;60;20200206;150000;33309.0000000;33390.0000000;33289.0000000;33349.0000000;39
SPFB.MTSI-3.20;60;20200206;160000;33294.0000000;33294.0000000;33205.0000000;33230.0000000;91
SPFB.MTSI-3.20;60;20200206;170000;33204.0000000;33285.0000000;33100.0000000;33100.0000000;51
SPFB.MTSI-3.20;60;20200206;180000;33119.0000000;33329.0000000;33108.0000000;33275.0000000;75
SPFB.MTSI-3.20;60;20200206;190000;33230.0000000;33288.0000000;33213.0000000;33251.0000000;45
SPFB.MTSI-3.20;60;20200206;210000;33306.0000000;33307.0000000;33306.0000000;33307.0000000;5
SPFB.MTSI-3.20;60;20200206;220000;33313.0000000;33490.0000000;33313.0000000;33383.0000000;18
SPFB.MTSI-3.20;60;20200207;000000;33347.0000000;33489.0000000;33347.0000000;33390.0000000;14
SPFB.MTSI-3.20;60;20200207;110000;33416.0000000;33500.0000000;33081.0000000;33294.0000000;279
SPFB.MTSI-3.20;60;20200207;120000;33339.0000000;33519.0000000;33339.0000000;33361.0000000;34
SPFB.MTSI-3.20;60;20200207;130000;33381.0000000;33381.0000000;33050.0000000;33087.0000000;75
SPFB.MTSI-3.20;60;20200207;140000;33116.0000000;33117.0000000;33054.0000000;33058.0000000;47
SPFB.MTSI-3.20;60;20200207;150000;33022.0000000;33108.0000000;32895.0000000;33108.0000000;48
SPFB.MTSI-3.20;60;20200207;160000;33078.0000000;33186.0000000;33071.0000000;33071.0000000;44
SPFB.MTSI-3.20;60;20200207;170000;33159.0000000;33159.0000000;33000.0000000;33059.0000000;56
SPFB.MTSI-3.20;60;20200207;180000;33098.0000000;33309.0000000;33029.0000000;33212.0000000;189
SPFB.MTSI-3.20;60;20200207;190000;33238.0000000;33301.0000000;33197.0000000;33255.0000000;73
SPFB.MTSI-3.20;60;20200207;220000;33282.0000000;33320.0000000;33253.0000000;33285.0000000;27
SPFB.MTSI-3.20;60;20200207;230000;33134.0000000;33134.0000000;33134.0000000;33134.0000000;2
SPFB.MTSI-3.20;60;20200208;000000;33273.0000000;33273.0000000;33273.0000000;33273.0000000;2
SPFB.MTSI-3.20;60;20200210;110000;33209.0000000;33343.0000000;33209.0000000;33342.0000000;74
SPFB.MTSI-3.20;60;20200210;120000;33282.0000000;33282.0000000;33201.0000000;33201.0000000;9
SPFB.MTSI-3.20;60;20200210;130000;33194.0000000;33194.0000000;32834.0000000;32950.0000000;167
SPFB.MTSI-3.20;60;20200210;140000;33025.0000000;33025.0000000;32920.0000000;33021.0000000;35
SPFB.MTSI-3.20;60;20200210;150000;33013.0000000;33021.0000000;33000.0000000;33004.0000000;15
SPFB.MTSI-3.20;60;20200210;160000;33025.0000000;33075.0000000;33014.0000000;33075.0000000;13
SPFB.MTSI-3.20;60;20200210;170000;33039.0000000;33090.0000000;32929.0000000;32929.0000000;27
SPFB.MTSI-3.20;60;20200210;180000;32900.0000000;33210.0000000;32874.0000000;33104.0000000;89
SPFB.MTSI-3.20;60;20200210;190000;33080.0000000;33171.0000000;33049.0000000;33151.0000000;53
SPFB.MTSI-3.20;60;20200210;210000;33131.0000000;33131.0000000;33078.0000000;33078.0000000;13
SPFB.MTSI-3.20;60;20200210;220000;33082.0000000;33194.0000000;33000.0000000;33194.0000000;12
SPFB.MTSI-3.20;60;20200210;230000;33067.0000000;33111.0000000;33051.0000000;33051.0000000;4
SPFB.MTSI-3.20;60;20200211;110000;33194.0000000;33473.0000000;33194.0000000;33400.0000000;149
SPFB.MTSI-3.20;60;20200211;120000;33370.0000000;33402.0000000;33370.0000000;33376.0000000;16
SPFB.MTSI-3.20;60;20200211;130000;33360.0000000;33423.0000000;33315.0000000;33317.0000000;31
SPFB.MTSI-3.20;60;20200211;140000;33288.0000000;33307.0000000;33171.0000000;33238.0000000;12
SPFB.MTSI-3.20;60;20200211;150000;33232.0000000;33232.0000000;33117.0000000;33159.0000000;23
SPFB.MTSI-3.20;60;20200211;160000;33143.0000000;33295.0000000;33143.0000000;33282.0000000;28
SPFB.MTSI-3.20;60;20200211;170000;33330.0000000;33353.0000000;33128.0000000;33182.0000000;69
SPFB.MTSI-3.20;60;20200211;180000;33180.0000000;33366.0000000;33164.0000000;33311.0000000;127
SPFB.MTSI-3.20;60;20200211;190000;33350.0000000;33519.0000000;33350.0000000;33370.0000000;27
SPFB.MTSI-3.20;60;20200211;200000;33357.0000000;33429.0000000;33281.0000000;33357.0000000;18
SPFB.MTSI-3.20;60;20200211;210000;33431.0000000;33431.0000000;33431.0000000;33431.0000000;1
SPFB.MTSI-3.20;60;20200211;220000;33401.0000000;33401.0000000;33401.0000000;33401.0000000;2
SPFB.MTSI-3.20;60;20200211;230000;33325.0000000;33352.0000000;33235.0000000;33235.0000000;16
SPFB.MTSI-3.20;60;20200212;000000;33387.0000000;33399.0000000;33387.0000000;33399.0000000;2
SPFB.MTSI-3.20;60;20200212;110000;33436.0000000;33542.0000000;33352.0000000;33352.0000000;60
SPFB.MTSI-3.20;60;20200212;120000;33387.0000000;33418.0000000;33250.0000000;33360.0000000;41
SPFB.MTSI-3.20;60;20200212;130000;33352.0000000;33440.0000000;33261.0000000;33440.0000000;41
SPFB.MTSI-3.20;60;20200212;140000;33432.0000000;33443.0000000;33432.0000000;33432.0000000;4
SPFB.MTSI-3.20;60;20200212;150000;33453.0000000;33462.0000000;33444.0000000;33450.0000000;31
SPFB.MTSI-3.20;60;20200212;160000;33465.0000000;33465.0000000;33416.0000000;33416.0000000;21
SPFB.MTSI-3.20;60;20200212;170000;33486.0000000;33750.0000000;33454.0000000;33750.0000000;75
SPFB.MTSI-3.20;60;20200212;180000;33774.0000000;34129.0000000;33646.0000000;34126.0000000;183
SPFB.MTSI-3.20;60;20200212;190000;34120.0000000;34122.0000000;33924.0000000;34000.0000000;75
SPFB.MTSI-3.20;60;20200212;200000;33983.0000000;34052.0000000;33889.0000000;34052.0000000;8
SPFB.MTSI-3.20;60;20200212;210000;34062.0000000;34100.0000000;34062.0000000;34100.0000000;3
SPFB.MTSI-3.20;60;20200212;220000;34122.0000000;34122.0000000;33842.0000000;33842.0000000;4
SPFB.MTSI-3.20;60;20200212;230000;34055.0000000;34100.0000000;33871.0000000;34100.0000000;7
SPFB.MTSI-3.20;60;20200213;000000;34100.0000000;34100.0000000;34100.0000000;34100.0000000;5
SPFB.MTSI-3.20;60;20200213;110000;34010.0000000;34010.0000000;33783.0000000;33974.0000000;106
SPFB.MTSI-3.20;60;20200213;120000;33951.0000000;34009.0000000;33889.0000000;33889.0000000;14
SPFB.MTSI-3.20;60;20200213;130000;33850.0000000;33915.0000000;33850.0000000;33900.0000000;8
SPFB.MTSI-3.20;60;20200213;140000;33953.0000000;33953.0000000;33824.0000000;33938.0000000;6
SPFB.MTSI-3.20;60;20200213;150000;33850.0000000;33850.0000000;33800.0000000;33835.0000000;20
SPFB.MTSI-3.20;60;20200213;160000;33850.0000000;33891.0000000;33850.0000000;33872.0000000;4
SPFB.MTSI-3.20;60;20200213;170000;33954.0000000;34100.0000000;33954.0000000;33985.0000000;77
SPFB.MTSI-3.20;60;20200213;180000;33941.0000000;34049.0000000;33881.0000000;34010.0000000;49
SPFB.MTSI-3.20;60;20200213;190000;34010.0000000;34061.0000000;33851.0000000;33851.0000000;99
SPFB.MTSI-3.20;60;20200213;200000;33711.0000000;33799.0000000;33710.0000000;33799.0000000;5
SPFB.MTSI-3.20;60;20200213;210000;33844.0000000;33873.0000000;33844.0000000;33873.0000000;2
SPFB.MTSI-3.20;60;20200214;000000;33874.0000000;33874.0000000;33874.0000000;33874.0000000;1
SPFB.MTSI-3.20;60;20200214;110000;34005.0000000;34204.0000000;34005.0000000;34112.0000000;221
SPFB.MTSI-3.20;60;20200214;120000;34092.0000000;34147.0000000;34021.0000000;34043.0000000;91
SPFB.MTSI-3.20;60;20200214;130000;34016.0000000;34019.0000000;33920.0000000;33961.0000000;60
SPFB.MTSI-3.20;60;20200214;140000;33992.0000000;34023.0000000;33991.0000000;33991.0000000;11
SPFB.MTSI-3.20;60;20200214;150000;33975.0000000;34046.0000000;33975.0000000;33991.0000000;26
SPFB.MTSI-3.20;60;20200214;160000;34080.0000000;34117.0000000;34080.0000000;34117.0000000;7
SPFB.MTSI-3.20;60;20200214;170000;34129.0000000;34170.0000000;34075.0000000;34077.0000000;62
SPFB.MTSI-3.20;60;20200214;180000;34072.0000000;34110.0000000;34046.0000000;34046.0000000;9
SPFB.MTSI-3.20;60;20200214;190000;34129.0000000;34150.0000000;34110.0000000;34136.0000000;69
SPFB.MTSI-3.20;60;20200214;200000;34113.0000000;34137.0000000;34113.0000000;34137.0000000;2
SPFB.MTSI-3.20;60;20200214;210000;34050.0000000;34050.0000000;34011.0000000;34011.0000000;5
SPFB.MTSI-3.20;60;20200214;230000;34199.0000000;34199.0000000;34025.0000000;34025.0000000;2
SPFB.MTSI-3.20;60;20200217;110000;34200.0000000;34375.0000000;34183.0000000;34260.0000000;118
SPFB.MTSI-3.20;60;20200217;120000;34278.0000000;34311.0000000;34233.0000000;34233.0000000;28
SPFB.MTSI-3.20;60;20200217;130000;34274.0000000;34285.0000000;34270.0000000;34275.0000000;16
SPFB.MTSI-3.20;60;20200217;140000;34285.0000000;34290.0000000;34195.0000000;34222.0000000;46
SPFB.MTSI-3.20;60;20200217;150000;34220.0000000;34261.0000000;34202.0000000;34208.0000000;117
SPFB.MTSI-3.20;60;20200217;160000;34220.0000000;34220.0000000;34220.0000000;34220.0000000;3
SPFB.MTSI-3.20;60;20200217;170000;34175.0000000;34218.0000000;34161.0000000;34161.0000000;31
SPFB.MTSI-3.20;60;20200217;180000;34180.0000000;34194.0000000;34154.0000000;34156.0000000;28
SPFB.MTSI-3.20;60;20200217;190000;34208.0000000;34225.0000000;34149.0000000;34174.0000000;15
SPFB.MTSI-3.20;60;20200217;200000;34269.0000000;34395.0000000;34269.0000000;34395.0000000;16
SPFB.MTSI-3.20;60;20200217;210000;34073.0000000;34165.0000000;34071.0000000;34165.0000000;8
SPFB.MTSI-3.20;60;20200218;110000;34168.0000000;34168.0000000;33934.0000000;34065.0000000;79
SPFB.MTSI-3.20;60;20200218;120000;34000.0000000;34029.0000000;33990.0000000;34005.0000000;20
SPFB.MTSI-3.20;60;20200218;130000;33964.0000000;34000.0000000;33964.0000000;33977.0000000;14
SPFB.MTSI-3.20;60;20200218;140000;34025.0000000;34025.0000000;33999.0000000;34012.0000000;13
SPFB.MTSI-3.20;60;20200218;150000;33961.0000000;33961.0000000;33961.0000000;33961.0000000;2
SPFB.MTSI-3.20;60;20200218;160000;33921.0000000;33999.0000000;33880.0000000;33933.0000000;64
SPFB.MTSI-3.20;60;20200218;170000;33896.0000000;33981.0000000;33869.0000000;33951.0000000;58
SPFB.MTSI-3.20;60;20200218;180000;33913.0000000;34289.0000000;33913.0000000;34283.0000000;137
SPFB.MTSI-3.20;60;20200218;190000;34275.0000000;34345.0000000;34000.0000000;34220.0000000;169
SPFB.MTSI-3.20;60;20200218;200000;34200.0000000;34200.0000000;34014.0000000;34026.0000000;3
SPFB.MTSI-3.20;60;20200218;210000;34148.0000000;34148.0000000;34148.0000000;34148.0000000;1
SPFB.MTSI-3.20;60;20200218;220000;34248.0000000;34250.0000000;34200.0000000;34200.0000000;5
SPFB.MTSI-3.20;60;20200218;230000;34250.0000000;34250.0000000;34250.0000000;34250.0000000;1
SPFB.MTSI-3.20;60;20200219;110000;34252.0000000;34536.0000000;34241.0000000;34500.0000000;117
SPFB.MTSI-3.20;60;20200219;120000;34485.0000000;34623.0000000;34420.0000000;34618.0000000;51
SPFB.MTSI-3.20;60;20200219;130000;34650.0000000;34719.0000000;34598.0000000;34599.0000000;32
SPFB.MTSI-3.20;60;20200219;140000;34651.0000000;34691.0000000;34623.0000000;34631.0000000;15
SPFB.MTSI-3.20;60;20200219;150000;34603.0000000;34626.0000000;34602.0000000;34620.0000000;15
SPFB.MTSI-3.20;60;20200219;160000;34635.0000000;34713.0000000;34635.0000000;34689.0000000;19
SPFB.MTSI-3.20;60;20200219;170000;34681.0000000;34720.0000000;34681.0000000;34720.0000000;30
SPFB.MTSI-3.20;60;20200219;180000;34730.0000000;34885.0000000;34730.0000000;34820.0000000;86
SPFB.MTSI-3.20;60;20200219;190000;34838.0000000;34982.0000000;34838.0000000;34885.0000000;162
SPFB.MTSI-3.20;60;20200219;200000;34999.0000000;35000.0000000;34930.0000000;34930.0000000;5
SPFB.MTSI-3.20;60;20200219;210000;34903.0000000;34970.0000000;34903.0000000;34970.0000000;3
SPFB.MTSI-3.20;60;20200219;220000;34904.0000000;34910.0000000;34900.0000000;34910.0000000;11
SPFB.MTSI-3.20;60;20200220;110000;34970.0000000;35200.0000000;34964.0000000;35200.0000000;105
SPFB.MTSI-3.20;60;20200220;120000;35190.0000000;35255.0000000;35190.0000000;35240.0000000;25
SPFB.MTSI-3.20;60;20200220;130000;35251.0000000;35330.0000000;35251.0000000;35310.0000000;42
SPFB.MTSI-3.20;60;20200220;140000;35310.0000000;35310.0000000;35280.0000000;35300.0000000;134
SPFB.MTSI-3.20;60;20200220;150000;35300.0000000;35315.0000000;35177.0000000;35177.0000000;60
SPFB.MTSI-3.20;60;20200220;160000;35174.0000000;35207.0000000;35101.0000000;35140.0000000;196
SPFB.MTSI-3.20;60;20200220;170000;35120.0000000;35200.0000000;34910.0000000;34913.0000000;95
SPFB.MTSI-3.20;60;20200220;180000;34912.0000000;35075.0000000;34827.0000000;34827.0000000;128
SPFB.MTSI-3.20;60;20200220;190000;34807.0000000;34930.0000000;34807.0000000;34811.0000000;18
SPFB.MTSI-3.20;60;20200220;200000;34702.0000000;34702.0000000;34702.0000000;34702.0000000;2
SPFB.MTSI-3.20;60;20200220;210000;34828.0000000;34828.0000000;34713.0000000;34713.0000000;5
SPFB.MTSI-3.20;60;20200220;220000;34653.0000000;34653.0000000;34650.0000000;34652.0000000;25
SPFB.MTSI-3.20;60;20200221;110000;34672.0000000;34772.0000000;34580.0000000;34580.0000000;241
SPFB.MTSI-3.20;60;20200221;120000;34581.0000000;34850.0000000;34581.0000000;34850.0000000;85
SPFB.MTSI-3.20;60;20200221;130000;34850.0000000;35021.0000000;34845.0000000;34970.0000000;227
SPFB.MTSI-3.20;60;20200221;140000;35045.0000000;35072.0000000;35018.0000000;35050.0000000;31
SPFB.MTSI-3.20;60;20200221;150000;35049.0000000;35060.0000000;35034.0000000;35036.0000000;20
SPFB.MTSI-3.20;60;20200221;160000;35029.0000000;35200.0000000;35025.0000000;35200.0000000;154
SPFB.MTSI-3.20;60;20200221;170000;35196.0000000;35270.0000000;35056.0000000;35056.0000000;49
SPFB.MTSI-3.20;60;20200221;180000;35094.0000000;35400.0000000;35049.0000000;35154.0000000;126
SPFB.MTSI-3.20;60;20200221;190000;35052.0000000;35110.0000000;34886.0000000;35110.0000000;56
SPFB.MTSI-3.20;60;20200221;230000;34813.0000000;34813.0000000;34813.0000000;34813.0000000;1
SPFB.MTSI-3.20;60;20200225;110000;34685.0000000;34790.0000000;34550.0000000;34554.0000000;273
SPFB.MTSI-3.20;60;20200225;120000;34530.0000000;34809.0000000;34530.0000000;34809.0000000;363
SPFB.MTSI-3.20;60;20200225;130000;34807.0000000;34807.0000000;34501.0000000;34546.0000000;128
SPFB.MTSI-3.20;60;20200225;140000;34546.0000000;34546.0000000;34292.0000000;34315.0000000;63
SPFB.MTSI-3.20;60;20200225;150000;34347.0000000;34413.0000000;34336.0000000;34400.0000000;19
SPFB.MTSI-3.20;60;20200225;160000;34387.0000000;34388.0000000;34257.0000000;34317.0000000;84
SPFB.MTSI-3.20;60;20200225;170000;34284.0000000;34288.0000000;34250.0000000;34250.0000000;29
SPFB.MTSI-3.20;60;20200225;180000;34200.0000000;34200.0000000;33956.0000000;34060.0000000;71
SPFB.MTSI-3.20;60;20200225;190000;34036.0000000;34056.0000000;33850.0000000;33850.0000000;127
SPFB.MTSI-3.20;60;20200225;200000;33813.0000000;33907.0000000;33804.0000000;33804.0000000;14
SPFB.MTSI-3.20;60;20200225;220000;33837.0000000;33934.0000000;33782.0000000;33782.0000000;29
SPFB.MTSI-3.20;60;20200225;230000;33750.0000000;33750.0000000;33600.0000000;33700.0000000;45
SPFB.MTSI-3.20;60;20200226;000000;33754.0000000;33855.0000000;33754.0000000;33848.0000000;11
SPFB.MTSI-3.20;60;20200226;110000;33691.0000000;33849.0000000;33185.0000000;33557.0000000;549
SPFB.MTSI-3.20;60;20200226;120000;33492.0000000;33693.0000000;33451.0000000;33622.0000000;49
SPFB.MTSI-3.20;60;20200226;130000;33630.0000000;33630.0000000;33181.0000000;33606.0000000;344
SPFB.MTSI-3.20;60;20200226;140000;33599.0000000;33635.0000000;33399.0000000;33408.0000000;76
SPFB.MTSI-3.20;60;20200226;150000;33477.0000000;33477.0000000;33434.0000000;33434.0000000;5
SPFB.MTSI-3.20;60;20200226;160000;33489.0000000;33505.0000000;33431.0000000;33431.0000000;25
SPFB.MTSI-3.20;60;20200226;170000;33500.0000000;33767.0000000;33500.0000000;33750.0000000;111
SPFB.MTSI-3.20;60;20200226;180000;33800.0000000;34277.0000000;33800.0000000;34228.0000000;107
SPFB.MTSI-3.20;60;20200226;190000;34306.0000000;34350.0000000;34003.0000000;34019.0000000;83
SPFB.MTSI-3.20;60;20200226;200000;34008.0000000;34008.0000000;33952.0000000;33952.0000000;5
SPFB.MTSI-3.20;60;20200226;210000;33952.0000000;34024.0000000;33892.0000000;33950.0000000;15
SPFB.MTSI-3.20;60;20200226;220000;33962.0000000;33962.0000000;33932.0000000;33932.0000000;9
SPFB.MTSI-3.20;60;20200226;230000;33787.0000000;33933.0000000;33778.0000000;33778.0000000;23
SPFB.MTSI-3.20;60;20200227;000000;33805.0000000;33818.0000000;33805.0000000;33818.0000000;7
SPFB.MTSI-3.20;60;20200227;110000;33451.0000000;33940.0000000;33276.0000000;33662.0000000;186
SPFB.MTSI-3.20;60;20200227;120000;33688.0000000;33714.0000000;33431.0000000;33490.0000000;177
SPFB.MTSI-3.20;60;20200227;130000;33599.0000000;33634.0000000;33523.0000000;33538.0000000;16
SPFB.MTSI-3.20;60;20200227;140000;33582.0000000;33645.0000000;33582.0000000;33642.0000000;20
SPFB.MTSI-3.20;60;20200227;150000;33582.0000000;33610.0000000;33425.0000000;33455.0000000;47
SPFB.MTSI-3.20;60;20200227;160000;33443.0000000;33443.0000000;33249.0000000;33254.0000000;40
SPFB.MTSI-3.20;60;20200227;170000;33201.0000000;33201.0000000;32850.0000000;32971.0000000;118
SPFB.MTSI-3.20;60;20200227;180000;32987.0000000;33128.0000000;32888.0000000;32935.0000000;260
SPFB.MTSI-3.20;60;20200227;190000;33025.0000000;33069.0000000;32715.0000000;32891.0000000;110
SPFB.MTSI-3.20;60;20200227;200000;33250.0000000;33262.0000000;33250.0000000;33262.0000000;2
SPFB.MTSI-3.20;60;20200227;210000;33124.0000000;33299.0000000;33124.0000000;33299.0000000;3
SPFB.MTSI-3.20;60;20200227;220000;33210.0000000;33210.0000000;33010.0000000;33010.0000000;6
SPFB.MTSI-3.20;60;20200227;230000;33100.0000000;33100.0000000;33054.0000000;33054.0000000;2
SPFB.MTSI-3.20;60;20200228;000000;32896.0000000;32896.0000000;32896.0000000;32896.0000000;1
SPFB.MTSI-3.20;60;20200228;110000;32895.0000000;32895.0000000;30672.0000000;31865.0000000;355
SPFB.MTSI-3.20;60;20200228;120000;31900.0000000;32706.0000000;31828.0000000;31885.0000000;278
SPFB.MTSI-3.20;60;20200228;130000;32005.0000000;32020.0000000;31479.0000000;31833.0000000;169
SPFB.MTSI-3.20;60;20200228;140000;31776.0000000;32030.0000000;31631.0000000;31865.0000000;168
SPFB.MTSI-3.20;60;20200228;150000;31916.0000000;32441.0000000;31916.0000000;32441.0000000;111
SPFB.MTSI-3.20;60;20200228;160000;32440.0000000;33298.0000000;32400.0000000;33298.0000000;271
SPFB.MTSI-3.20;60;20200228;170000;33187.0000000;33405.0000000;32229.0000000;32338.0000000;352
SPFB.MTSI-3.20;60;20200228;180000;32331.0000000;32563.0000000;31651.0000000;31755.0000000;431
SPFB.MTSI-3.20;60;20200228;190000;31827.0000000;32379.0000000;31746.0000000;32379.0000000;276
SPFB.MTSI-3.20;60;20200228;200000;32143.0000000;32988.0000000;32077.0000000;32169.0000000;30
SPFB.MTSI-3.20;60;20200228;210000;32515.0000000;32610.0000000;32498.0000000;32602.0000000;12
SPFB.MTSI-3.20;60;20200228;220000;32446.0000000;32446.0000000;32436.0000000;32436.0000000;3
SPFB.MTSI-3.20;60;20200228;230000;32544.0000000;32544.0000000;32544.0000000;32544.0000000;1
SPFB.MTSI-3.20;60;20200302;110000;32960.0000000;33322.0000000;32565.0000000;33052.0000000;486
SPFB.MTSI-3.20;60;20200302;120000;33048.0000000;33170.0000000;32874.0000000;32963.0000000;145
SPFB.MTSI-3.20;60;20200302;130000;32940.0000000;33250.0000000;32908.0000000;33180.0000000;79
SPFB.MTSI-3.20;60;20200302;140000;33150.0000000;33150.0000000;32976.0000000;33000.0000000;46
SPFB.MTSI-3.20;60;20200302;150000;32810.0000000;32837.0000000;32540.0000000;32540.0000000;170
SPFB.MTSI-3.20;60;20200302;160000;32398.0000000;32750.0000000;31517.0000000;32740.0000000;1038
SPFB.MTSI-3.20;60;20200302;170000;32614.0000000;32635.0000000;31823.0000000;32342.0000000;515
SPFB.MTSI-3.20;60;20200302;180000;32418.0000000;32834.0000000;32418.0000000;32731.0000000;288
SPFB.MTSI-3.20;60;20200302;190000;32634.0000000;32788.0000000;32634.0000000;32785.0000000;22
SPFB.MTSI-3.20;60;20200302;200000;33000.0000000;33299.0000000;33000.0000000;33299.0000000;5
SPFB.MTSI-3.20;60;20200302;210000;33142.0000000;33142.0000000;33130.0000000;33142.0000000;4
SPFB.MTSI-3.20;60;20200302;220000;33143.0000000;33143.0000000;33141.0000000;33141.0000000;2
SPFB.MTSI-3.20;60;20200302;230000;33258.0000000;33284.0000000;33122.0000000;33122.0000000;19
SPFB.MTSI-3.20;60;20200303;000000;33166.0000000;33290.0000000;33166.0000000;33290.0000000;11
SPFB.MTSI-3.20;60;20200303;110000;33290.0000000;33550.0000000;33170.0000000;33238.0000000;456
SPFB.MTSI-3.20;60;20200303;120000;33171.0000000;33214.0000000;32959.0000000;32972.0000000;24
SPFB.MTSI-3.20;60;20200303;130000;32854.0000000;33115.0000000;32741.0000000;32919.0000000;80
SPFB.MTSI-3.20;60;20200303;140000;32851.0000000;32879.0000000;32719.0000000;32838.0000000;67
SPFB.MTSI-3.20;60;20200303;150000;32838.0000000;32839.0000000;32581.0000000;32665.0000000;57
SPFB.MTSI-3.20;60;20200303;160000;32744.0000000;32930.0000000;32651.0000000;32692.0000000;153
SPFB.MTSI-3.20;60;20200303;170000;32671.0000000;33020.0000000;32671.0000000;33005.0000000;144
SPFB.MTSI-3.20;60;20200303;180000;33015.0000000;33030.0000000;32684.0000000;32829.0000000;139
SPFB.MTSI-3.20;60;20200303;190000;32799.0000000;33200.0000000;32692.0000000;32986.0000000;396
SPFB.MTSI-3.20;60;20200303;200000;32570.0000000;32570.0000000;32570.0000000;32570.0000000;1
SPFB.MTSI-3.20;60;20200303;210000;33190.0000000;33190.0000000;33190.0000000;33190.0000000;2
SPFB.MTSI-3.20;60;20200303;220000;32430.0000000;32430.0000000;32430.0000000;32430.0000000;1
SPFB.MTSI-3.20;60;20200303;230000;32245.0000000;32378.0000000;32168.0000000;32352.0000000;20
SPFB.MTSI-3.20;60;20200304;000000;32546.0000000;32809.0000000;32182.0000000;32302.0000000;50
SPFB.MTSI-3.20;60;20200304;110000;32370.0000000;32520.0000000;32230.0000000;32286.0000000;297
SPFB.MTSI-3.20;60;20200304;120000;32319.0000000;32319.0000000;32079.0000000;32309.0000000;219
SPFB.MTSI-3.20;60;20200304;130000;32312.0000000;32664.0000000;32312.0000000;32437.0000000;98
SPFB.MTSI-3.20;60;20200304;140000;32595.0000000;32668.0000000;32531.0000000;32610.0000000;40
SPFB.MTSI-3.20;60;20200304;150000;32644.0000000;32700.0000000;32641.0000000;32700.0000000;20
SPFB.MTSI-3.20;60;20200304;160000;32660.0000000;32810.0000000;32656.0000000;32749.0000000;38
SPFB.MTSI-3.20;60;20200304;170000;32681.0000000;32809.0000000;32670.0000000;32720.0000000;13
SPFB.MTSI-3.20;60;20200304;180000;32681.0000000;32690.0000000;32454.0000000;32613.0000000;37
SPFB.MTSI-3.20;60;20200304;190000;32671.0000000;32960.0000000;32618.0000000;32960.0000000;35
SPFB.MTSI-3.20;60;20200304;210000;33129.0000000;33129.0000000;32910.0000000;33110.0000000;17
SPFB.MTSI-3.20;60;20200304;220000;33100.0000000;33130.0000000;33100.0000000;33120.0000000;4
SPFB.MTSI-3.20;60;20200305;000000;33120.0000000;33150.0000000;33120.0000000;33150.0000000;6
SPFB.MTSI-3.20;60;20200305;110000;33150.0000000;33159.0000000;33029.0000000;33029.0000000;90
SPFB.MTSI-3.20;60;20200305;120000;32959.0000000;32959.0000000;32577.0000000;32677.0000000;37
SPFB.MTSI-3.20;60;20200305;130000;32687.0000000;32765.0000000;32632.0000000;32632.0000000;9
SPFB.MTSI-3.20;60;20200305;140000;32631.0000000;32734.0000000;32551.0000000;32632.0000000;17
SPFB.MTSI-3.20;60;20200305;150000;32653.0000000;32830.0000000;32634.0000000;32789.0000000;46
SPFB.MTSI-3.20;60;20200305;160000;32828.0000000;32839.0000000;32706.0000000;32791.0000000;17
SPFB.MTSI-3.20;60;20200305;170000;32800.0000000;32857.0000000;32641.0000000;32839.0000000;58
SPFB.MTSI-3.20;60;20200305;180000;32808.0000000;33066.0000000;32795.0000000;33029.0000000;142
SPFB.MTSI-3.20;60;20200305;190000;33066.0000000;33066.0000000;32908.0000000;32991.0000000;28
SPFB.MTSI-3.20;60;20200305;200000;33130.0000000;33130.0000000;33130.0000000;33130.0000000;2
SPFB.MTSI-3.20;60;20200305;210000;32801.0000000;32801.0000000;32800.0000000;32800.0000000;8
SPFB.MTSI-3.20;60;20200305;220000;32688.0000000;32692.0000000;32688.0000000;32692.0000000;2
SPFB.MTSI-3.20;60;20200305;230000;32692.0000000;32692.0000000;32668.0000000;32668.0000000;7
SPFB.MTSI-3.20;60;20200306;000000;32673.0000000;32780.0000000;32671.0000000;32780.0000000;3
SPFB.MTSI-3.20;60;20200306;110000;32650.0000000;32860.0000000;32442.0000000;32590.0000000;132
SPFB.MTSI-3.20;60;20200306;120000;32555.0000000;32636.0000000;32131.0000000;32233.0000000;115
SPFB.MTSI-3.20;60;20200306;130000;32255.0000000;32467.0000000;31691.0000000;31713.0000000;164
SPFB.MTSI-3.20;60;20200306;140000;31776.0000000;31789.0000000;31269.0000000;31645.0000000;277
SPFB.MTSI-3.20;60;20200306;150000;31620.0000000;31721.0000000;31450.0000000;31712.0000000;116
SPFB.MTSI-3.20;60;20200306;160000;31657.0000000;31686.0000000;31475.0000000;31475.0000000;72
SPFB.MTSI-3.20;60;20200306;170000;31571.0000000;31689.0000000;31386.0000000;31689.0000000;81
SPFB.MTSI-3.20;60;20200306;180000;31651.0000000;31995.0000000;31616.0000000;31939.0000000;74
SPFB.MTSI-3.20;60;20200306;190000;31969.0000000;32107.0000000;31859.0000000;32020.0000000;150
SPFB.MTSI-3.20;60;20200306;210000;31842.0000000;32000.0000000;31842.0000000;31911.0000000;4
SPFB.MTSI-3.20;60;20200306;220000;31911.0000000;32000.0000000;31911.0000000;31993.0000000;6
SPFB.MTSI-3.20;60;20200306;230000;31992.0000000;32000.0000000;31992.0000000;32000.0000000;5
SPFB.MTSI-3.20;60;20200310;110000;28054.0000000;31995.0000000;28054.0000000;30407.0000000;458
SPFB.MTSI-3.20;60;20200310;120000;30409.0000000;31087.0000000;30041.0000000;30277.0000000;1012
SPFB.MTSI-3.20;60;20200310;130000;30272.0000000;30597.0000000;29990.0000000;30476.0000000;511
SPFB.MTSI-3.20;60;20200310;140000;30464.0000000;32135.0000000;30464.0000000;31727.0000000;581
SPFB.MTSI-3.20;60;20200310;150000;31702.0000000;31979.0000000;31481.0000000;31851.0000000;211
SPFB.MTSI-3.20;60;20200310;160000;31621.0000000;31621.0000000;30625.0000000;31004.0000000;244
SPFB.MTSI-3.20;60;20200310;170000;30969.0000000;31219.0000000;29867.0000000;30119.0000000;388
SPFB.MTSI-3.20;60;20200310;180000;30095.0000000;30259.0000000;29948.0000000;30020.0000000;293
SPFB.MTSI-3.20;60;20200310;190000;29974.0000000;29974.0000000;29130.0000000;29380.0000000;77
SPFB.MTSI-3.20;60;20200310;200000;29916.0000000;29964.0000000;29600.0000000;29700.0000000;23
SPFB.MTSI-3.20;60;20200310;210000;29701.0000000;29701.0000000;29701.0000000;29701.0000000;3
SPFB.MTSI-3.20;60;20200310;220000;29700.0000000;29701.0000000;29700.0000000;29700.0000000;39
SPFB.MTSI-3.20;60;20200310;230000;30634.0000000;30634.0000000;30634.0000000;30634.0000000;1
SPFB.MTSI-3.20;60;20200311;110000;30025.0000000;30119.0000000;29317.0000000;30113.0000000;99
SPFB.MTSI-3.20;60;20200311;120000;30049.0000000;30054.0000000;29700.0000000;29934.0000000;41
SPFB.MTSI-3.20;60;20200311;130000;29888.0000000;29898.0000000;29645.0000000;29720.0000000;15
SPFB.MTSI-3.20;60;20200311;140000;29718.0000000;29718.0000000;29469.0000000;29555.0000000;42
SPFB.MTSI-3.20;60;20200311;150000;29509.0000000;29509.0000000;29167.0000000;29200.0000000;29
SPFB.MTSI-3.20;60;20200311;160000;29200.0000000;29200.0000000;28800.0000000;28906.0000000;121
SPFB.MTSI-3.20;60;20200311;170000;28803.0000000;29240.0000000;28378.0000000;29029.0000000;134
SPFB.MTSI-3.20;60;20200311;180000;29015.0000000;29088.0000000;28900.0000000;28968.0000000;40
SPFB.MTSI-3.20;60;20200311;190000;29015.0000000;29395.0000000;28791.0000000;29395.0000000;35
SPFB.MTSI-3.20;60;20200311;200000;29313.0000000;29313.0000000;29270.0000000;29270.0000000;3
SPFB.MTSI-3.20;60;20200311;210000;29300.0000000;29300.0000000;29300.0000000;29300.0000000;1
SPFB.MTSI-3.20;60;20200311;220000;29340.0000000;29340.0000000;29113.0000000;29113.0000000;33
SPFB.MTSI-3.20;60;20200311;230000;29000.0000000;29249.0000000;28550.0000000;29249.0000000;92
SPFB.MTSI-3.20;60;20200312;110000;28550.0000000;29091.0000000;28140.0000000;28398.0000000;713
SPFB.MTSI-3.20;60;20200312;120000;28203.0000000;28691.0000000;28200.0000000;28691.0000000;70
SPFB.MTSI-3.20;60;20200312;130000;28485.0000000;28491.0000000;27822.0000000;28076.0000000;275
SPFB.MTSI-3.20;60;20200312;140000;28100.0000000;28100.0000000;27500.0000000;27505.0000000;91
SPFB.MTSI-3.20;60;20200312;150000;27500.0000000;27510.0000000;27257.0000000;27480.0000000;83
SPFB.MTSI-3.20;60;20200312;160000;27644.0000000;29850.0000000;27644.0000000;29369.0000000;1108
SPFB.MTSI-3.20;60;20200312;170000;29202.0000000;29208.0000000;27298.0000000;28495.0000000;1310
SPFB.MTSI-3.20;60;20200312;180000;28450.0000000;28647.0000000;27530.0000000;28031.0000000;587
SPFB.MTSI-3.20;60;20200312;190000;27930.0000000;27931.0000000;27214.0000000;27285.0000000;107
SPFB.MTSI-3.20;60;20200312;200000;27001.0000000;27496.0000000;27000.0000000;27100.0000000;84
SPFB.MTSI-3.20;60;20200312;210000;27100.0000000;27332.0000000;27100.0000000;27331.0000000;31
SPFB.MTSI-3.20;60;20200312;220000;27112.0000000;27112.0000000;27112.0000000;27112.0000000;3
SPFB.MTSI-3.20;60;20200312;230000;27300.0000000;27300.0000000;27250.0000000;27250.0000000;58
SPFB.MTSI-3.20;60;20200313;000000;27230.0000000;27286.0000000;25631.0000000;26000.0000000;120
SPFB.MTSI-3.20;60;20200313;110000;26950.0000000;29335.0000000;26950.0000000;29107.0000000;965
SPFB.MTSI-3.20;60;20200313;120000;29117.0000000;29170.0000000;28448.0000000;28656.0000000;249
SPFB.MTSI-3.20;60;20200313;130000;28506.0000000;28523.0000000;28287.0000000;28400.0000000;40
SPFB.MTSI-3.20;60;20200313;140000;28335.0000000;28350.0000000;28164.0000000;28168.0000000;36
SPFB.MTSI-3.20;60;20200313;150000;28198.0000000;28426.0000000;28198.0000000;28426.0000000;81
SPFB.MTSI-3.20;60;20200313;160000;28315.0000000;28342.0000000;27379.0000000;27601.0000000;504
SPFB.MTSI-3.20;60;20200313;170000;27636.0000000;27934.0000000;26830.0000000;27093.0000000;516
SPFB.MTSI-3.20;60;20200313;180000;27112.0000000;27175.0000000;26675.0000000;26965.0000000;338
SPFB.MTSI-3.20;60;20200313;190000;26872.0000000;26900.0000000;26700.0000000;26798.0000000;74
SPFB.MTSI-3.20;60;20200313;200000;27098.0000000;27099.0000000;27070.0000000;27070.0000000;7
SPFB.MTSI-3.20;60;20200313;220000;26800.0000000;26800.0000000;26799.0000000;26799.0000000;6
SPFB.MTSI-3.20;60;20200313;230000;26504.0000000;27299.0000000;26504.0000000;27299.0000000;28
SPFB.MTSI-3.20;60;20200314;000000;27299.0000000;27978.0000000;27290.0000000;27978.0000000;96
SPFB.MTSI-3.20;60;20200316;110000;27860.0000000;27860.0000000;23500.0000000;27034.0000000;779
SPFB.MTSI-3.20;60;20200316;120000;27057.0000000;27065.0000000;26157.0000000;26206.0000000;444
SPFB.MTSI-3.20;60;20200316;130000;26253.0000000;26491.0000000;26192.0000000;26259.0000000;121
SPFB.MTSI-3.20;60;20200316;140000;26445.0000000;26478.0000000;26285.0000000;26373.0000000;106
SPFB.MTSI-3.20;60;20200316;150000;26412.0000000;26423.0000000;25983.0000000;25983.0000000;128
SPFB.MTSI-3.20;60;20200316;160000;26000.0000000;26000.0000000;25720.0000000;25732.0000000;236
SPFB.MTSI-3.20;60;20200316;170000;25775.0000000;26450.0000000;25509.0000000;26450.0000000;576
SPFB.MTSI-3.20;60;20200316;180000;26524.0000000;26611.0000000;25810.0000000;26352.0000000;355
SPFB.MTSI-3.20;60;20200316;190000;26393.0000000;26752.0000000;26332.0000000;26640.0000000;260
SPFB.MTSI-3.20;60;20200316;200000;25600.0000000;25600.0000000;25600.0000000;25600.0000000;5
SPFB.MTSI-3.20;60;20200316;210000;26673.0000000;26673.0000000;25718.0000000;26590.0000000;33
SPFB.MTSI-3.20;60;20200316;220000;26000.0000000;26000.0000000;26000.0000000;26000.0000000;5
SPFB.MTSI-3.20;60;20200316;230000;25900.0000000;26269.0000000;25700.0000000;25700.0000000;27
SPFB.MTSI-3.20;60;20200317;000000;25701.0000000;25990.0000000;25693.0000000;25990.0000000;5
SPFB.MTSI-3.20;60;20200317;110000;26200.0000000;27146.0000000;26200.0000000;27004.0000000;355
SPFB.MTSI-3.20;60;20200317;120000;26861.0000000;26861.0000000;25736.0000000;26010.0000000;293
SPFB.MTSI-3.20;60;20200317;130000;25932.0000000;26335.0000000;25932.0000000;26226.0000000;220
SPFB.MTSI-3.20;60;20200317;140000;26251.0000000;26613.0000000;26251.0000000;26575.0000000;89
SPFB.MTSI-3.20;60;20200317;150000;26122.0000000;26750.0000000;26122.0000000;26142.0000000;190
SPFB.MTSI-3.20;60;20200317;160000;26220.0000000;26260.0000000;26068.0000000;26204.0000000;139
SPFB.MTSI-3.20;60;20200317;170000;26142.0000000;26250.0000000;25678.0000000;25731.0000000;263
SPFB.MTSI-3.20;60;20200317;180000;25750.0000000;26556.0000000;25743.0000000;26521.0000000;166
SPFB.MTSI-3.20;60;20200317;190000;26545.0000000;27083.0000000;26545.0000000;26683.0000000;146
SPFB.MTSI-3.20;60;20200317;200000;26740.0000000;27294.0000000;26740.0000000;27294.0000000;21
SPFB.MTSI-3.20;60;20200317;210000;27000.0000000;27000.0000000;27000.0000000;27000.0000000;1
SPFB.MTSI-3.20;60;20200317;220000;27291.0000000;27299.0000000;26872.0000000;26879.0000000;25
SPFB.MTSI-3.20;60;20200317;230000;26900.0000000;26900.0000000;26900.0000000;26900.0000000;4
SPFB.MTSI-3.20;60;20200318;000000;27289.0000000;27292.0000000;27289.0000000;27289.0000000;10
SPFB.MTSI-3.20;60;20200318;110000;26278.0000000;26853.0000000;26278.0000000;26323.0000000;102
SPFB.MTSI-3.20;60;20200318;120000;26330.0000000;26471.0000000;26302.0000000;26302.0000000;20
SPFB.MTSI-3.20;60;20200318;130000;26250.0000000;26250.0000000;25775.0000000;25775.0000000;86
SPFB.MTSI-3.20;60;20200318;140000;26041.0000000;26124.0000000;25945.0000000;26017.0000000;151
SPFB.MTSI-3.20;60;20200318;150000;26000.0000000;26044.0000000;25950.0000000;25981.0000000;306
SPFB.MTSI-3.20;60;20200318;160000;25902.0000000;26022.0000000;25800.0000000;25953.0000000;189
SPFB.MTSI-3.20;60;20200318;170000;25800.0000000;26430.0000000;25350.0000000;26364.0000000;441
SPFB.MTSI-3.20;60;20200318;180000;26365.0000000;26500.0000000;25783.0000000;25870.0000000;418
SPFB.MTSI-3.20;60;20200318;190000;25695.0000000;26056.0000000;25695.0000000;25882.0000000;216
SPFB.MTSI-3.20;60;20200318;200000;25750.0000000;25751.0000000;25750.0000000;25751.0000000;2
SPFB.MTSI-3.20;60;20200318;210000;25760.0000000;26000.0000000;25601.0000000;26000.0000000;4
SPFB.MTSI-3.20;60;20200318;220000;26144.0000000;26146.0000000;26144.0000000;26146.0000000;4
SPFB.MTSI-3.20;60;20200318;230000;25600.0000000;26150.0000000;25600.0000000;26150.0000000;2
SPFB.MTSI-3.20;60;20200319;110000;26035.0000000;26230.0000000;25076.0000000;25898.0000000;71
SPFB.MTSI-3.20;60;20200319;120000;25898.0000000;26466.0000000;25857.0000000;26397.0000000;250
SPFB.MTSI-3.20;60;20200319;130000;26466.0000000;26466.0000000;26058.0000000;26345.0000000;51
SPFB.MTSI-3.20;60;20200319;140000;26312.0000000;26559.0000000;26170.0000000;26559.0000000;110
SPFB.MTSI-3.20;60;20200319;150000;26400.0000000;26415.0000000;26040.0000000;26350.0000000;91
SPFB.MTSI-3.20;60;20200319;160000;26380.0000000;26620.0000000;26060.0000000;26620.0000000;28
SPFB.MTSI-3.20;60;20200319;170000;26515.0000000;26650.0000000;25748.0000000;25760.0000000;128
SPFB.MTSI-3.20;60;20200319;180000;25666.0000000;26160.0000000;25666.0000000;26160.0000000;142
SPFB.MTSI-3.20;60;20200319;190000;26123.0000000;26630.0000000;26108.0000000;26520.0000000;28
