<TICKER>;<PER>;<DATE>;<TIME>;<OPEN>;<HIGH>;<LOW>;<CLOSE>;<VOL>
SPFB.MTSI-3.21;60;20200728;140000;33128.0000000;33128.0000000;33128.0000000;33128.0000000;1
SPFB.MTSI-3.21;60;20200730;110000;32057.0000000;32057.0000000;32057.0000000;32057.0000000;1
SPFB.MTSI-3.21;60;20200805;110000;34178.0000000;34178.0000000;34178.0000000;34178.0000000;1
SPFB.MTSI-3.21;60;20200902;150000;33000.0000000;33000.0000000;33000.0000000;33000.0000000;7
SPFB.MTSI-3.21;60;20201015;170000;33500.0000000;33500.0000000;33500.0000000;33500.0000000;2
SPFB.MTSI-3.21;60;20201015;200000;32902.0000000;32902.0000000;32902.0000000;32902.0000000;1
SPFB.MTSI-3.21;60;20201015;210000;32900.0000000;32900.0000000;32900.0000000;32900.0000000;2
SPFB.MTSI-3.21;60;20201015;220000;32810.0000000;32810.0000000;32810.0000000;32810.0000000;1
SPFB.MTSI-3.21;60;20201015;230000;32810.0000000;32810.0000000;32702.0000000;32702.0000000;7
SPFB.MTSI-3.21;60;20201016;110000;32605.0000000;32605.0000000;32302.0000000;32302.0000000;5
SPFB.MTSI-3.21;60;20201016;130000;32300.0000000;32300.0000000;32300.0000000;32300.0000000;1
SPFB.MTSI-3.21;60;20201016;160000;32872.0000000;32872.0000000;32872.0000000;32872.0000000;1
SPFB.MTSI-3.21;60;20201021;180000;32547.0000000;32547.0000000;32547.0000000;32547.0000000;2
SPFB.MTSI-3.21;60;20201022;170000;32729.0000000;32729.0000000;32729.0000000;32729.0000000;8
SPFB.MTSI-3.21;60;20201109;130000;33129.0000000;33129.0000000;33129.0000000;33129.0000000;1
SPFB.MTSI-3.21;60;20201109;140000;32702.0000000;32702.0000000;32702.0000000;32702.0000000;1
SPFB.MTSI-3.21;60;20201111;130000;32903.0000000;32905.0000000;32903.0000000;32905.0000000;6
SPFB.MTSI-3.21;60;20201111;140000;32872.0000000;32872.0000000;32872.0000000;32872.0000000;1
SPFB.MTSI-3.21;60;20201111;150000;32873.0000000;32873.0000000;32873.0000000;32873.0000000;1
SPFB.MTSI-3.21;60;20201111;170000;32702.0000000;32702.0000000;32702.0000000;32702.0000000;7
SPFB.MTSI-3.21;60;20201113;150000;32400.0000000;32400.0000000;32400.0000000;32400.0000000;3
SPFB.MTSI-3.21;60;20201116;160000;32370.0000000;32370.0000000;32370.0000000;32370.0000000;1
SPFB.MTSI-3.21;60;20201116;230000;33042.0000000;33042.0000000;33042.0000000;33042.0000000;5
SPFB.MTSI-3.21;60;20201117;110000;33042.0000000;33042.0000000;33042.0000000;33042.0000000;5
SPFB.MTSI-3.21;60;20201117;150000;32690.0000000;32690.0000000;32690.0000000;32690.0000000;2
SPFB.MTSI-3.21;60;20201119;150000;32430.0000000;32430.0000000;32400.0000000;32400.0000000;2
SPFB.MTSI-3.21;60;20201119;230000;32694.0000000;32700.0000000;32694.0000000;32700.0000000;3
SPFB.MTSI-3.21;60;20201120;110000;32200.0000000;32200.0000000;32200.0000000;32200.0000000;12
SPFB.MTSI-3.21;60;20201120;140000;32200.0000000;32200.0000000;32200.0000000;32200.0000000;1
SPFB.MTSI-3.21;60;20201120;180000;32115.0000000;32115.0000000;32100.0000000;32100.0000000;7
SPFB.MTSI-3.21;60;20201120;200000;32100.0000000;32100.0000000;32100.0000000;32100.0000000;5
SPFB.MTSI-3.21;60;20201124;000000;32100.0000000;32100.0000000;32100.0000000;32100.0000000;1
SPFB.MTSI-3.21;60;20201124;180000;32353.0000000;32353.0000000;32353.0000000;32353.0000000;1
SPFB.MTSI-3.21;60;20201124;190000;32272.0000000;32272.0000000;32272.0000000;32272.0000000;2
SPFB.MTSI-3.21;60;20201124;210000;32001.0000000;32001.0000000;32001.0000000;32001.0000000;2
SPFB.MTSI-3.21;60;20201125;000000;32001.0000000;32001.0000000;31900.0000000;31900.0000000;5
SPFB.MTSI-3.21;60;20201125;150000;31855.0000000;31855.0000000;31850.0000000;31850.0000000;12
SPFB.MTSI-3.21;60;20201125;200000;32050.0000000;32050.0000000;32050.0000000;32050.0000000;3
SPFB.MTSI-3.21;60;20201126;180000;32236.0000000;32236.0000000;32236.0000000;32236.0000000;15
SPFB.MTSI-3.21;60;20201127;110000;32236.0000000;32236.0000000;32236.0000000;32236.0000000;1
SPFB.MTSI-3.21;60;20201127;160000;32304.0000000;32304.0000000;32304.0000000;32304.0000000;2
SPFB.MTSI-3.21;60;20201130;120000;32550.0000000;32550.0000000;32550.0000000;32550.0000000;1
SPFB.MTSI-3.21;60;20201130;160000;32380.0000000;32380.0000000;32380.0000000;32380.0000000;1
SPFB.MTSI-3.21;60;20201130;190000;32531.0000000;32531.0000000;32531.0000000;32531.0000000;1
SPFB.MTSI-3.21;60;20201201;210000;32675.0000000;32675.0000000;32675.0000000;32675.0000000;1
SPFB.MTSI-3.21;60;20201202;110000;32650.0000000;32650.0000000;32650.0000000;32650.0000000;2
SPFB.MTSI-3.21;60;20201202;120000;32571.0000000;32600.0000000;32510.0000000;32600.0000000;5
SPFB.MTSI-3.21;60;20201202;140000;32500.0000000;32500.0000000;32500.0000000;32500.0000000;1
SPFB.MTSI-3.21;60;20201202;150000;32500.0000000;32500.0000000;32488.0000000;32488.0000000;3
SPFB.MTSI-3.21;60;20201202;200000;32600.0000000;32600.0000000;32600.0000000;32600.0000000;10
SPFB.MTSI-3.21;60;20201203;110000;32570.0000000;32570.0000000;32570.0000000;32570.0000000;2
SPFB.MTSI-3.21;60;20201203;120000;32469.0000000;32539.0000000;32463.0000000;32463.0000000;82
SPFB.MTSI-3.21;60;20201203;130000;32463.0000000;32463.0000000;32400.0000000;32450.0000000;10
SPFB.MTSI-3.21;60;20201203;150000;32519.0000000;32538.0000000;32519.0000000;32538.0000000;4
SPFB.MTSI-3.21;60;20201203;160000;32500.0000000;32500.0000000;32500.0000000;32500.0000000;4
SPFB.MTSI-3.21;60;20201203;170000;32499.0000000;32499.0000000;32407.0000000;32407.0000000;4
SPFB.MTSI-3.21;60;20201203;180000;32351.0000000;32351.0000000;32314.0000000;32314.0000000;4
SPFB.MTSI-3.21;60;20201203;210000;32201.0000000;32201.0000000;32201.0000000;32201.0000000;1
SPFB.MTSI-3.21;60;20201203;220000;32251.0000000;32251.0000000;32251.0000000;32251.0000000;1
SPFB.MTSI-3.21;60;20201204;120000;32251.0000000;32251.0000000;32251.0000000;32251.0000000;12
SPFB.MTSI-3.21;60;20201204;160000;32259.0000000;32259.0000000;32201.0000000;32201.0000000;41
SPFB.MTSI-3.21;60;20201204;170000;32201.0000000;32271.0000000;32120.0000000;32271.0000000;90
SPFB.MTSI-3.21;60;20201204;190000;32191.0000000;32208.0000000;32191.0000000;32208.0000000;11
SPFB.MTSI-3.21;60;20201204;210000;32164.0000000;32164.0000000;32164.0000000;32164.0000000;2
SPFB.MTSI-3.21;60;20201204;220000;32134.0000000;32134.0000000;32100.0000000;32129.0000000;63
SPFB.MTSI-3.21;60;20201204;230000;32135.0000000;32135.0000000;32135.0000000;32135.0000000;5
SPFB.MTSI-3.21;60;20201205;000000;32059.0000000;32059.0000000;32051.0000000;32051.0000000;2
SPFB.MTSI-3.21;60;20201207;110000;32164.0000000;32235.0000000;32164.0000000;32235.0000000;14
SPFB.MTSI-3.21;60;20201207;130000;32208.0000000;32208.0000000;32208.0000000;32208.0000000;1
SPFB.MTSI-3.21;60;20201207;140000;32208.0000000;32208.0000000;32208.0000000;32208.0000000;3
SPFB.MTSI-3.21;60;20201207;150000;32284.0000000;32284.0000000;32284.0000000;32284.0000000;1
SPFB.MTSI-3.21;60;20201207;180000;32349.0000000;32349.0000000;32349.0000000;32349.0000000;1
SPFB.MTSI-3.21;60;20201207;190000;32283.0000000;32388.0000000;32264.0000000;32302.0000000;17
SPFB.MTSI-3.21;60;20201207;200000;32300.0000000;32300.0000000;32113.0000000;32113.0000000;35
SPFB.MTSI-3.21;60;20201207;210000;32154.0000000;32156.0000000;32154.0000000;32156.0000000;5
SPFB.MTSI-3.21;60;20201207;220000;32156.0000000;32174.0000000;32130.0000000;32130.0000000;10
SPFB.MTSI-3.21;60;20201207;230000;32204.0000000;32204.0000000;32204.0000000;32204.0000000;3
SPFB.MTSI-3.21;60;20201208;000000;32185.0000000;32185.0000000;32185.0000000;32185.0000000;3
SPFB.MTSI-3.21;60;20201208;110000;32130.0000000;32131.0000000;32109.0000000;32109.0000000;15
SPFB.MTSI-3.21;60;20201208;130000;32279.0000000;32279.0000000;32264.0000000;32264.0000000;4
SPFB.MTSI-3.21;60;20201208;140000;32245.0000000;32245.0000000;32230.0000000;32230.0000000;4
SPFB.MTSI-3.21;60;20201208;170000;32227.0000000;32227.0000000;32200.0000000;32200.0000000;5
SPFB.MTSI-3.21;60;20201208;180000;32170.0000000;32175.0000000;32110.0000000;32121.0000000;20
SPFB.MTSI-3.21;60;20201208;190000;32109.0000000;32109.0000000;32109.0000000;32109.0000000;10
SPFB.MTSI-3.21;60;20201209;120000;32325.0000000;32325.0000000;32325.0000000;32325.0000000;1
SPFB.MTSI-3.21;60;20201209;160000;32562.0000000;32562.0000000;32480.0000000;32480.0000000;5
SPFB.MTSI-3.21;60;20201209;170000;32473.0000000;32519.0000000;32473.0000000;32519.0000000;42
SPFB.MTSI-3.21;60;20201209;180000;32590.0000000;32590.0000000;32481.0000000;32481.0000000;10
SPFB.MTSI-3.21;60;20201209;190000;32790.0000000;32790.0000000;32750.0000000;32750.0000000;4
SPFB.MTSI-3.21;60;20201209;200000;32752.0000000;32752.0000000;32302.0000000;32302.0000000;11
SPFB.MTSI-3.21;60;20201209;220000;32322.0000000;32566.0000000;32322.0000000;32530.0000000;10
SPFB.MTSI-3.21;60;20201210;110000;32588.0000000;32600.0000000;32481.0000000;32481.0000000;4
SPFB.MTSI-3.21;60;20201210;130000;32626.0000000;32744.0000000;32606.0000000;32606.0000000;10
SPFB.MTSI-3.21;60;20201210;140000;32920.0000000;32920.0000000;32649.0000000;32649.0000000;19
SPFB.MTSI-3.21;60;20201210;150000;32603.0000000;32603.0000000;32602.0000000;32602.0000000;9
SPFB.MTSI-3.21;60;20201210;160000;32651.0000000;32651.0000000;32651.0000000;32651.0000000;2
SPFB.MTSI-3.21;60;20201210;170000;32660.0000000;32660.0000000;32630.0000000;32630.0000000;12
SPFB.MTSI-3.21;60;20201210;180000;32629.0000000;32630.0000000;32500.0000000;32500.0000000;21
SPFB.MTSI-3.21;60;20201210;190000;32667.0000000;32859.0000000;32507.0000000;32764.0000000;31
SPFB.MTSI-3.21;60;20201210;200000;33017.0000000;33017.0000000;32732.0000000;32732.0000000;9
SPFB.MTSI-3.21;60;20201210;220000;32760.0000000;32760.0000000;32760.0000000;32760.0000000;1
SPFB.MTSI-3.21;60;20201210;230000;32760.0000000;32760.0000000;32760.0000000;32760.0000000;4
SPFB.MTSI-3.21;60;20201211;000000;32760.0000000;32761.0000000;32760.0000000;32761.0000000;3
SPFB.MTSI-3.21;60;20201211;110000;32800.0000000;33095.0000000;32800.0000000;33095.0000000;9
SPFB.MTSI-3.21;60;20201211;120000;32950.0000000;32950.0000000;32817.0000000;32817.0000000;7
SPFB.MTSI-3.21;60;20201211;130000;32821.0000000;32821.0000000;32817.0000000;32817.0000000;8
SPFB.MTSI-3.21;60;20201211;140000;32900.0000000;32930.0000000;32900.0000000;32930.0000000;8
SPFB.MTSI-3.21;60;20201211;150000;32800.0000000;32889.0000000;32800.0000000;32889.0000000;22
SPFB.MTSI-3.21;60;20201211;160000;32820.0000000;32820.0000000;32820.0000000;32820.0000000;1
SPFB.MTSI-3.21;60;20201211;170000;32890.0000000;32890.0000000;32890.0000000;32890.0000000;3
SPFB.MTSI-3.21;60;20201211;180000;32823.0000000;32823.0000000;32544.0000000;32544.0000000;112
SPFB.MTSI-3.21;60;20201211;200000;32561.0000000;32713.0000000;32305.0000000;32400.0000000;110
SPFB.MTSI-3.21;60;20201211;210000;32400.0000000;32400.0000000;32300.0000000;32300.0000000;22
SPFB.MTSI-3.21;60;20201211;220000;32300.0000000;32300.0000000;32300.0000000;32300.0000000;2
SPFB.MTSI-3.21;60;20201211;230000;32326.0000000;32326.0000000;32320.0000000;32320.0000000;22
SPFB.MTSI-3.21;60;20201212;000000;32321.0000000;32389.0000000;32300.0000000;32387.0000000;63
SPFB.MTSI-3.21;60;20201214;110000;32390.0000000;32500.0000000;32208.0000000;32500.0000000;56
SPFB.MTSI-3.21;60;20201214;120000;32500.0000000;32557.0000000;32485.0000000;32485.0000000;42
SPFB.MTSI-3.21;60;20201214;130000;32587.0000000;32587.0000000;32587.0000000;32587.0000000;4
SPFB.MTSI-3.21;60;20201214;140000;32501.0000000;32569.0000000;32501.0000000;32520.0000000;11
SPFB.MTSI-3.21;60;20201214;160000;32531.0000000;32531.0000000;32485.0000000;32485.0000000;56
SPFB.MTSI-3.21;60;20201214;170000;32407.0000000;32407.0000000;32350.0000000;32401.0000000;30
SPFB.MTSI-3.21;60;20201214;180000;32450.0000000;32504.0000000;32300.0000000;32400.0000000;35
SPFB.MTSI-3.21;60;20201214;190000;32242.0000000;32336.0000000;32200.0000000;32286.0000000;111
SPFB.MTSI-3.21;60;20201214;210000;32417.0000000;32417.0000000;32417.0000000;32417.0000000;3
SPFB.MTSI-3.21;60;20201214;220000;32407.0000000;32407.0000000;32407.0000000;32407.0000000;2
SPFB.MTSI-3.21;60;20201214;230000;32401.0000000;32401.0000000;32401.0000000;32401.0000000;1
SPFB.MTSI-3.21;60;20201215;000000;32275.0000000;32275.0000000;32207.0000000;32207.0000000;14
SPFB.MTSI-3.21;60;20201215;110000;32370.0000000;32378.0000000;32357.0000000;32378.0000000;17
SPFB.MTSI-3.21;60;20201215;120000;32380.0000000;32501.0000000;32380.0000000;32501.0000000;7
SPFB.MTSI-3.21;60;20201215;140000;32397.0000000;32400.0000000;32397.0000000;32400.0000000;5
SPFB.MTSI-3.21;60;20201215;150000;32305.0000000;32375.0000000;32305.0000000;32366.0000000;71
SPFB.MTSI-3.21;60;20201215;160000;32367.0000000;32400.0000000;32363.0000000;32400.0000000;10
SPFB.MTSI-3.21;60;20201215;170000;32392.0000000;32468.0000000;32392.0000000;32450.0000000;29
SPFB.MTSI-3.21;60;20201215;180000;32440.0000000;32445.0000000;32363.0000000;32373.0000000;29
SPFB.MTSI-3.21;60;20201215;190000;32383.0000000;32383.0000000;32355.0000000;32355.0000000;28
SPFB.MTSI-3.21;60;20201215;220000;32486.0000000;32487.0000000;32437.0000000;32457.0000000;7
SPFB.MTSI-3.21;60;20201215;230000;32488.0000000;32488.0000000;32486.0000000;32486.0000000;2
SPFB.MTSI-3.21;60;20201216;110000;32486.0000000;32486.0000000;32355.0000000;32400.0000000;22
SPFB.MTSI-3.21;60;20201216;120000;32420.0000000;32420.0000000;32420.0000000;32420.0000000;1
SPFB.MTSI-3.21;60;20201216;130000;32443.0000000;32481.0000000;32357.0000000;32424.0000000;57
SPFB.MTSI-3.21;60;20201216;140000;32415.0000000;32450.0000000;32414.0000000;32425.0000000;42
SPFB.MTSI-3.21;60;20201216;150000;32425.0000000;32500.0000000;32425.0000000;32500.0000000;45
SPFB.MTSI-3.21;60;20201216;160000;32499.0000000;32619.0000000;32490.0000000;32598.0000000;45
SPFB.MTSI-3.21;60;20201216;170000;32606.0000000;32680.0000000;32530.0000000;32530.0000000;219
SPFB.MTSI-3.21;60;20201216;180000;32621.0000000;32622.0000000;32490.0000000;32543.0000000;78
SPFB.MTSI-3.21;60;20201216;190000;32480.0000000;32585.0000000;32443.0000000;32583.0000000;35
SPFB.MTSI-3.21;60;20201216;200000;32492.0000000;32605.0000000;32450.0000000;32547.0000000;78
SPFB.MTSI-3.21;60;20201216;210000;32517.0000000;32675.0000000;32517.0000000;32675.0000000;95
SPFB.MTSI-3.21;60;20201216;220000;32632.0000000;32658.0000000;32630.0000000;32658.0000000;24
SPFB.MTSI-3.21;60;20201216;230000;32630.0000000;32630.0000000;32570.0000000;32570.0000000;16
SPFB.MTSI-3.21;60;20201217;000000;32573.0000000;32578.0000000;32544.0000000;32574.0000000;99
SPFB.MTSI-3.21;60;20201217;110000;32577.0000000;32687.0000000;32573.0000000;32573.0000000;70
SPFB.MTSI-3.21;60;20201217;120000;32570.0000000;32637.0000000;32532.0000000;32628.0000000;77
SPFB.MTSI-3.21;60;20201217;130000;32630.0000000;32630.0000000;32525.0000000;32545.0000000;122
SPFB.MTSI-3.21;60;20201217;140000;32520.0000000;32599.0000000;32520.0000000;32576.0000000;92
SPFB.MTSI-3.21;60;20201217;150000;32595.0000000;32611.0000000;32550.0000000;32590.0000000;133
SPFB.MTSI-3.21;60;20201217;160000;32638.0000000;32745.0000000;32633.0000000;32737.0000000;179
SPFB.MTSI-3.21;60;20201217;170000;32737.0000000;32737.0000000;32570.0000000;32570.0000000;156
SPFB.MTSI-3.21;60;20201217;180000;32639.0000000;32695.0000000;32571.0000000;32661.0000000;76
SPFB.MTSI-3.21;60;20201217;190000;32666.0000000;32733.0000000;32640.0000000;32640.0000000;92
SPFB.MTSI-3.21;60;20201217;200000;32729.0000000;32770.0000000;32715.0000000;32720.0000000;14
SPFB.MTSI-3.21;60;20201217;210000;32739.0000000;32740.0000000;32739.0000000;32740.0000000;3
SPFB.MTSI-3.21;60;20201217;220000;32749.0000000;32821.0000000;32749.0000000;32761.0000000;13
SPFB.MTSI-3.21;60;20201217;230000;32821.0000000;32822.0000000;32776.0000000;32787.0000000;13
SPFB.MTSI-3.21;60;20201218;000000;32890.0000000;33004.0000000;32890.0000000;32942.0000000;47
SPFB.MTSI-3.21;60;20201218;110000;32915.0000000;32915.0000000;32600.0000000;32777.0000000;312
SPFB.MTSI-3.21;60;20201218;120000;32783.0000000;32870.0000000;32725.0000000;32778.0000000;123
SPFB.MTSI-3.21;60;20201218;130000;32790.0000000;32910.0000000;32780.0000000;32827.0000000;96
SPFB.MTSI-3.21;60;20201218;140000;32861.0000000;32998.0000000;32795.0000000;32871.0000000;102
SPFB.MTSI-3.21;60;20201218;150000;32910.0000000;32935.0000000;32795.0000000;32801.0000000;41
SPFB.MTSI-3.21;60;20201218;160000;32807.0000000;32910.0000000;32801.0000000;32900.0000000;38
SPFB.MTSI-3.21;60;20201218;170000;32935.0000000;32986.0000000;32862.0000000;32888.0000000;121
SPFB.MTSI-3.21;60;20201218;180000;32894.0000000;33136.0000000;32892.0000000;33076.0000000;235
SPFB.MTSI-3.21;60;20201218;190000;33076.0000000;33192.0000000;33076.0000000;33190.0000000;107
SPFB.MTSI-3.21;60;20201218;200000;33174.0000000;33219.0000000;33120.0000000;33219.0000000;18
SPFB.MTSI-3.21;60;20201218;210000;33219.0000000;33267.0000000;33180.0000000;33191.0000000;20
SPFB.MTSI-3.21;60;20201218;220000;33166.0000000;33166.0000000;33128.0000000;33128.0000000;13
SPFB.MTSI-3.21;60;20201218;230000;33128.0000000;33128.0000000;33128.0000000;33128.0000000;2
SPFB.MTSI-3.21;60;20201219;000000;33195.0000000;33207.0000000;33161.0000000;33161.0000000;27
SPFB.MTSI-3.21;60;20201221;110000;33161.0000000;33299.0000000;32902.0000000;33149.0000000;223
SPFB.MTSI-3.21;60;20201221;120000;33144.0000000;33183.0000000;32913.0000000;32918.0000000;128
SPFB.MTSI-3.21;60;20201221;130000;32914.0000000;32922.0000000;32659.0000000;32759.0000000;229
SPFB.MTSI-3.21;60;20201221;140000;32759.0000000;32759.0000000;32402.0000000;32652.0000000;306
SPFB.MTSI-3.21;60;20201221;150000;32568.0000000;32711.0000000;32568.0000000;32711.0000000;105
SPFB.MTSI-3.21;60;20201221;160000;32748.0000000;32774.0000000;32670.0000000;32684.0000000;34
SPFB.MTSI-3.21;60;20201221;170000;32646.0000000;32765.0000000;32646.0000000;32709.0000000;60
SPFB.MTSI-3.21;60;20201221;180000;32686.0000000;32883.0000000;32661.0000000;32796.0000000;137
SPFB.MTSI-3.21;60;20201221;190000;32780.0000000;32846.0000000;32742.0000000;32845.0000000;46
SPFB.MTSI-3.21;60;20201221;200000;32911.0000000;32961.0000000;32880.0000000;32918.0000000;38
SPFB.MTSI-3.21;60;20201221;210000;32902.0000000;32902.0000000;32850.0000000;32889.0000000;5
SPFB.MTSI-3.21;60;20201221;230000;32899.0000000;32917.0000000;32859.0000000;32903.0000000;14
SPFB.MTSI-3.21;60;20201222;000000;32852.0000000;32892.0000000;32852.0000000;32892.0000000;5
SPFB.MTSI-3.21;60;20201222;110000;32928.0000000;32928.0000000;32719.0000000;32857.0000000;67
SPFB.MTSI-3.21;60;20201222;120000;32859.0000000;32889.0000000;32857.0000000;32860.0000000;130
SPFB.MTSI-3.21;60;20201222;130000;32880.0000000;32904.0000000;32808.0000000;32903.0000000;259
SPFB.MTSI-3.21;60;20201222;140000;32950.0000000;32978.0000000;32903.0000000;32971.0000000;177
SPFB.MTSI-3.21;60;20201222;150000;32962.0000000;32962.0000000;32802.0000000;32917.0000000;23
SPFB.MTSI-3.21;60;20201222;160000;32997.0000000;33044.0000000;32997.0000000;33014.0000000;62
SPFB.MTSI-3.21;60;20201222;170000;33064.0000000;33093.0000000;33039.0000000;33091.0000000;22
SPFB.MTSI-3.21;60;20201222;180000;33095.0000000;33101.0000000;33080.0000000;33087.0000000;20
SPFB.MTSI-3.21;60;20201222;190000;33050.0000000;33074.0000000;33021.0000000;33047.0000000;38
SPFB.MTSI-3.21;60;20201222;200000;33045.0000000;33045.0000000;33020.0000000;33020.0000000;2
SPFB.MTSI-3.21;60;20201222;210000;33003.0000000;33015.0000000;32990.0000000;33015.0000000;11
SPFB.MTSI-3.21;60;20201222;220000;33015.0000000;33042.0000000;33015.0000000;33042.0000000;3
SPFB.MTSI-3.21;60;20201222;230000;33072.0000000;33072.0000000;33072.0000000;33072.0000000;3
SPFB.MTSI-3.21;60;20201223;000000;33077.0000000;33077.0000000;32990.0000000;33025.0000000;13
SPFB.MTSI-3.21;60;20201223;110000;32991.0000000;33065.0000000;32991.0000000;33000.0000000;44
SPFB.MTSI-3.21;60;20201223;120000;33101.0000000;33150.0000000;33068.0000000;33068.0000000;31
SPFB.MTSI-3.21;60;20201223;130000;33109.0000000;33121.0000000;33091.0000000;33091.0000000;6
SPFB.MTSI-3.21;60;20201223;160000;33079.0000000;33103.0000000;33075.0000000;33076.0000000;38
SPFB.MTSI-3.21;60;20201223;170000;33090.0000000;33090.0000000;33072.0000000;33090.0000000;5
SPFB.MTSI-3.21;60;20201223;180000;33090.0000000;33110.0000000;33000.0000000;33110.0000000;89
SPFB.MTSI-3.21;60;20201223;190000;33109.0000000;33119.0000000;33073.0000000;33090.0000000;27
SPFB.MTSI-3.21;60;20201223;200000;33070.0000000;33076.0000000;33020.0000000;33020.0000000;5
SPFB.MTSI-3.21;60;20201223;210000;33038.0000000;33038.0000000;33016.0000000;33035.0000000;3
SPFB.MTSI-3.21;60;20201223;220000;33074.0000000;33199.0000000;33000.0000000;33000.0000000;42
SPFB.MTSI-3.21;60;20201223;230000;33025.0000000;33025.0000000;33025.0000000;33025.0000000;1
SPFB.MTSI-3.21;60;20201224;000000;33057.0000000;33057.0000000;33025.0000000;33025.0000000;3
SPFB.MTSI-3.21;60;20201224;110000;33025.0000000;33054.0000000;33013.0000000;33050.0000000;18
SPFB.MTSI-3.21;60;20201224;120000;32950.0000000;33004.0000000;32920.0000000;33004.0000000;52
SPFB.MTSI-3.21;60;20201224;130000;33031.0000000;33037.0000000;33031.0000000;33037.0000000;6
SPFB.MTSI-3.21;60;20201224;140000;33037.0000000;33037.0000000;33037.0000000;33037.0000000;4
SPFB.MTSI-3.21;60;20201224;150000;33052.0000000;33052.0000000;33052.0000000;33052.0000000;25
SPFB.MTSI-3.21;60;20201224;160000;33075.0000000;33096.0000000;33062.0000000;33096.0000000;4
SPFB.MTSI-3.21;60;20201224;170000;33087.0000000;33087.0000000;33037.0000000;33055.0000000;9
SPFB.MTSI-3.21;60;20201224;180000;33014.0000000;33065.0000000;33012.0000000;33065.0000000;24
SPFB.MTSI-3.21;60;20201224;190000;33049.0000000;33075.0000000;33045.0000000;33069.0000000;15
SPFB.MTSI-3.21;60;20201224;200000;32957.0000000;32957.0000000;32945.0000000;32945.0000000;4
SPFB.MTSI-3.21;60;20201224;210000;33013.0000000;33013.0000000;33013.0000000;33013.0000000;1
SPFB.MTSI-3.21;60;20201224;230000;33013.0000000;33014.0000000;33013.0000000;33014.0000000;5
SPFB.MTSI-3.21;60;20201225;000000;33000.0000000;33000.0000000;33000.0000000;33000.0000000;2
SPFB.MTSI-3.21;60;20201225;110000;32900.0000000;33065.0000000;32900.0000000;33065.0000000;23
SPFB.MTSI-3.21;60;20201225;120000;33074.0000000;33110.0000000;33041.0000000;33106.0000000;44
SPFB.MTSI-3.21;60;20201225;130000;33090.0000000;33152.0000000;33090.0000000;33152.0000000;73
SPFB.MTSI-3.21;60;20201225;140000;33161.0000000;33175.0000000;33117.0000000;33157.0000000;27
SPFB.MTSI-3.21;60;20201225;150000;33164.0000000;33172.0000000;33164.0000000;33172.0000000;2
SPFB.MTSI-3.21;60;20201225;160000;33161.0000000;33350.0000000;33160.0000000;33292.0000000;110
SPFB.MTSI-3.21;60;20201225;170000;33267.0000000;33267.0000000;33161.0000000;33161.0000000;45
SPFB.MTSI-3.21;60;20201225;180000;33167.0000000;33167.0000000;33150.0000000;33150.0000000;5
SPFB.MTSI-3.21;60;20201225;190000;33150.0000000;33222.0000000;33150.0000000;33222.0000000;12
SPFB.MTSI-3.21;60;20201225;200000;33186.0000000;33186.0000000;33156.0000000;33156.0000000;6
SPFB.MTSI-3.21;60;20201225;220000;33151.0000000;33151.0000000;33151.0000000;33151.0000000;4
SPFB.MTSI-3.21;60;20201226;000000;33156.0000000;33156.0000000;33156.0000000;33156.0000000;1
SPFB.MTSI-3.21;60;20201228;110000;33164.0000000;33237.0000000;33100.0000000;33100.0000000;23
SPFB.MTSI-3.21;60;20201228;120000;33055.0000000;33120.0000000;33055.0000000;33120.0000000;8
SPFB.MTSI-3.21;60;20201228;130000;33136.0000000;33213.0000000;33136.0000000;33212.0000000;4
SPFB.MTSI-3.21;60;20201228;140000;33210.0000000;33277.0000000;33204.0000000;33230.0000000;22
SPFB.MTSI-3.21;60;20201228;150000;33151.0000000;33151.0000000;33126.0000000;33126.0000000;12
SPFB.MTSI-3.21;60;20201228;160000;33127.0000000;33160.0000000;33100.0000000;33145.0000000;19
SPFB.MTSI-3.21;60;20201228;170000;33204.0000000;33207.0000000;33204.0000000;33207.0000000;3
SPFB.MTSI-3.21;60;20201228;180000;33203.0000000;33207.0000000;33109.0000000;33180.0000000;48
SPFB.MTSI-3.21;60;20201228;190000;33165.0000000;33242.0000000;33153.0000000;33242.0000000;29
SPFB.MTSI-3.21;60;20201228;200000;33109.0000000;33210.0000000;33076.0000000;33126.0000000;18
SPFB.MTSI-3.21;60;20201228;210000;33105.0000000;33105.0000000;33061.0000000;33061.0000000;13
SPFB.MTSI-3.21;60;20201228;220000;33074.0000000;33095.0000000;33074.0000000;33095.0000000;11
SPFB.MTSI-3.21;60;20201228;230000;33090.0000000;33090.0000000;33052.0000000;33070.0000000;16
SPFB.MTSI-3.21;60;20201229;000000;33100.0000000;33113.0000000;33074.0000000;33112.0000000;19
SPFB.MTSI-3.21;60;20201229;110000;33146.0000000;33170.0000000;33127.0000000;33170.0000000;9
SPFB.MTSI-3.21;60;20201229;120000;33180.0000000;33190.0000000;33143.0000000;33143.0000000;5
SPFB.MTSI-3.21;60;20201229;130000;33160.0000000;33199.0000000;33160.0000000;33170.0000000;44
SPFB.MTSI-3.21;60;20201229;140000;33170.0000000;33251.0000000;33170.0000000;33251.0000000;17
SPFB.MTSI-3.21;60;20201229;150000;33308.0000000;33369.0000000;33215.0000000;33219.0000000;113
SPFB.MTSI-3.21;60;20201229;160000;33201.0000000;33297.0000000;33201.0000000;33297.0000000;5
SPFB.MTSI-3.21;60;20201229;170000;33321.0000000;33321.0000000;33278.0000000;33278.0000000;5
SPFB.MTSI-3.21;60;20201229;180000;33321.0000000;33388.0000000;33300.0000000;33376.0000000;37
SPFB.MTSI-3.21;60;20201229;190000;33388.0000000;33399.0000000;33356.0000000;33399.0000000;39
SPFB.MTSI-3.21;60;20201229;200000;33398.0000000;33473.0000000;33398.0000000;33425.0000000;18
SPFB.MTSI-3.21;60;20201229;210000;33374.0000000;33395.0000000;33269.0000000;33269.0000000;13
SPFB.MTSI-3.21;60;20201229;220000;33290.0000000;33305.0000000;33290.0000000;33305.0000000;5
SPFB.MTSI-3.21;60;20201229;230000;33320.0000000;33320.0000000;33320.0000000;33320.0000000;2
SPFB.MTSI-3.21;60;20201230;000000;33359.0000000;33499.0000000;33339.0000000;33339.0000000;21
SPFB.MTSI-3.21;60;20201230;110000;33334.0000000;33463.0000000;33316.0000000;33383.0000000;22
SPFB.MTSI-3.21;60;20201230;120000;33321.0000000;33385.0000000;33100.0000000;33163.0000000;60
SPFB.MTSI-3.21;60;20201230;130000;33001.0000000;33237.0000000;32901.0000000;33237.0000000;70
SPFB.MTSI-3.21;60;20201230;140000;33238.0000000;33300.0000000;33238.0000000;33300.0000000;8
SPFB.MTSI-3.21;60;20201230;150000;33266.0000000;33266.0000000;33138.0000000;33188.0000000;10
SPFB.MTSI-3.21;60;20201230;160000;33188.0000000;33232.0000000;33143.0000000;33232.0000000;26
SPFB.MTSI-3.21;60;20201230;170000;33238.0000000;33357.0000000;33238.0000000;33325.0000000;30
SPFB.MTSI-3.21;60;20201230;180000;33325.0000000;33516.0000000;33325.0000000;33439.0000000;179
SPFB.MTSI-3.21;60;20201230;190000;33393.0000000;33393.0000000;33245.0000000;33245.0000000;84
SPFB.MTSI-3.21;60;20201230;200000;33420.0000000;33422.0000000;33419.0000000;33419.0000000;4
SPFB.MTSI-3.21;60;20201230;230000;33435.0000000;33435.0000000;33425.0000000;33425.0000000;2
SPFB.MTSI-3.21;60;20201231;000000;33401.0000000;33469.0000000;33401.0000000;33413.0000000;11
SPFB.MTSI-3.21;60;20210104;110000;33525.0000000;33813.0000000;33525.0000000;33699.0000000;91
SPFB.MTSI-3.21;60;20210104;120000;33725.0000000;33739.0000000;33687.0000000;33739.0000000;11
SPFB.MTSI-3.21;60;20210104;130000;33719.0000000;33721.0000000;33684.0000000;33691.0000000;12
SPFB.MTSI-3.21;60;20210104;140000;33690.0000000;33690.0000000;33690.0000000;33690.0000000;1
SPFB.MTSI-3.21;60;20210104;150000;33698.0000000;33750.0000000;33698.0000000;33739.0000000;20
SPFB.MTSI-3.21;60;20210104;160000;33744.0000000;33747.0000000;33740.0000000;33740.0000000;15
SPFB.MTSI-3.21;60;20210104;170000;33725.0000000;33765.0000000;33725.0000000;33765.0000000;14
SPFB.MTSI-3.21;60;20210104;180000;33798.0000000;33900.0000000;33798.0000000;33860.0000000;17
SPFB.MTSI-3.21;60;20210104;190000;33857.0000000;33969.0000000;33740.0000000;33830.0000000;49
SPFB.MTSI-3.21;60;20210104;200000;33742.0000000;33771.0000000;33674.0000000;33676.0000000;38
SPFB.MTSI-3.21;60;20210104;210000;33656.0000000;33656.0000000;33655.0000000;33655.0000000;9
SPFB.MTSI-3.21;60;20210104;220000;33670.0000000;33680.0000000;33601.0000000;33665.0000000;13
SPFB.MTSI-3.21;60;20210104;230000;33638.0000000;33638.0000000;33594.0000000;33619.0000000;46
SPFB.MTSI-3.21;60;20210105;000000;33619.0000000;33709.0000000;33619.0000000;33709.0000000;2
SPFB.MTSI-3.21;60;20210105;110000;33709.0000000;33763.0000000;33594.0000000;33594.0000000;52
SPFB.MTSI-3.21;60;20210105;120000;33615.0000000;33819.0000000;33517.0000000;33817.0000000;27
SPFB.MTSI-3.21;60;20210105;130000;33849.0000000;34025.0000000;33833.0000000;34006.0000000;80
SPFB.MTSI-3.21;60;20210105;140000;33971.0000000;34020.0000000;33962.0000000;34020.0000000;8
SPFB.MTSI-3.21;60;20210105;150000;34007.0000000;34022.0000000;33982.0000000;33987.0000000;8
SPFB.MTSI-3.21;60;20210105;160000;33986.0000000;34000.0000000;33980.0000000;34000.0000000;21
SPFB.MTSI-3.21;60;20210105;170000;33966.0000000;33966.0000000;33966.0000000;33966.0000000;1
SPFB.MTSI-3.21;60;20210105;180000;33959.0000000;34161.0000000;33958.0000000;34161.0000000;63
SPFB.MTSI-3.21;60;20210105;190000;34097.0000000;34167.0000000;34016.0000000;34141.0000000;49
SPFB.MTSI-3.21;60;20210105;200000;34064.0000000;34095.0000000;34064.0000000;34082.0000000;10
SPFB.MTSI-3.21;60;20210105;210000;34068.0000000;34111.0000000;34063.0000000;34099.0000000;18
SPFB.MTSI-3.21;60;20210105;220000;34075.0000000;34075.0000000;34075.0000000;34075.0000000;1
SPFB.MTSI-3.21;60;20210105;230000;34065.0000000;34068.0000000;34027.0000000;34060.0000000;4
SPFB.MTSI-3.21;60;20210106;000000;34060.0000000;34076.0000000;34050.0000000;34076.0000000;11
SPFB.MTSI-3.21;60;20210106;110000;34016.0000000;34029.0000000;33900.0000000;33900.0000000;40
SPFB.MTSI-3.21;60;20210106;120000;33900.0000000;33900.0000000;33900.0000000;33900.0000000;1
SPFB.MTSI-3.21;60;20210106;130000;33896.0000000;34009.0000000;33896.0000000;34009.0000000;24
SPFB.MTSI-3.21;60;20210106;140000;34021.0000000;34021.0000000;34009.0000000;34009.0000000;3
SPFB.MTSI-3.21;60;20210106;160000;33926.0000000;33926.0000000;33926.0000000;33926.0000000;1
SPFB.MTSI-3.21;60;20210106;180000;33937.0000000;33954.0000000;33900.0000000;33900.0000000;29
SPFB.MTSI-3.21;60;20210106;190000;33888.0000000;33890.0000000;33856.0000000;33856.0000000;19
SPFB.MTSI-3.21;60;20210106;200000;33802.0000000;33802.0000000;33553.0000000;33553.0000000;43
SPFB.MTSI-3.21;60;20210106;210000;33565.0000000;33571.0000000;33370.0000000;33491.0000000;21
SPFB.MTSI-3.21;60;20210106;220000;33507.0000000;33569.0000000;33506.0000000;33569.0000000;14
SPFB.MTSI-3.21;60;20210106;230000;33629.0000000;33648.0000000;33629.0000000;33648.0000000;3
SPFB.MTSI-3.21;60;20210107;000000;33677.0000000;33737.0000000;33677.0000000;33698.0000000;3
SPFB.MTSI-3.21;60;20210108;110000;33840.0000000;34100.0000000;33840.0000000;33918.0000000;56
SPFB.MTSI-3.21;60;20210108;120000;33950.0000000;33979.0000000;33945.0000000;33945.0000000;105
SPFB.MTSI-3.21;60;20210108;130000;33990.0000000;34007.0000000;33965.0000000;33965.0000000;17
SPFB.MTSI-3.21;60;20210108;140000;33975.0000000;33990.0000000;33970.0000000;33970.0000000;3
SPFB.MTSI-3.21;60;20210108;150000;33976.0000000;34000.0000000;33774.0000000;34000.0000000;201
SPFB.MTSI-3.21;60;20210108;160000;33977.0000000;33977.0000000;33956.0000000;33976.0000000;5
SPFB.MTSI-3.21;60;20210108;170000;33975.0000000;34022.0000000;33967.0000000;34022.0000000;5
SPFB.MTSI-3.21;60;20210108;180000;34029.0000000;34132.0000000;34029.0000000;34080.0000000;48
SPFB.MTSI-3.21;60;20210108;190000;34080.0000000;34106.0000000;34042.0000000;34092.0000000;17
SPFB.MTSI-3.21;60;20210108;200000;34075.0000000;34156.0000000;34075.0000000;34127.0000000;11
SPFB.MTSI-3.21;60;20210108;210000;34200.0000000;34259.0000000;34187.0000000;34259.0000000;8
SPFB.MTSI-3.21;60;20210108;220000;34250.0000000;34250.0000000;34177.0000000;34177.0000000;3
SPFB.MTSI-3.21;60;20210108;230000;34162.0000000;34162.0000000;34162.0000000;34162.0000000;1
SPFB.MTSI-3.21;60;20210109;000000;34192.0000000;34222.0000000;34192.0000000;34204.0000000;4
SPFB.MTSI-3.21;60;20210111;110000;34148.0000000;34148.0000000;33900.0000000;33900.0000000;43
SPFB.MTSI-3.21;60;20210111;120000;33988.0000000;34287.0000000;33988.0000000;34220.0000000;122
SPFB.MTSI-3.21;60;20210111;130000;34225.0000000;34225.0000000;34076.0000000;34076.0000000;31
SPFB.MTSI-3.21;60;20210111;140000;34099.0000000;34099.0000000;34012.0000000;34021.0000000;46
SPFB.MTSI-3.21;60;20210111;150000;34061.0000000;34100.0000000;34061.0000000;34100.0000000;11
SPFB.MTSI-3.21;60;20210111;160000;34036.0000000;34036.0000000;34036.0000000;34036.0000000;2
SPFB.MTSI-3.21;60;20210111;170000;34010.0000000;34010.0000000;33831.0000000;33900.0000000;63
SPFB.MTSI-3.21;60;20210111;180000;33919.0000000;34110.0000000;33866.0000000;33994.0000000;80
SPFB.MTSI-3.21;60;20210111;190000;33971.0000000;33971.0000000;33835.0000000;33903.0000000;49
SPFB.MTSI-3.21;60;20210111;200000;33955.0000000;33955.0000000;33955.0000000;33955.0000000;3
SPFB.MTSI-3.21;60;20210111;210000;34036.0000000;34036.0000000;33988.0000000;34020.0000000;4
SPFB.MTSI-3.21;60;20210111;230000;34005.0000000;34005.0000000;33934.0000000;33973.0000000;26
SPFB.MTSI-3.21;60;20210112;000000;34014.0000000;34080.0000000;34014.0000000;34058.0000000;10
SPFB.MTSI-3.21;60;20210112;110000;34003.0000000;34137.0000000;33806.0000000;34100.0000000;145
SPFB.MTSI-3.21;60;20210112;120000;33997.0000000;34036.0000000;33997.0000000;34036.0000000;5
SPFB.MTSI-3.21;60;20210112;130000;34017.0000000;34051.0000000;33974.0000000;33974.0000000;6
SPFB.MTSI-3.21;60;20210112;140000;34000.0000000;34014.0000000;33975.0000000;33975.0000000;31
SPFB.MTSI-3.21;60;20210112;150000;33975.0000000;33975.0000000;33975.0000000;33975.0000000;1
SPFB.MTSI-3.21;60;20210112;160000;33914.0000000;33914.0000000;33840.0000000;33870.0000000;11
SPFB.MTSI-3.21;60;20210112;170000;33900.0000000;33910.0000000;33800.0000000;33800.0000000;5
SPFB.MTSI-3.21;60;20210112;180000;33762.0000000;33780.0000000;33681.0000000;33681.0000000;71
SPFB.MTSI-3.21;60;20210112;190000;33685.0000000;33763.0000000;33675.0000000;33763.0000000;27
SPFB.MTSI-3.21;60;20210112;200000;33750.0000000;33750.0000000;33750.0000000;33750.0000000;7
SPFB.MTSI-3.21;60;20210112;210000;33707.0000000;33707.0000000;33580.0000000;33587.0000000;35
SPFB.MTSI-3.21;60;20210112;220000;33555.0000000;33623.0000000;33456.0000000;33609.0000000;32
SPFB.MTSI-3.21;60;20210112;230000;33609.0000000;33615.0000000;33605.0000000;33615.0000000;4
SPFB.MTSI-3.21;60;20210113;000000;33639.0000000;33639.0000000;33639.0000000;33639.0000000;6
SPFB.MTSI-3.21;60;20210113;110000;33732.0000000;33790.0000000;33503.0000000;33510.0000000;68
SPFB.MTSI-3.21;60;20210113;120000;33458.0000000;33551.0000000;33450.0000000;33481.0000000;479
SPFB.MTSI-3.21;60;20210113;130000;33475.0000000;33627.0000000;33475.0000000;33481.0000000;93
SPFB.MTSI-3.21;60;20210113;140000;33491.0000000;33529.0000000;33456.0000000;33529.0000000;22
SPFB.MTSI-3.21;60;20210113;150000;33480.0000000;33512.0000000;33480.0000000;33490.0000000;3
SPFB.MTSI-3.21;60;20210113;160000;33485.0000000;33525.0000000;33475.0000000;33525.0000000;19
SPFB.MTSI-3.21;60;20210113;170000;33530.0000000;33541.0000000;33510.0000000;33541.0000000;51
SPFB.MTSI-3.21;60;20210113;180000;33520.0000000;33522.0000000;33400.0000000;33400.0000000;339
SPFB.MTSI-3.21;60;20210113;190000;33361.0000000;33395.0000000;33285.0000000;33366.0000000;98
SPFB.MTSI-3.21;60;20210113;200000;33362.0000000;33362.0000000;33275.0000000;33275.0000000;10
SPFB.MTSI-3.21;60;20210113;210000;33358.0000000;33390.0000000;33358.0000000;33389.0000000;11
SPFB.MTSI-3.21;60;20210113;220000;33444.0000000;33444.0000000;33417.0000000;33417.0000000;18
SPFB.MTSI-3.21;60;20210113;230000;33450.0000000;33450.0000000;33417.0000000;33417.0000000;45
SPFB.MTSI-3.21;60;20210114;000000;33417.0000000;33465.0000000;33417.0000000;33465.0000000;8
SPFB.MTSI-3.21;60;20210114;110000;33530.0000000;33539.0000000;33300.0000000;33420.0000000;103
SPFB.MTSI-3.21;60;20210114;120000;33445.0000000;33445.0000000;33420.0000000;33421.0000000;18
SPFB.MTSI-3.21;60;20210114;130000;33460.0000000;33526.0000000;33433.0000000;33520.0000000;84
SPFB.MTSI-3.21;60;20210114;140000;33490.0000000;33501.0000000;33417.0000000;33501.0000000;61
SPFB.MTSI-3.21;60;20210114;150000;33496.0000000;33546.0000000;33496.0000000;33546.0000000;2
SPFB.MTSI-3.21;60;20210114;160000;33549.0000000;33578.0000000;33460.0000000;33460.0000000;16
SPFB.MTSI-3.21;60;20210114;170000;33549.0000000;33550.0000000;33444.0000000;33530.0000000;115
SPFB.MTSI-3.21;60;20210114;180000;33530.0000000;33710.0000000;33490.0000000;33661.0000000;373
SPFB.MTSI-3.21;60;20210114;190000;33656.0000000;33700.0000000;33563.0000000;33563.0000000;73
SPFB.MTSI-3.21;60;20210114;200000;33620.0000000;33700.0000000;33620.0000000;33700.0000000;28
SPFB.MTSI-3.21;60;20210114;210000;33700.0000000;33915.0000000;33700.0000000;33909.0000000;35
SPFB.MTSI-3.21;60;20210114;220000;33915.0000000;33951.0000000;33890.0000000;33950.0000000;48
SPFB.MTSI-3.21;60;20210114;230000;33950.0000000;34073.0000000;33899.0000000;34064.0000000;163
SPFB.MTSI-3.21;60;20210115;000000;33990.0000000;33992.0000000;33935.0000000;33935.0000000;8
SPFB.MTSI-3.21;60;20210115;110000;33860.0000000;33945.0000000;33860.0000000;33875.0000000;8
SPFB.MTSI-3.21;60;20210115;120000;33880.0000000;33955.0000000;33880.0000000;33880.0000000;23
SPFB.MTSI-3.21;60;20210115;130000;33790.0000000;33875.0000000;33790.0000000;33822.0000000;64
SPFB.MTSI-3.21;60;20210115;140000;33826.0000000;33834.0000000;33822.0000000;33822.0000000;3
SPFB.MTSI-3.21;60;20210115;150000;33817.0000000;33817.0000000;33675.0000000;33675.0000000;85
SPFB.MTSI-3.21;60;20210115;160000;33740.0000000;33740.0000000;33662.0000000;33683.0000000;100
SPFB.MTSI-3.21;60;20210115;170000;33759.0000000;33759.0000000;33759.0000000;33759.0000000;1
SPFB.MTSI-3.21;60;20210115;180000;33780.0000000;33942.0000000;33780.0000000;33883.0000000;134
SPFB.MTSI-3.21;60;20210115;190000;33882.0000000;33882.0000000;33348.0000000;33633.0000000;134
SPFB.MTSI-3.21;60;20210115;200000;33621.0000000;33651.0000000;33583.0000000;33615.0000000;42
SPFB.MTSI-3.21;60;20210115;210000;33686.0000000;33711.0000000;33686.0000000;33711.0000000;4
SPFB.MTSI-3.21;60;20210115;220000;33717.0000000;33717.0000000;33717.0000000;33717.0000000;1
SPFB.MTSI-3.21;60;20210115;230000;33700.0000000;33700.0000000;33582.0000000;33582.0000000;3
SPFB.MTSI-3.21;60;20210116;000000;33547.0000000;33547.0000000;33517.0000000;33517.0000000;6
SPFB.MTSI-3.21;60;20210118;110000;33467.0000000;33591.0000000;33379.0000000;33503.0000000;111
SPFB.MTSI-3.21;60;20210118;120000;33521.0000000;33645.0000000;33521.0000000;33545.0000000;25
SPFB.MTSI-3.21;60;20210118;130000;33547.0000000;33547.0000000;33485.0000000;33485.0000000;11
SPFB.MTSI-3.21;60;20210118;140000;33540.0000000;33557.0000000;33524.0000000;33553.0000000;54
SPFB.MTSI-3.21;60;20210118;160000;33589.0000000;33589.0000000;33589.0000000;33589.0000000;1
SPFB.MTSI-3.21;60;20210118;180000;33518.0000000;33578.0000000;33518.0000000;33578.0000000;4
SPFB.MTSI-3.21;60;20210118;190000;33535.0000000;33535.0000000;33533.0000000;33533.0000000;2
SPFB.MTSI-3.21;60;20210118;230000;33533.0000000;33533.0000000;33533.0000000;33533.0000000;1
SPFB.MTSI-3.21;60;20210119;110000;33647.0000000;33647.0000000;33521.0000000;33538.0000000;33
SPFB.MTSI-3.21;60;20210119;130000;33562.0000000;33562.0000000;33531.0000000;33531.0000000;2
SPFB.MTSI-3.21;60;20210119;150000;33572.0000000;33572.0000000;33572.0000000;33572.0000000;3
SPFB.MTSI-3.21;60;20210119;170000;33566.0000000;33566.0000000;33566.0000000;33566.0000000;1
SPFB.MTSI-3.21;60;20210119;180000;33526.0000000;33588.0000000;33365.0000000;33497.0000000;287
SPFB.MTSI-3.21;60;20210119;190000;33447.0000000;33447.0000000;33304.0000000;33350.0000000;89
SPFB.MTSI-3.21;60;20210119;200000;33301.0000000;33304.0000000;33275.0000000;33301.0000000;33
SPFB.MTSI-3.21;60;20210119;210000;33308.0000000;33339.0000000;33302.0000000;33321.0000000;6
SPFB.MTSI-3.21;60;20210119;230000;33350.0000000;33368.0000000;33350.0000000;33368.0000000;2
SPFB.MTSI-3.21;60;20210120;110000;33373.0000000;33489.0000000;33311.0000000;33474.0000000;34
SPFB.MTSI-3.21;60;20210120;120000;33478.0000000;33510.0000000;33478.0000000;33510.0000000;10
SPFB.MTSI-3.21;60;20210120;130000;33503.0000000;33526.0000000;33453.0000000;33507.0000000;60
SPFB.MTSI-3.21;60;20210120;140000;33514.0000000;33527.0000000;33478.0000000;33524.0000000;14
SPFB.MTSI-3.21;60;20210120;150000;33471.0000000;33471.0000000;33471.0000000;33471.0000000;1
SPFB.MTSI-3.21;60;20210120;160000;33517.0000000;33517.0000000;33463.0000000;33463.0000000;10
SPFB.MTSI-3.21;60;20210120;170000;33538.0000000;33539.0000000;33526.0000000;33526.0000000;20
SPFB.MTSI-3.21;60;20210120;180000;33533.0000000;33546.0000000;33443.0000000;33443.0000000;70
SPFB.MTSI-3.21;60;20210120;190000;33433.0000000;33452.0000000;33352.0000000;33420.0000000;55
SPFB.MTSI-3.21;60;20210120;200000;33455.0000000;33455.0000000;33455.0000000;33455.0000000;1
SPFB.MTSI-3.21;60;20210120;210000;33402.0000000;33424.0000000;33372.0000000;33389.0000000;29
SPFB.MTSI-3.21;60;20210120;230000;33423.0000000;33423.0000000;33423.0000000;33423.0000000;2
SPFB.MTSI-3.21;60;20210121;000000;33474.0000000;33490.0000000;33450.0000000;33490.0000000;4
SPFB.MTSI-3.21;60;20210121;110000;33488.0000000;33584.0000000;33488.0000000;33542.0000000;56
SPFB.MTSI-3.21;60;20210121;120000;33500.0000000;33500.0000000;33057.0000000;33099.0000000;255
SPFB.MTSI-3.21;60;20210121;130000;33078.0000000;33183.0000000;33057.0000000;33180.0000000;268
SPFB.MTSI-3.21;60;20210121;140000;33239.0000000;33257.0000000;33206.0000000;33208.0000000;42
SPFB.MTSI-3.21;60;20210121;150000;33170.0000000;33179.0000000;33114.0000000;33169.0000000;67
SPFB.MTSI-3.21;60;20210121;160000;33198.0000000;33208.0000000;33198.0000000;33208.0000000;10
SPFB.MTSI-3.21;60;20210121;170000;33194.0000000;33227.0000000;33172.0000000;33172.0000000;28
SPFB.MTSI-3.21;60;20210121;180000;33156.0000000;33195.0000000;33080.0000000;33090.0000000;93
SPFB.MTSI-3.21;60;20210121;190000;33001.0000000;33043.0000000;32966.0000000;33021.0000000;138
SPFB.MTSI-3.21;60;20210121;200000;33058.0000000;33117.0000000;33058.0000000;33117.0000000;41
SPFB.MTSI-3.21;60;20210121;210000;33150.0000000;33304.0000000;33150.0000000;33304.0000000;19
SPFB.MTSI-3.21;60;20210121;220000;33284.0000000;33284.0000000;33129.0000000;33129.0000000;14
SPFB.MTSI-3.21;60;20210121;230000;33146.0000000;33147.0000000;33146.0000000;33147.0000000;3
SPFB.MTSI-3.21;60;20210122;000000;33158.0000000;33158.0000000;33155.0000000;33155.0000000;3
SPFB.MTSI-3.21;60;20210122;110000;33001.0000000;33095.0000000;32921.0000000;33058.0000000;43
SPFB.MTSI-3.21;60;20210122;120000;33012.0000000;33041.0000000;32991.0000000;32992.0000000;13
SPFB.MTSI-3.21;60;20210122;130000;32992.0000000;33083.0000000;32992.0000000;33013.0000000;43
SPFB.MTSI-3.21;60;20210122;140000;33041.0000000;33041.0000000;32880.0000000;32895.0000000;115
SPFB.MTSI-3.21;60;20210122;150000;32870.0000000;32870.0000000;32701.0000000;32810.0000000;217
SPFB.MTSI-3.21;60;20210122;160000;32835.0000000;32897.0000000;32835.0000000;32870.0000000;23
SPFB.MTSI-3.21;60;20210122;170000;32842.0000000;32952.0000000;32842.0000000;32950.0000000;31
SPFB.MTSI-3.21;60;20210122;180000;32992.0000000;33081.0000000;32958.0000000;33037.0000000;51
SPFB.MTSI-3.21;60;20210122;190000;33069.0000000;33160.0000000;33069.0000000;33160.0000000;116
SPFB.MTSI-3.21;60;20210122;200000;33157.0000000;33247.0000000;33153.0000000;33153.0000000;74
SPFB.MTSI-3.21;60;20210122;210000;33183.0000000;33183.0000000;33129.0000000;33129.0000000;5
SPFB.MTSI-3.21;60;20210122;220000;33228.0000000;33244.0000000;33228.0000000;33228.0000000;3
SPFB.MTSI-3.21;60;20210122;230000;33208.0000000;33208.0000000;33208.0000000;33208.0000000;1
SPFB.MTSI-3.21;60;20210123;000000;33156.0000000;33156.0000000;33156.0000000;33156.0000000;1
SPFB.MTSI-3.21;60;20210125;110000;33182.0000000;33346.0000000;33148.0000000;33346.0000000;126
SPFB.MTSI-3.21;60;20210125;120000;33291.0000000;33450.0000000;33287.0000000;33450.0000000;90
SPFB.MTSI-3.21;60;20210125;130000;33372.0000000;33415.0000000;33372.0000000;33407.0000000;49
SPFB.MTSI-3.21;60;20210125;140000;33453.0000000;33455.0000000;33413.0000000;33413.0000000;5
SPFB.MTSI-3.21;60;20210125;150000;33447.0000000;33560.0000000;33437.0000000;33560.0000000;111
SPFB.MTSI-3.21;60;20210125;160000;33524.0000000;33648.0000000;33518.0000000;33550.0000000;232
SPFB.MTSI-3.21;60;20210125;170000;33589.0000000;33610.0000000;33373.0000000;33450.0000000;146
SPFB.MTSI-3.21;60;20210125;180000;33525.0000000;33550.0000000;33448.0000000;33448.0000000;8
SPFB.MTSI-3.21;60;20210125;190000;33490.0000000;33583.0000000;33490.0000000;33575.0000000;90
SPFB.MTSI-3.21;60;20210125;200000;33476.0000000;33511.0000000;33476.0000000;33511.0000000;6
SPFB.MTSI-3.21;60;20210125;210000;33505.0000000;33505.0000000;33451.0000000;33451.0000000;11
SPFB.MTSI-3.21;60;20210125;220000;33450.0000000;33490.0000000;33435.0000000;33465.0000000;6
SPFB.MTSI-3.21;60;20210125;230000;33492.0000000;33496.0000000;33490.0000000;33496.0000000;5
SPFB.MTSI-3.21;60;20210126;000000;33499.0000000;33522.0000000;33499.0000000;33522.0000000;3
SPFB.MTSI-3.21;60;20210126;110000;33510.0000000;33717.0000000;33460.0000000;33482.0000000;99
SPFB.MTSI-3.21;60;20210126;120000;33472.0000000;33839.0000000;33440.0000000;33678.0000000;162
SPFB.MTSI-3.21;60;20210126;130000;33712.0000000;33771.0000000;33712.0000000;33714.0000000;61
SPFB.MTSI-3.21;60;20210126;140000;33717.0000000;33717.0000000;33678.0000000;33693.0000000;32
SPFB.MTSI-3.21;60;20210126;150000;33719.0000000;33739.0000000;33716.0000000;33739.0000000;7
SPFB.MTSI-3.21;60;20210126;160000;33755.0000000;33755.0000000;33725.0000000;33750.0000000;5
SPFB.MTSI-3.21;60;20210126;170000;33732.0000000;33732.0000000;33687.0000000;33687.0000000;39
SPFB.MTSI-3.21;60;20210126;180000;33691.0000000;33783.0000000;33632.0000000;33783.0000000;51
SPFB.MTSI-3.21;60;20210126;190000;33780.0000000;33837.0000000;33775.0000000;33796.0000000;44
SPFB.MTSI-3.21;60;20210126;200000;33755.0000000;33790.0000000;33755.0000000;33790.0000000;3
SPFB.MTSI-3.21;60;20210126;210000;33775.0000000;33775.0000000;33775.0000000;33775.0000000;3
SPFB.MTSI-3.21;60;20210126;230000;33803.0000000;33830.0000000;33803.0000000;33830.0000000;4
SPFB.MTSI-3.21;60;20210127;000000;33830.0000000;33845.0000000;33821.0000000;33821.0000000;7
SPFB.MTSI-3.21;60;20210127;110000;33834.0000000;33834.0000000;33730.0000000;33730.0000000;46
SPFB.MTSI-3.21;60;20210127;120000;33710.0000000;33710.0000000;33667.0000000;33685.0000000;31
SPFB.MTSI-3.21;60;20210127;130000;33671.0000000;33700.0000000;33589.0000000;33672.0000000;51
SPFB.MTSI-3.21;60;20210127;140000;33684.0000000;33689.0000000;33668.0000000;33668.0000000;9
SPFB.MTSI-3.21;60;20210127;150000;33650.0000000;33680.0000000;33575.0000000;33575.0000000;219
SPFB.MTSI-3.21;60;20210127;160000;33566.0000000;33597.0000000;33540.0000000;33540.0000000;3
SPFB.MTSI-3.21;60;20210127;170000;33512.0000000;33579.0000000;33512.0000000;33540.0000000;25
SPFB.MTSI-3.21;60;20210127;180000;33507.0000000;33714.0000000;33500.0000000;33700.0000000;56
SPFB.MTSI-3.21;60;20210127;190000;33708.0000000;33730.0000000;33624.0000000;33729.0000000;78
SPFB.MTSI-3.21;60;20210127;200000;33753.0000000;33785.0000000;33680.0000000;33785.0000000;8
SPFB.MTSI-3.21;60;20210127;210000;33745.0000000;33757.0000000;33658.0000000;33757.0000000;8
SPFB.MTSI-3.21;60;20210127;220000;33810.0000000;33900.0000000;33635.0000000;33635.0000000;48
SPFB.MTSI-3.21;60;20210127;230000;33836.0000000;33881.0000000;33712.0000000;33785.0000000;34
SPFB.MTSI-3.21;60;20210128;000000;33757.0000000;33757.0000000;33639.0000000;33639.0000000;7
SPFB.MTSI-3.21;60;20210128;110000;33590.0000000;33657.0000000;33480.0000000;33657.0000000;49
SPFB.MTSI-3.21;60;20210128;120000;33703.0000000;33703.0000000;33505.0000000;33518.0000000;37
SPFB.MTSI-3.21;60;20210128;130000;33561.0000000;33847.0000000;33561.0000000;33823.0000000;65
SPFB.MTSI-3.21;60;20210128;140000;33747.0000000;33831.0000000;33747.0000000;33831.0000000;136
SPFB.MTSI-3.21;60;20210128;150000;33844.0000000;33845.0000000;33528.0000000;33600.0000000;166
SPFB.MTSI-3.21;60;20210128;160000;33604.0000000;33604.0000000;33604.0000000;33604.0000000;1
SPFB.MTSI-3.21;60;20210128;170000;33572.0000000;33694.0000000;33572.0000000;33694.0000000;237
SPFB.MTSI-3.21;60;20210128;180000;33779.0000000;33785.0000000;33649.0000000;33667.0000000;38
SPFB.MTSI-3.21;60;20210128;190000;33645.0000000;33820.0000000;33640.0000000;33641.0000000;56
SPFB.MTSI-3.21;60;20210128;200000;33573.0000000;33573.0000000;33460.0000000;33502.0000000;23
SPFB.MTSI-3.21;60;20210128;210000;33490.0000000;33533.0000000;33487.0000000;33528.0000000;20
SPFB.MTSI-3.21;60;20210128;220000;33513.0000000;33513.0000000;33513.0000000;33513.0000000;5
SPFB.MTSI-3.21;60;20210128;230000;33564.0000000;33564.0000000;33538.0000000;33538.0000000;4
SPFB.MTSI-3.21;60;20210129;110000;33535.0000000;33535.0000000;33407.0000000;33525.0000000;152
SPFB.MTSI-3.21;60;20210129;120000;33457.0000000;33510.0000000;33265.0000000;33265.0000000;55
SPFB.MTSI-3.21;60;20210129;130000;33264.0000000;33309.0000000;33200.0000000;33279.0000000;22
SPFB.MTSI-3.21;60;20210129;140000;33271.0000000;33290.0000000;33271.0000000;33290.0000000;29
SPFB.MTSI-3.21;60;20210129;150000;33303.0000000;33325.0000000;33293.0000000;33293.0000000;15
SPFB.MTSI-3.21;60;20210129;170000;33286.0000000;33286.0000000;33239.0000000;33239.0000000;49
SPFB.MTSI-3.21;60;20210129;180000;33225.0000000;33269.0000000;33192.0000000;33195.0000000;17
SPFB.MTSI-3.21;60;20210129;190000;33168.0000000;33200.0000000;33138.0000000;33143.0000000;18
SPFB.MTSI-3.21;60;20210129;200000;33143.0000000;33160.0000000;33034.0000000;33130.0000000;72
SPFB.MTSI-3.21;60;20210129;210000;33130.0000000;33215.0000000;33129.0000000;33201.0000000;46
SPFB.MTSI-3.21;60;20210129;220000;33217.0000000;33217.0000000;33216.0000000;33216.0000000;2
SPFB.MTSI-3.21;60;20210129;230000;33166.0000000;33166.0000000;33111.0000000;33111.0000000;10
SPFB.MTSI-3.21;60;20210130;000000;33111.0000000;33111.0000000;33050.0000000;33059.0000000;9
SPFB.MTSI-3.21;60;20210201;110000;33067.0000000;33109.0000000;32921.0000000;33090.0000000;162
SPFB.MTSI-3.21;60;20210201;120000;33017.0000000;33296.0000000;33017.0000000;33276.0000000;202
SPFB.MTSI-3.21;60;20210201;130000;33240.0000000;33242.0000000;33195.0000000;33216.0000000;23
SPFB.MTSI-3.21;60;20210201;140000;33200.0000000;33242.0000000;33200.0000000;33242.0000000;76
SPFB.MTSI-3.21;60;20210201;150000;33242.0000000;33295.0000000;33194.0000000;33200.0000000;29
SPFB.MTSI-3.21;60;20210201;170000;33204.0000000;33246.0000000;33098.0000000;33246.0000000;67
SPFB.MTSI-3.21;60;20210201;180000;33275.0000000;33343.0000000;33201.0000000;33207.0000000;23
SPFB.MTSI-3.21;60;20210201;190000;33180.0000000;33180.0000000;33141.0000000;33146.0000000;16
SPFB.MTSI-3.21;60;20210201;200000;33118.0000000;33131.0000000;33118.0000000;33130.0000000;8
SPFB.MTSI-3.21;60;20210201;210000;33217.0000000;33222.0000000;33217.0000000;33222.0000000;3
SPFB.MTSI-3.21;60;20210201;220000;33285.0000000;33418.0000000;33196.0000000;33196.0000000;28
SPFB.MTSI-3.21;60;20210201;230000;33257.0000000;33282.0000000;33212.0000000;33212.0000000;23
SPFB.MTSI-3.21;60;20210202;000000;33212.0000000;33239.0000000;33202.0000000;33202.0000000;29
SPFB.MTSI-3.21;60;20210202;110000;33319.0000000;33382.0000000;33310.0000000;33336.0000000;81
SPFB.MTSI-3.21;60;20210202;120000;33246.0000000;33247.0000000;33092.0000000;33214.0000000;76
SPFB.MTSI-3.21;60;20210202;130000;33209.0000000;33209.0000000;33179.0000000;33180.0000000;3
SPFB.MTSI-3.21;60;20210202;140000;33181.0000000;33243.0000000;33181.0000000;33243.0000000;3
SPFB.MTSI-3.21;60;20210202;150000;33189.0000000;33189.0000000;33183.0000000;33183.0000000;3
SPFB.MTSI-3.21;60;20210202;170000;33245.0000000;33399.0000000;33245.0000000;33386.0000000;23
SPFB.MTSI-3.21;60;20210202;180000;33388.0000000;33471.0000000;33347.0000000;33350.0000000;23
SPFB.MTSI-3.21;60;20210202;190000;33350.0000000;33462.0000000;33327.0000000;33462.0000000;41
SPFB.MTSI-3.21;60;20210202;200000;33448.0000000;33449.0000000;33448.0000000;33448.0000000;16
SPFB.MTSI-3.21;60;20210202;210000;33428.0000000;33488.0000000;33428.0000000;33450.0000000;79
SPFB.MTSI-3.21;60;20210202;230000;33420.0000000;33423.0000000;33420.0000000;33423.0000000;4
SPFB.MTSI-3.21;60;20210203;000000;33390.0000000;33390.0000000;33390.0000000;33390.0000000;4
SPFB.MTSI-3.21;60;20210203;110000;33390.0000000;33408.0000000;33274.0000000;33408.0000000;40
SPFB.MTSI-3.21;60;20210203;120000;33450.0000000;33569.0000000;33450.0000000;33569.0000000;5
SPFB.MTSI-3.21;60;20210203;130000;33568.0000000;33604.0000000;33565.0000000;33604.0000000;38
SPFB.MTSI-3.21;60;20210203;140000;33596.0000000;33603.0000000;33568.0000000;33603.0000000;95
SPFB.MTSI-3.21;60;20210203;150000;33580.0000000;33610.0000000;33573.0000000;33590.0000000;26
SPFB.MTSI-3.21;60;20210203;160000;33593.0000000;33621.0000000;33585.0000000;33621.0000000;9
SPFB.MTSI-3.21;60;20210203;170000;33585.0000000;33670.0000000;33585.0000000;33670.0000000;99
SPFB.MTSI-3.21;60;20210203;180000;33609.0000000;33662.0000000;33608.0000000;33626.0000000;10
SPFB.MTSI-3.21;60;20210203;190000;33639.0000000;33663.0000000;33576.0000000;33596.0000000;25
SPFB.MTSI-3.21;60;20210203;200000;33650.0000000;33650.0000000;33627.0000000;33627.0000000;5
SPFB.MTSI-3.21;60;20210203;210000;33640.0000000;33640.0000000;33601.0000000;33601.0000000;13
SPFB.MTSI-3.21;60;20210203;230000;33646.0000000;33646.0000000;33646.0000000;33646.0000000;4
SPFB.MTSI-3.21;60;20210204;000000;33650.0000000;33650.0000000;33650.0000000;33650.0000000;3
SPFB.MTSI-3.21;60;20210204;110000;33625.0000000;33647.0000000;33519.0000000;33570.0000000;265
SPFB.MTSI-3.21;60;20210204;120000;33475.0000000;33671.0000000;33475.0000000;33668.0000000;109
SPFB.MTSI-3.21;60;20210204;130000;33637.0000000;33651.0000000;33620.0000000;33620.0000000;56
SPFB.MTSI-3.21;60;20210204;140000;33600.0000000;33602.0000000;33565.0000000;33575.0000000;95
SPFB.MTSI-3.21;60;20210204;150000;33580.0000000;33580.0000000;33452.0000000;33551.0000000;28
SPFB.MTSI-3.21;60;20210204;160000;33575.0000000;33585.0000000;33573.0000000;33573.0000000;7
SPFB.MTSI-3.21;60;20210204;170000;33599.0000000;33599.0000000;33552.0000000;33552.0000000;15
SPFB.MTSI-3.21;60;20210204;180000;33597.0000000;33620.0000000;33499.0000000;33505.0000000;44
SPFB.MTSI-3.21;60;20210204;190000;33489.0000000;33489.0000000;33345.0000000;33355.0000000;300
SPFB.MTSI-3.21;60;20210204;200000;33375.0000000;33425.0000000;33369.0000000;33417.0000000;16
SPFB.MTSI-3.21;60;20210204;210000;33404.0000000;33404.0000000;33404.0000000;33404.0000000;1
SPFB.MTSI-3.21;60;20210204;220000;33402.0000000;33404.0000000;33400.0000000;33400.0000000;7
SPFB.MTSI-3.21;60;20210204;230000;33419.0000000;33435.0000000;33419.0000000;33419.0000000;4
SPFB.MTSI-3.21;60;20210205;000000;33429.0000000;33450.0000000;33429.0000000;33443.0000000;14
SPFB.MTSI-3.21;60;20210205;110000;33419.0000000;33419.0000000;33362.0000000;33380.0000000;24
SPFB.MTSI-3.21;60;20210205;120000;33336.0000000;33413.0000000;33336.0000000;33412.0000000;3
SPFB.MTSI-3.21;60;20210205;130000;33452.0000000;33478.0000000;33445.0000000;33445.0000000;21
SPFB.MTSI-3.21;60;20210205;140000;33478.0000000;33478.0000000;33478.0000000;33478.0000000;1
SPFB.MTSI-3.21;60;20210205;150000;33513.0000000;33513.0000000;33481.0000000;33499.0000000;163
SPFB.MTSI-3.21;60;20210205;160000;33479.0000000;33479.0000000;33441.0000000;33441.0000000;14
SPFB.MTSI-3.21;60;20210205;170000;33454.0000000;33454.0000000;33454.0000000;33454.0000000;1
SPFB.MTSI-3.21;60;20210205;180000;33410.0000000;33410.0000000;33303.0000000;33330.0000000;9
SPFB.MTSI-3.21;60;20210205;190000;33334.0000000;33906.0000000;33324.0000000;33800.0000000;434
SPFB.MTSI-3.21;60;20210205;200000;33768.0000000;33768.0000000;33686.0000000;33745.0000000;73
SPFB.MTSI-3.21;60;20210205;230000;33715.0000000;33715.0000000;33686.0000000;33686.0000000;8
SPFB.MTSI-3.21;60;20210206;000000;33710.0000000;33725.0000000;33710.0000000;33725.0000000;5
SPFB.MTSI-3.21;60;20210208;110000;33726.0000000;33771.0000000;33597.0000000;33635.0000000;52
SPFB.MTSI-3.21;60;20210208;120000;33617.0000000;33622.0000000;33525.0000000;33555.0000000;161
SPFB.MTSI-3.21;60;20210208;130000;33535.0000000;33585.0000000;33493.0000000;33493.0000000;71
SPFB.MTSI-3.21;60;20210208;140000;33517.0000000;33522.0000000;33517.0000000;33522.0000000;20
SPFB.MTSI-3.21;60;20210208;150000;33517.0000000;33517.0000000;33517.0000000;33517.0000000;1
SPFB.MTSI-3.21;60;20210208;160000;33515.0000000;33519.0000000;33460.0000000;33460.0000000;57
SPFB.MTSI-3.21;60;20210208;170000;33448.0000000;33480.0000000;33448.0000000;33480.0000000;6
SPFB.MTSI-3.21;60;20210208;180000;33450.0000000;33512.0000000;33351.0000000;33375.0000000;227
SPFB.MTSI-3.21;60;20210208;190000;33414.0000000;33475.0000000;33350.0000000;33475.0000000;60
SPFB.MTSI-3.21;60;20210208;200000;33434.0000000;33439.0000000;33400.0000000;33400.0000000;4
SPFB.MTSI-3.21;60;20210208;210000;33395.0000000;33395.0000000;33365.0000000;33370.0000000;9
SPFB.MTSI-3.21;60;20210208;220000;33370.0000000;33372.0000000;33370.0000000;33370.0000000;9
SPFB.MTSI-3.21;60;20210208;230000;33444.0000000;33444.0000000;33430.0000000;33430.0000000;2
SPFB.MTSI-3.21;60;20210209;000000;33514.0000000;33514.0000000;33514.0000000;33514.0000000;11
SPFB.MTSI-3.21;60;20210209;110000;33514.0000000;33517.0000000;33402.0000000;33402.0000000;20
SPFB.MTSI-3.21;60;20210209;120000;33464.0000000;33464.0000000;33464.0000000;33464.0000000;5
SPFB.MTSI-3.21;60;20210209;130000;33423.0000000;33449.0000000;33397.0000000;33449.0000000;29
SPFB.MTSI-3.21;60;20210209;140000;33449.0000000;33449.0000000;33438.0000000;33442.0000000;9
SPFB.MTSI-3.21;60;20210209;150000;33430.0000000;33445.0000000;33415.0000000;33419.0000000;18
SPFB.MTSI-3.21;60;20210209;160000;33400.0000000;33400.0000000;33333.0000000;33383.0000000;16
SPFB.MTSI-3.21;60;20210209;170000;33351.0000000;33351.0000000;33351.0000000;33351.0000000;1
SPFB.MTSI-3.21;60;20210209;180000;33314.0000000;33432.0000000;33308.0000000;33423.0000000;37
SPFB.MTSI-3.21;60;20210209;190000;33397.0000000;33435.0000000;33364.0000000;33435.0000000;18
SPFB.MTSI-3.21;60;20210209;200000;33403.0000000;33417.0000000;33403.0000000;33417.0000000;2
SPFB.MTSI-3.21;60;20210209;210000;33409.0000000;33409.0000000;33409.0000000;33409.0000000;1
SPFB.MTSI-3.21;60;20210209;220000;33452.0000000;33465.0000000;33435.0000000;33465.0000000;14
SPFB.MTSI-3.21;60;20210210;000000;33484.0000000;33484.0000000;33484.0000000;33484.0000000;1
SPFB.MTSI-3.21;60;20210210;110000;33484.0000000;33548.0000000;33373.0000000;33522.0000000;30
SPFB.MTSI-3.21;60;20210210;120000;33499.0000000;33499.0000000;33449.0000000;33449.0000000;11
SPFB.MTSI-3.21;60;20210210;130000;33439.0000000;33445.0000000;33400.0000000;33400.0000000;18
SPFB.MTSI-3.21;60;20210210;140000;33435.0000000;33435.0000000;33372.0000000;33372.0000000;6
SPFB.MTSI-3.21;60;20210210;150000;33350.0000000;33361.0000000;33350.0000000;33361.0000000;2
SPFB.MTSI-3.21;60;20210210;170000;33354.0000000;33355.0000000;33307.0000000;33355.0000000;12
SPFB.MTSI-3.21;60;20210210;180000;33350.0000000;33361.0000000;33255.0000000;33272.0000000;24
SPFB.MTSI-3.21;60;20210210;190000;33261.0000000;33261.0000000;33073.0000000;33130.0000000;190
SPFB.MTSI-3.21;60;20210210;200000;33169.0000000;33211.0000000;33169.0000000;33207.0000000;15
SPFB.MTSI-3.21;60;20210210;210000;33247.0000000;33248.0000000;33197.0000000;33197.0000000;30
SPFB.MTSI-3.21;60;20210211;000000;33197.0000000;33232.0000000;33161.0000000;33161.0000000;11
SPFB.MTSI-3.21;60;20210211;110000;33161.0000000;33195.0000000;33075.0000000;33110.0000000;73
SPFB.MTSI-3.21;60;20210211;120000;33130.0000000;33140.0000000;33125.0000000;33130.0000000;76
SPFB.MTSI-3.21;60;20210211;130000;33159.0000000;33160.0000000;33130.0000000;33130.0000000;49
SPFB.MTSI-3.21;60;20210211;140000;33120.0000000;33127.0000000;33115.0000000;33115.0000000;11
SPFB.MTSI-3.21;60;20210211;150000;33175.0000000;33175.0000000;33115.0000000;33115.0000000;7
SPFB.MTSI-3.21;60;20210211;160000;33102.0000000;33102.0000000;33102.0000000;33102.0000000;2
SPFB.MTSI-3.21;60;20210211;170000;33137.0000000;33143.0000000;33137.0000000;33140.0000000;41
SPFB.MTSI-3.21;60;20210211;180000;33212.0000000;33212.0000000;33074.0000000;33074.0000000;13
SPFB.MTSI-3.21;60;20210211;190000;33070.0000000;33078.0000000;33003.0000000;33005.0000000;69
SPFB.MTSI-3.21;60;20210211;200000;32930.0000000;33173.0000000;32710.0000000;32965.0000000;371
SPFB.MTSI-3.21;60;20210211;210000;32960.0000000;32965.0000000;32960.0000000;32965.0000000;14
SPFB.MTSI-3.21;60;20210211;220000;32973.0000000;33046.0000000;32973.0000000;32999.0000000;30
SPFB.MTSI-3.21;60;20210211;230000;33021.0000000;33021.0000000;33021.0000000;33021.0000000;3
SPFB.MTSI-3.21;60;20210212;000000;32964.0000000;33012.0000000;32901.0000000;33012.0000000;19
SPFB.MTSI-3.21;60;20210212;110000;32984.0000000;32984.0000000;32850.0000000;32860.0000000;71
SPFB.MTSI-3.21;60;20210212;120000;32830.0000000;32846.0000000;32701.0000000;32702.0000000;49
SPFB.MTSI-3.21;60;20210212;130000;32725.0000000;32957.0000000;32725.0000000;32957.0000000;26
SPFB.MTSI-3.21;60;20210212;140000;32925.0000000;32944.0000000;32905.0000000;32913.0000000;19
SPFB.MTSI-3.21;60;20210212;150000;32866.0000000;32866.0000000;32793.0000000;32827.0000000;16
SPFB.MTSI-3.21;60;20210212;160000;32883.0000000;32883.0000000;32883.0000000;32883.0000000;1
SPFB.MTSI-3.21;60;20210212;170000;32823.0000000;32823.0000000;32782.0000000;32782.0000000;8
SPFB.MTSI-3.21;60;20210212;180000;32794.0000000;32809.0000000;32726.0000000;32753.0000000;49
SPFB.MTSI-3.21;60;20210212;190000;32783.0000000;32783.0000000;32650.0000000;32700.0000000;272
SPFB.MTSI-3.21;60;20210212;200000;32760.0000000;32788.0000000;32475.0000000;32767.0000000;245
SPFB.MTSI-3.21;60;20210212;210000;32821.0000000;32835.0000000;32783.0000000;32783.0000000;24
SPFB.MTSI-3.21;60;20210212;220000;32810.0000000;32810.0000000;32783.0000000;32795.0000000;9
SPFB.MTSI-3.21;60;20210212;230000;32739.0000000;32799.0000000;32739.0000000;32799.0000000;5
SPFB.MTSI-3.21;60;20210213;000000;32788.0000000;32854.0000000;32775.0000000;32809.0000000;21
SPFB.MTSI-3.21;60;20210215;110000;32890.0000000;33114.0000000;32890.0000000;33059.0000000;256
SPFB.MTSI-3.21;60;20210215;120000;33073.0000000;33073.0000000;33010.0000000;33010.0000000;28
SPFB.MTSI-3.21;60;20210215;130000;33030.0000000;33030.0000000;32903.0000000;32977.0000000;19
SPFB.MTSI-3.21;60;20210215;140000;33000.0000000;33000.0000000;32973.0000000;32973.0000000;26
SPFB.MTSI-3.21;60;20210215;150000;32927.0000000;33001.0000000;32926.0000000;33001.0000000;7
SPFB.MTSI-3.21;60;20210215;160000;32942.0000000;32983.0000000;32942.0000000;32983.0000000;3
SPFB.MTSI-3.21;60;20210215;170000;33000.0000000;33000.0000000;32923.0000000;32923.0000000;8
SPFB.MTSI-3.21;60;20210215;180000;32961.0000000;32961.0000000;32915.0000000;32915.0000000;87
SPFB.MTSI-3.21;60;20210215;190000;32916.0000000;33145.0000000;32916.0000000;33144.0000000;192
SPFB.MTSI-3.21;60;20210215;200000;33189.0000000;33189.0000000;33091.0000000;33118.0000000;11
SPFB.MTSI-3.21;60;20210215;210000;33114.0000000;33120.0000000;33114.0000000;33115.0000000;4
SPFB.MTSI-3.21;60;20210216;000000;33115.0000000;33140.0000000;33096.0000000;33096.0000000;15
SPFB.MTSI-3.21;60;20210216;110000;33177.0000000;33190.0000000;33027.0000000;33027.0000000;30
SPFB.MTSI-3.21;60;20210216;130000;33119.0000000;33152.0000000;33106.0000000;33152.0000000;12
SPFB.MTSI-3.21;60;20210216;140000;33167.0000000;33185.0000000;33147.0000000;33176.0000000;29
SPFB.MTSI-3.21;60;20210216;150000;33175.0000000;33207.0000000;33175.0000000;33207.0000000;53
SPFB.MTSI-3.21;60;20210216;160000;33196.0000000;33226.0000000;33194.0000000;33201.0000000;21
SPFB.MTSI-3.21;60;20210216;170000;33158.0000000;33158.0000000;33120.0000000;33120.0000000;11
SPFB.MTSI-3.21;60;20210216;180000;33100.0000000;33108.0000000;33025.0000000;33108.0000000;58
SPFB.MTSI-3.21;60;20210216;190000;33120.0000000;33120.0000000;33057.0000000;33057.0000000;10
SPFB.MTSI-3.21;60;20210216;200000;33000.0000000;33000.0000000;32923.0000000;32923.0000000;8
SPFB.MTSI-3.21;60;20210216;210000;32904.0000000;32915.0000000;32904.0000000;32915.0000000;12
SPFB.MTSI-3.21;60;20210216;220000;32925.0000000;32925.0000000;32865.0000000;32865.0000000;19
SPFB.MTSI-3.21;60;20210216;230000;32891.0000000;32899.0000000;32870.0000000;32870.0000000;8
SPFB.MTSI-3.21;60;20210217;000000;32910.0000000;32920.0000000;32884.0000000;32890.0000000;115
SPFB.MTSI-3.21;60;20210217;110000;32870.0000000;33004.0000000;32870.0000000;32995.0000000;10
SPFB.MTSI-3.21;60;20210217;120000;32976.0000000;33030.0000000;32976.0000000;33027.0000000;16
SPFB.MTSI-3.21;60;20210217;130000;32990.0000000;33010.0000000;32978.0000000;32978.0000000;22
SPFB.MTSI-3.21;60;20210217;150000;32923.0000000;32923.0000000;32875.0000000;32875.0000000;31
SPFB.MTSI-3.21;60;20210217;160000;32892.0000000;32918.0000000;32892.0000000;32918.0000000;2
SPFB.MTSI-3.21;60;20210217;170000;32918.0000000;32918.0000000;32798.0000000;32798.0000000;142
SPFB.MTSI-3.21;60;20210217;180000;32800.0000000;32812.0000000;32528.0000000;32580.0000000;165
SPFB.MTSI-3.21;60;20210217;190000;32591.0000000;32655.0000000;32420.0000000;32643.0000000;263
SPFB.MTSI-3.21;60;20210217;200000;32639.0000000;32639.0000000;32481.0000000;32498.0000000;97
SPFB.MTSI-3.21;60;20210217;210000;32498.0000000;32571.0000000;32426.0000000;32571.0000000;13
SPFB.MTSI-3.21;60;20210217;220000;32532.0000000;32535.0000000;32449.0000000;32505.0000000;18
SPFB.MTSI-3.21;60;20210217;230000;32479.0000000;32575.0000000;32479.0000000;32575.0000000;9
SPFB.MTSI-3.21;60;20210218;000000;32494.0000000;32511.0000000;32373.0000000;32448.0000000;57
SPFB.MTSI-3.21;60;20210218;110000;32474.0000000;32525.0000000;32459.0000000;32469.0000000;80
SPFB.MTSI-3.21;60;20210218;120000;32506.0000000;32506.0000000;32391.0000000;32493.0000000;75
SPFB.MTSI-3.21;60;20210218;130000;32503.0000000;32503.0000000;32459.0000000;32476.0000000;27
SPFB.MTSI-3.21;60;20210218;140000;32466.0000000;32472.0000000;32439.0000000;32472.0000000;24
SPFB.MTSI-3.21;60;20210218;150000;32473.0000000;32473.0000000;32418.0000000;32423.0000000;18
SPFB.MTSI-3.21;60;20210218;160000;32427.0000000;32473.0000000;32427.0000000;32463.0000000;5
SPFB.MTSI-3.21;60;20210218;170000;32462.0000000;32473.0000000;32389.0000000;32389.0000000;9
SPFB.MTSI-3.21;60;20210218;180000;32453.0000000;32466.0000000;32112.0000000;32230.0000000;389
SPFB.MTSI-3.21;60;20210218;190000;32227.0000000;32327.0000000;32156.0000000;32260.0000000;76
SPFB.MTSI-3.21;60;20210218;200000;32169.0000000;32260.0000000;32156.0000000;32229.0000000;12
SPFB.MTSI-3.21;60;20210218;210000;32234.0000000;32235.0000000;32234.0000000;32235.0000000;2
SPFB.MTSI-3.21;60;20210218;220000;32225.0000000;32236.0000000;32225.0000000;32236.0000000;3
SPFB.MTSI-3.21;60;20210219;000000;32240.0000000;32299.0000000;32236.0000000;32299.0000000;13
SPFB.MTSI-3.21;60;20210219;110000;32173.0000000;32215.0000000;32020.0000000;32060.0000000;157
SPFB.MTSI-3.21;60;20210219;120000;32054.0000000;32306.0000000;32054.0000000;32306.0000000;61
SPFB.MTSI-3.21;60;20210219;130000;32302.0000000;32384.0000000;32282.0000000;32354.0000000;77
SPFB.MTSI-3.21;60;20210219;140000;32357.0000000;32372.0000000;32357.0000000;32367.0000000;5
SPFB.MTSI-3.21;60;20210219;150000;32421.0000000;32421.0000000;32421.0000000;32421.0000000;1
SPFB.MTSI-3.21;60;20210219;160000;32432.0000000;32432.0000000;32364.0000000;32364.0000000;112
SPFB.MTSI-3.21;60;20210219;170000;32335.0000000;32338.0000000;32229.0000000;32270.0000000;19
SPFB.MTSI-3.21;60;20210219;180000;32338.0000000;32338.0000000;32078.0000000;32198.0000000;92
SPFB.MTSI-3.21;60;20210219;190000;32218.0000000;32298.0000000;32218.0000000;32298.0000000;10
SPFB.MTSI-3.21;60;20210219;200000;32326.0000000;32390.0000000;32305.0000000;32311.0000000;38
SPFB.MTSI-3.21;60;20210219;210000;32356.0000000;32356.0000000;32177.0000000;32177.0000000;5
SPFB.MTSI-3.21;60;20210219;220000;32239.0000000;32279.0000000;32239.0000000;32279.0000000;15
SPFB.MTSI-3.21;60;20210219;230000;32212.0000000;32212.0000000;32211.0000000;32211.0000000;2
SPFB.MTSI-3.21;60;20210220;000000;32258.0000000;32260.0000000;32258.0000000;32260.0000000;12
SPFB.MTSI-3.21;60;20210220;110000;32284.0000000;32305.0000000;32240.0000000;32240.0000000;9
SPFB.MTSI-3.21;60;20210220;130000;32216.0000000;32216.0000000;32209.0000000;32209.0000000;3
SPFB.MTSI-3.21;60;20210220;140000;32215.0000000;32288.0000000;32215.0000000;32288.0000000;25
SPFB.MTSI-3.21;60;20210220;150000;32238.0000000;32240.0000000;32238.0000000;32240.0000000;20
SPFB.MTSI-3.21;60;20210220;160000;32240.0000000;32268.0000000;32240.0000000;32268.0000000;29
SPFB.MTSI-3.21;60;20210220;180000;32393.0000000;32450.0000000;32393.0000000;32410.0000000;12
SPFB.MTSI-3.21;60;20210220;190000;32411.0000000;32436.0000000;32410.0000000;32410.0000000;18
SPFB.MTSI-3.21;60;20210222;110000;32629.0000000;32693.0000000;32040.0000000;32178.0000000;126
SPFB.MTSI-3.21;60;20210222;120000;32194.0000000;32280.0000000;32150.0000000;32251.0000000;26
SPFB.MTSI-3.21;60;20210222;130000;32270.0000000;32270.0000000;32190.0000000;32190.0000000;20
SPFB.MTSI-3.21;60;20210222;140000;32228.0000000;32298.0000000;32228.0000000;32288.0000000;16
SPFB.MTSI-3.21;60;20210222;150000;32281.0000000;32281.0000000;32281.0000000;32281.0000000;1
SPFB.MTSI-3.21;60;20210222;160000;32250.0000000;32250.0000000;32250.0000000;32250.0000000;2
SPFB.MTSI-3.21;60;20210222;180000;32342.0000000;32362.0000000;32190.0000000;32190.0000000;45
SPFB.MTSI-3.21;60;20210222;190000;32180.0000000;32205.0000000;32103.0000000;32103.0000000;38
SPFB.MTSI-3.21;60;20210222;200000;32115.0000000;32166.0000000;32078.0000000;32166.0000000;25
SPFB.MTSI-3.21;60;20210222;210000;32166.0000000;32171.0000000;32120.0000000;32145.0000000;18
SPFB.MTSI-3.21;60;20210222;220000;32167.0000000;32167.0000000;32166.0000000;32166.0000000;4
SPFB.MTSI-3.21;60;20210222;230000;32174.0000000;32192.0000000;32174.0000000;32192.0000000;22
SPFB.MTSI-3.21;60;20210223;000000;32107.0000000;32107.0000000;32107.0000000;32107.0000000;2
SPFB.MTSI-3.21;60;20210224;110000;32101.0000000;32102.0000000;31949.0000000;31962.0000000;219
SPFB.MTSI-3.21;60;20210224;120000;31977.0000000;31983.0000000;31977.0000000;31983.0000000;7
SPFB.MTSI-3.21;60;20210224;130000;32016.0000000;32025.0000000;31990.0000000;31992.0000000;17
SPFB.MTSI-3.21;60;20210224;140000;32027.0000000;32033.0000000;32000.0000000;32006.0000000;34
SPFB.MTSI-3.21;60;20210224;150000;31998.0000000;32073.0000000;31985.0000000;32073.0000000;54
SPFB.MTSI-3.21;60;20210224;160000;32056.0000000;32087.0000000;32010.0000000;32010.0000000;63
SPFB.MTSI-3.21;60;20210224;170000;31995.0000000;32000.0000000;31863.0000000;31863.0000000;190
SPFB.MTSI-3.21;60;20210224;180000;31845.0000000;31875.0000000;31489.0000000;31581.0000000;415
SPFB.MTSI-3.21;60;20210224;190000;31583.0000000;31691.0000000;31520.0000000;31660.0000000;97
SPFB.MTSI-3.21;60;20210224;200000;31701.0000000;31701.0000000;31646.0000000;31646.0000000;116
SPFB.MTSI-3.21;60;20210224;210000;31646.0000000;31646.0000000;31571.0000000;31582.0000000;40
SPFB.MTSI-3.21;60;20210224;220000;31574.0000000;31650.0000000;31571.0000000;31650.0000000;57
SPFB.MTSI-3.21;60;20210224;230000;31671.0000000;31687.0000000;31659.0000000;31667.0000000;78
SPFB.MTSI-3.21;60;20210225;110000;31758.0000000;31857.0000000;31718.0000000;31786.0000000;71
SPFB.MTSI-3.21;60;20210225;120000;31797.0000000;31797.0000000;31669.0000000;31680.0000000;78
SPFB.MTSI-3.21;60;20210225;130000;31659.0000000;31743.0000000;31635.0000000;31743.0000000;28
SPFB.MTSI-3.21;60;20210225;140000;31762.0000000;31837.0000000;31762.0000000;31820.0000000;34
SPFB.MTSI-3.21;60;20210225;150000;31802.0000000;31802.0000000;31761.0000000;31799.0000000;121
SPFB.MTSI-3.21;60;20210225;160000;31791.0000000;31804.0000000;31791.0000000;31804.0000000;4
SPFB.MTSI-3.21;60;20210225;170000;31803.0000000;31807.0000000;31665.0000000;31706.0000000;41
SPFB.MTSI-3.21;60;20210225;180000;31729.0000000;31729.0000000;31476.0000000;31592.0000000;206
SPFB.MTSI-3.21;60;20210225;190000;31656.0000000;31691.0000000;31651.0000000;31676.0000000;25
SPFB.MTSI-3.21;60;20210225;200000;31734.0000000;31767.0000000;31652.0000000;31682.0000000;19
SPFB.MTSI-3.21;60;20210225;210000;31656.0000000;31702.0000000;31652.0000000;31682.0000000;7
SPFB.MTSI-3.21;60;20210225;220000;31677.0000000;31687.0000000;31662.0000000;31662.0000000;10
SPFB.MTSI-3.21;60;20210225;230000;31656.0000000;31686.0000000;31656.0000000;31670.0000000;3
SPFB.MTSI-3.21;60;20210226;000000;31656.0000000;31656.0000000;31591.0000000;31591.0000000;3
SPFB.MTSI-3.21;60;20210226;110000;31512.0000000;31580.0000000;31380.0000000;31559.0000000;172
SPFB.MTSI-3.21;60;20210226;120000;31535.0000000;31633.0000000;31532.0000000;31613.0000000;68
SPFB.MTSI-3.21;60;20210226;130000;31651.0000000;31666.0000000;31485.0000000;31498.0000000;28
SPFB.MTSI-3.21;60;20210226;140000;31494.0000000;31531.0000000;31482.0000000;31482.0000000;26
SPFB.MTSI-3.21;60;20210226;150000;31473.0000000;31571.0000000;31460.0000000;31571.0000000;62
SPFB.MTSI-3.21;60;20210226;160000;31600.0000000;31653.0000000;31592.0000000;31642.0000000;32
SPFB.MTSI-3.21;60;20210226;170000;31587.0000000;31691.0000000;31587.0000000;31691.0000000;14
SPFB.MTSI-3.21;60;20210226;180000;31687.0000000;31712.0000000;31471.0000000;31472.0000000;44
SPFB.MTSI-3.21;60;20210226;190000;31490.0000000;31570.0000000;31490.0000000;31511.0000000;61
SPFB.MTSI-3.21;60;20210226;200000;31530.0000000;31530.0000000;31466.0000000;31475.0000000;119
SPFB.MTSI-3.21;60;20210226;210000;31476.0000000;31523.0000000;31476.0000000;31523.0000000;11
SPFB.MTSI-3.21;60;20210226;220000;31564.0000000;31564.0000000;31475.0000000;31475.0000000;21
SPFB.MTSI-3.21;60;20210226;230000;31477.0000000;31477.0000000;31430.0000000;31430.0000000;31
SPFB.MTSI-3.21;60;20210227;000000;31452.0000000;31453.0000000;31341.0000000;31393.0000000;16
SPFB.MTSI-3.21;60;20210301;080000;31395.0000000;31592.0000000;31395.0000000;31592.0000000;5
SPFB.MTSI-3.21;60;20210301;090000;31592.0000000;31731.0000000;31592.0000000;31731.0000000;4
SPFB.MTSI-3.21;60;20210301;100000;31730.0000000;31731.0000000;31611.0000000;31611.0000000;60
SPFB.MTSI-3.21;60;20210301;110000;31612.0000000;31612.0000000;31480.0000000;31518.0000000;229
SPFB.MTSI-3.21;60;20210301;120000;31542.0000000;31560.0000000;31524.0000000;31559.0000000;43
SPFB.MTSI-3.21;60;20210301;130000;31500.0000000;31500.0000000;31475.0000000;31475.0000000;8
SPFB.MTSI-3.21;60;20210301;140000;31474.0000000;31476.0000000;31459.0000000;31472.0000000;87
SPFB.MTSI-3.21;60;20210301;150000;31470.0000000;31515.0000000;31448.0000000;31500.0000000;55
SPFB.MTSI-3.21;60;20210301;160000;31504.0000000;31506.0000000;31470.0000000;31480.0000000;36
SPFB.MTSI-3.21;60;20210301;170000;31490.0000000;31506.0000000;31464.0000000;31506.0000000;26
SPFB.MTSI-3.21;60;20210301;180000;31506.0000000;31562.0000000;31433.0000000;31463.0000000;67
SPFB.MTSI-3.21;60;20210301;190000;31561.0000000;31570.0000000;31467.0000000;31477.0000000;52
SPFB.MTSI-3.21;60;20210301;200000;31582.0000000;31652.0000000;31582.0000000;31619.0000000;32
SPFB.MTSI-3.21;60;20210301;210000;31614.0000000;31618.0000000;31603.0000000;31617.0000000;28
SPFB.MTSI-3.21;60;20210301;220000;31597.0000000;31619.0000000;31597.0000000;31619.0000000;4
SPFB.MTSI-3.21;60;20210301;230000;31629.0000000;31735.0000000;31629.0000000;31735.0000000;91
SPFB.MTSI-3.21;60;20210302;000000;31735.0000000;31790.0000000;31735.0000000;31779.0000000;47
SPFB.MTSI-3.21;60;20210302;080000;31737.0000000;31737.0000000;31737.0000000;31737.0000000;4
SPFB.MTSI-3.21;60;20210302;090000;31778.0000000;31778.0000000;31778.0000000;31778.0000000;5
SPFB.MTSI-3.21;60;20210302;100000;31737.0000000;31778.0000000;31737.0000000;31778.0000000;41
SPFB.MTSI-3.21;60;20210302;110000;31736.0000000;31750.0000000;31626.0000000;31686.0000000;185
SPFB.MTSI-3.21;60;20210302;120000;31695.0000000;31883.0000000;31695.0000000;31802.0000000;107
SPFB.MTSI-3.21;60;20210302;130000;31791.0000000;31808.0000000;31772.0000000;31772.0000000;27
SPFB.MTSI-3.21;60;20210302;140000;31799.0000000;31800.0000000;31793.0000000;31793.0000000;14
SPFB.MTSI-3.21;60;20210302;150000;31759.0000000;31759.0000000;31645.0000000;31698.0000000;28
SPFB.MTSI-3.21;60;20210302;160000;31748.0000000;31748.0000000;31684.0000000;31684.0000000;9
SPFB.MTSI-3.21;60;20210302;170000;31702.0000000;31704.0000000;31702.0000000;31704.0000000;3
SPFB.MTSI-3.21;60;20210302;180000;31683.0000000;31750.0000000;31670.0000000;31750.0000000;38
SPFB.MTSI-3.21;60;20210302;190000;31780.0000000;31789.0000000;31752.0000000;31789.0000000;8
SPFB.MTSI-3.21;60;20210302;200000;31840.0000000;31855.0000000;31839.0000000;31855.0000000;3
SPFB.MTSI-3.21;60;20210302;210000;31823.0000000;31994.0000000;31818.0000000;31963.0000000;38
SPFB.MTSI-3.21;60;20210302;220000;31988.0000000;31988.0000000;31977.0000000;31980.0000000;25
SPFB.MTSI-3.21;60;20210302;230000;31950.0000000;32019.0000000;31920.0000000;32000.0000000;72
SPFB.MTSI-3.21;60;20210303;000000;32004.0000000;32060.0000000;31973.0000000;32060.0000000;123
SPFB.MTSI-3.21;60;20210303;080000;31901.0000000;31902.0000000;31901.0000000;31902.0000000;3
SPFB.MTSI-3.21;60;20210303;100000;32059.0000000;32060.0000000;32059.0000000;32060.0000000;7
SPFB.MTSI-3.21;60;20210303;110000;31949.0000000;32200.0000000;31949.0000000;32120.0000000;301
SPFB.MTSI-3.21;60;20210303;120000;32121.0000000;32223.0000000;32120.0000000;32197.0000000;54
SPFB.MTSI-3.21;60;20210303;130000;32096.0000000;32096.0000000;32075.0000000;32079.0000000;20
SPFB.MTSI-3.21;60;20210303;140000;32102.0000000;32102.0000000;32006.0000000;32033.0000000;86
SPFB.MTSI-3.21;60;20210303;150000;32030.0000000;32083.0000000;32030.0000000;32070.0000000;93
SPFB.MTSI-3.21;60;20210303;160000;32053.0000000;32080.0000000;32053.0000000;32075.0000000;25
SPFB.MTSI-3.21;60;20210303;170000;32032.0000000;32050.0000000;31838.0000000;31931.0000000;340
SPFB.MTSI-3.21;60;20210303;180000;31931.0000000;31931.0000000;31730.0000000;31800.0000000;198
SPFB.MTSI-3.21;60;20210303;190000;31807.0000000;31979.0000000;31807.0000000;31979.0000000;43
SPFB.MTSI-3.21;60;20210303;200000;31985.0000000;31987.0000000;31985.0000000;31985.0000000;8
SPFB.MTSI-3.21;60;20210303;210000;31917.0000000;31917.0000000;31795.0000000;31795.0000000;16
SPFB.MTSI-3.21;60;20210303;220000;31805.0000000;31844.0000000;31771.0000000;31771.0000000;12
SPFB.MTSI-3.21;60;20210303;230000;31771.0000000;31796.0000000;31750.0000000;31777.0000000;30
SPFB.MTSI-3.21;60;20210304;000000;31790.0000000;31790.0000000;31642.0000000;31700.0000000;50
SPFB.MTSI-3.21;60;20210304;090000;31650.0000000;31949.0000000;31580.0000000;31783.0000000;531
SPFB.MTSI-3.21;60;20210304;100000;31920.0000000;31920.0000000;31783.0000000;31783.0000000;7
SPFB.MTSI-3.21;60;20210304;110000;31749.0000000;31773.0000000;31671.0000000;31748.0000000;90
SPFB.MTSI-3.21;60;20210304;120000;31741.0000000;31741.0000000;31542.0000000;31552.0000000;94
SPFB.MTSI-3.21;60;20210304;130000;31595.0000000;31597.0000000;31492.0000000;31591.0000000;128
SPFB.MTSI-3.21;60;20210304;140000;31627.0000000;31754.0000000;31627.0000000;31744.0000000;45
SPFB.MTSI-3.21;60;20210304;150000;31762.0000000;31763.0000000;31591.0000000;31591.0000000;18
SPFB.MTSI-3.21;60;20210304;160000;31674.0000000;32609.0000000;31674.0000000;32195.0000000;894
SPFB.MTSI-3.21;60;20210304;170000;32168.0000000;32254.0000000;32168.0000000;32240.0000000;67
SPFB.MTSI-3.21;60;20210304;180000;32204.0000000;32247.0000000;32127.0000000;32141.0000000;90
SPFB.MTSI-3.21;60;20210304;190000;32126.0000000;32397.0000000;32126.0000000;32318.0000000;143
SPFB.MTSI-3.21;60;20210304;200000;32357.0000000;32644.0000000;32338.0000000;32450.0000000;229
SPFB.MTSI-3.21;60;20210304;210000;32340.0000000;32340.0000000;32271.0000000;32271.0000000;22
SPFB.MTSI-3.21;60;20210304;220000;32254.0000000;32281.0000000;31780.0000000;31899.0000000;80
SPFB.MTSI-3.21;60;20210304;230000;31900.0000000;32060.0000000;31847.0000000;32033.0000000;191
SPFB.MTSI-3.21;60;20210305;000000;31980.0000000;32024.0000000;31901.0000000;31990.0000000;49
SPFB.MTSI-3.21;60;20210305;080000;32006.0000000;32035.0000000;32006.0000000;32035.0000000;7
SPFB.MTSI-3.21;60;20210305;090000;32035.0000000;32035.0000000;32011.0000000;32011.0000000;25
SPFB.MTSI-3.21;60;20210305;100000;32006.0000000;32036.0000000;32006.0000000;32036.0000000;20
SPFB.MTSI-3.21;60;20210305;110000;32034.0000000;32133.0000000;31962.0000000;32085.0000000;79
SPFB.MTSI-3.21;60;20210305;120000;32019.0000000;32020.0000000;31912.0000000;31912.0000000;11
SPFB.MTSI-3.21;60;20210305;130000;31970.0000000;32018.0000000;31930.0000000;32000.0000000;73
SPFB.MTSI-3.21;60;20210305;140000;32006.0000000;32150.0000000;32004.0000000;32150.0000000;21
SPFB.MTSI-3.21;60;20210305;150000;32077.0000000;32172.0000000;32044.0000000;32118.0000000;32
SPFB.MTSI-3.21;60;20210305;160000;32123.0000000;32198.0000000;32123.0000000;32175.0000000;43
SPFB.MTSI-3.21;60;20210305;170000;32175.0000000;32239.0000000;32165.0000000;32223.0000000;30
SPFB.MTSI-3.21;60;20210305;180000;32257.0000000;32308.0000000;31900.0000000;31935.0000000;183
SPFB.MTSI-3.21;60;20210305;190000;31950.0000000;31950.0000000;31815.0000000;31832.0000000;213
SPFB.MTSI-3.21;60;20210305;200000;31832.0000000;31880.0000000;31832.0000000;31880.0000000;9
SPFB.MTSI-3.21;60;20210305;210000;31952.0000000;32085.0000000;31898.0000000;31898.0000000;7
SPFB.MTSI-3.21;60;20210305;220000;31929.0000000;31929.0000000;31873.0000000;31899.0000000;13
SPFB.MTSI-3.21;60;20210305;230000;31832.0000000;31895.0000000;31832.0000000;31890.0000000;4
SPFB.MTSI-3.21;60;20210306;000000;31905.0000000;31905.0000000;31844.0000000;31899.0000000;38
SPFB.MTSI-3.21;60;20210309;080000;31850.0000000;31850.0000000;31105.0000000;31440.0000000;240
SPFB.MTSI-3.21;60;20210309;090000;31429.0000000;31500.0000000;31429.0000000;31499.0000000;21
SPFB.MTSI-3.21;60;20210309;100000;31499.0000000;31500.0000000;31375.0000000;31467.0000000;28
SPFB.MTSI-3.21;60;20210309;110000;31500.0000000;31796.0000000;31500.0000000;31767.0000000;220
SPFB.MTSI-3.21;60;20210309;120000;31746.0000000;31763.0000000;31590.0000000;31630.0000000;146
SPFB.MTSI-3.21;60;20210309;130000;31610.0000000;31618.0000000;31610.0000000;31618.0000000;4
SPFB.MTSI-3.21;60;20210309;140000;31583.0000000;31710.0000000;31583.0000000;31673.0000000;19
SPFB.MTSI-3.21;60;20210309;150000;31700.0000000;31748.0000000;31689.0000000;31737.0000000;54
SPFB.MTSI-3.21;60;20210309;160000;31710.0000000;31769.0000000;31710.0000000;31769.0000000;35
SPFB.MTSI-3.21;60;20210309;170000;31769.0000000;31781.0000000;31728.0000000;31728.0000000;37
SPFB.MTSI-3.21;60;20210309;180000;31719.0000000;31725.0000000;31540.0000000;31549.0000000;70
SPFB.MTSI-3.21;60;20210309;190000;31546.0000000;31581.0000000;31546.0000000;31569.0000000;8
SPFB.MTSI-3.21;60;20210309;200000;31569.0000000;31577.0000000;31337.0000000;31577.0000000;64
SPFB.MTSI-3.21;60;20210309;210000;31570.0000000;31570.0000000;31515.0000000;31515.0000000;8
SPFB.MTSI-3.21;60;20210309;220000;31500.0000000;31516.0000000;31480.0000000;31480.0000000;16
SPFB.MTSI-3.21;60;20210309;230000;31470.0000000;31479.0000000;31470.0000000;31473.0000000;5
SPFB.MTSI-3.21;60;20210310;000000;31460.0000000;31460.0000000;31450.0000000;31450.0000000;89
SPFB.MTSI-3.21;60;20210310;110000;31523.0000000;31767.0000000;31478.0000000;31767.0000000;86
SPFB.MTSI-3.21;60;20210310;120000;31750.0000000;31777.0000000;31740.0000000;31777.0000000;22
SPFB.MTSI-3.21;60;20210310;130000;31777.0000000;31791.0000000;31777.0000000;31791.0000000;10
SPFB.MTSI-3.21;60;20210310;140000;31725.0000000;31799.0000000;31707.0000000;31799.0000000;103
SPFB.MTSI-3.21;60;20210310;150000;31800.0000000;31801.0000000;31699.0000000;31699.0000000;84
SPFB.MTSI-3.21;60;20210310;160000;31685.0000000;31685.0000000;31620.0000000;31620.0000000;15
SPFB.MTSI-3.21;60;20210310;170000;31650.0000000;31745.0000000;31646.0000000;31745.0000000;15
SPFB.MTSI-3.21;60;20210310;180000;31724.0000000;31752.0000000;31600.0000000;31697.0000000;21
SPFB.MTSI-3.21;60;20210310;190000;31658.0000000;31663.0000000;31527.0000000;31634.0000000;59
SPFB.MTSI-3.21;60;20210310;200000;31450.0000000;31593.0000000;31427.0000000;31500.0000000;52
SPFB.MTSI-3.21;60;20210310;210000;31497.0000000;31512.0000000;31470.0000000;31512.0000000;35
SPFB.MTSI-3.21;60;20210310;220000;31504.0000000;31514.0000000;31456.0000000;31456.0000000;23
SPFB.MTSI-3.21;60;20210310;230000;31525.0000000;31597.0000000;31525.0000000;31597.0000000;26
SPFB.MTSI-3.21;60;20210311;000000;31606.0000000;31606.0000000;31597.0000000;31597.0000000;21
SPFB.MTSI-3.21;60;20210311;100000;31716.0000000;31717.0000000;31710.0000000;31710.0000000;29
SPFB.MTSI-3.21;60;20210311;110000;31696.0000000;31849.0000000;31696.0000000;31799.0000000;43
SPFB.MTSI-3.21;60;20210311;120000;31799.0000000;31845.0000000;31747.0000000;31766.0000000;115
SPFB.MTSI-3.21;60;20210311;130000;31773.0000000;31880.0000000;31773.0000000;31848.0000000;74
SPFB.MTSI-3.21;60;20210311;140000;31885.0000000;31925.0000000;31872.0000000;31900.0000000;70
SPFB.MTSI-3.21;60;20210311;150000;31886.0000000;31920.0000000;31815.0000000;31816.0000000;43
SPFB.MTSI-3.21;60;20210311;160000;31813.0000000;31817.0000000;31802.0000000;31812.0000000;16
SPFB.MTSI-3.21;60;20210311;170000;31816.0000000;31823.0000000;31795.0000000;31809.0000000;58
SPFB.MTSI-3.21;60;20210311;180000;31815.0000000;31866.0000000;31813.0000000;31842.0000000;22
SPFB.MTSI-3.21;60;20210311;190000;31843.0000000;31900.0000000;31843.0000000;31883.0000000;43
SPFB.MTSI-3.21;60;20210311;200000;31898.0000000;31933.0000000;31850.0000000;31850.0000000;117
SPFB.MTSI-3.21;60;20210311;210000;31914.0000000;31960.0000000;31914.0000000;31960.0000000;25
SPFB.MTSI-3.21;60;20210311;220000;31980.0000000;32057.0000000;31980.0000000;32057.0000000;19
SPFB.MTSI-3.21;60;20210311;230000;32056.0000000;32056.0000000;31944.0000000;31944.0000000;4
SPFB.MTSI-3.21;60;20210312;000000;31970.0000000;31970.0000000;31970.0000000;31970.0000000;4
SPFB.MTSI-3.21;60;20210312;090000;31958.0000000;31958.0000000;31950.0000000;31950.0000000;2
SPFB.MTSI-3.21;60;20210312;100000;31911.0000000;32057.0000000;31911.0000000;32057.0000000;7
SPFB.MTSI-3.21;60;20210312;110000;31976.0000000;32087.0000000;31947.0000000;32052.0000000;94
SPFB.MTSI-3.21;60;20210312;120000;32046.0000000;32046.0000000;32021.0000000;32030.0000000;7
SPFB.MTSI-3.21;60;20210312;130000;32001.0000000;32063.0000000;31945.0000000;31986.0000000;29
SPFB.MTSI-3.21;60;20210312;140000;31985.0000000;32010.0000000;31980.0000000;32010.0000000;36
SPFB.MTSI-3.21;60;20210312;150000;32041.0000000;32049.0000000;32041.0000000;32049.0000000;9
SPFB.MTSI-3.21;60;20210312;160000;32049.0000000;32086.0000000;32049.0000000;32086.0000000;49
SPFB.MTSI-3.21;60;20210312;170000;32053.0000000;32135.0000000;32046.0000000;32120.0000000;149
SPFB.MTSI-3.21;60;20210312;180000;32072.0000000;32219.0000000;32045.0000000;32210.0000000;40
SPFB.MTSI-3.21;60;20210312;190000;32243.0000000;32333.0000000;32236.0000000;32274.0000000;208
SPFB.MTSI-3.21;60;20210312;200000;32197.0000000;32197.0000000;32020.0000000;32040.0000000;30
SPFB.MTSI-3.21;60;20210312;210000;32020.0000000;32065.0000000;31951.0000000;31952.0000000;45
SPFB.MTSI-3.21;60;20210312;220000;31931.0000000;32034.0000000;31931.0000000;32034.0000000;10
SPFB.MTSI-3.21;60;20210312;230000;32019.0000000;32019.0000000;32000.0000000;32000.0000000;14
SPFB.MTSI-3.21;60;20210313;000000;32050.0000000;32050.0000000;32050.0000000;32050.0000000;4
SPFB.MTSI-3.21;60;20210315;080000;32050.0000000;32060.0000000;32050.0000000;32060.0000000;12
SPFB.MTSI-3.21;60;20210315;100000;32160.0000000;32160.0000000;32160.0000000;32160.0000000;1
SPFB.MTSI-3.21;60;20210315;110000;32180.0000000;32201.0000000;32060.0000000;32160.0000000;76
SPFB.MTSI-3.21;60;20210315;120000;32180.0000000;32350.0000000;32165.0000000;32350.0000000;95
SPFB.MTSI-3.21;60;20210315;130000;32372.0000000;32372.0000000;32340.0000000;32345.0000000;136
SPFB.MTSI-3.21;60;20210315;140000;32360.0000000;32390.0000000;32329.0000000;32329.0000000;130
SPFB.MTSI-3.21;60;20210315;150000;32293.0000000;32293.0000000;32250.0000000;32266.0000000;33
SPFB.MTSI-3.21;60;20210315;160000;32318.0000000;32365.0000000;32282.0000000;32364.0000000;95
SPFB.MTSI-3.21;60;20210315;170000;32370.0000000;32389.0000000;32151.0000000;32172.0000000;70
SPFB.MTSI-3.21;60;20210315;180000;32076.0000000;32201.0000000;32041.0000000;32201.0000000;224
SPFB.MTSI-3.21;60;20210315;190000;32201.0000000;32201.0000000;32053.0000000;32185.0000000;33
SPFB.MTSI-3.21;60;20210315;200000;32123.0000000;32123.0000000;32056.0000000;32056.0000000;6
SPFB.MTSI-3.21;60;20210315;210000;32105.0000000;32105.0000000;32091.0000000;32091.0000000;9
SPFB.MTSI-3.21;60;20210315;220000;32070.0000000;32110.0000000;32070.0000000;32110.0000000;8
SPFB.MTSI-3.21;60;20210315;230000;32101.0000000;32102.0000000;32101.0000000;32102.0000000;2
SPFB.MTSI-3.21;60;20210316;000000;32130.0000000;32170.0000000;32130.0000000;32165.0000000;33
SPFB.MTSI-3.21;60;20210316;110000;32165.0000000;32240.0000000;32111.0000000;32160.0000000;40
SPFB.MTSI-3.21;60;20210316;120000;32080.0000000;32080.0000000;32000.0000000;32015.0000000;32
SPFB.MTSI-3.21;60;20210316;130000;32030.0000000;32050.0000000;32021.0000000;32040.0000000;45
SPFB.MTSI-3.21;60;20210316;140000;32090.0000000;32120.0000000;32090.0000000;32120.0000000;19
SPFB.MTSI-3.21;60;20210316;150000;32165.0000000;32210.0000000;32165.0000000;32191.0000000;41
SPFB.MTSI-3.21;60;20210316;160000;32200.0000000;32210.0000000;32041.0000000;32099.0000000;284
SPFB.MTSI-3.21;60;20210316;170000;32037.0000000;32134.0000000;31967.0000000;31970.0000000;109
SPFB.MTSI-3.21;60;20210316;180000;31911.0000000;31911.0000000;31865.0000000;31872.0000000;125
SPFB.MTSI-3.21;60;20210316;190000;31928.0000000;31990.0000000;31900.0000000;31989.0000000;133
SPFB.MTSI-3.21;60;20210316;200000;31880.0000000;31880.0000000;31800.0000000;31836.0000000;202
SPFB.MTSI-3.21;60;20210316;210000;31860.0000000;31880.0000000;31827.0000000;31827.0000000;78
SPFB.MTSI-3.21;60;20210316;220000;31822.0000000;31822.0000000;31820.0000000;31820.0000000;45
SPFB.MTSI-3.21;60;20210316;230000;31855.0000000;31855.0000000;31855.0000000;31855.0000000;1
SPFB.MTSI-3.21;60;20210317;000000;31825.0000000;31850.0000000;31802.0000000;31802.0000000;27
SPFB.MTSI-3.21;60;20210317;080000;31802.0000000;31802.0000000;31802.0000000;31802.0000000;4
SPFB.MTSI-3.21;60;20210317;090000;31850.0000000;31880.0000000;31802.0000000;31880.0000000;11
SPFB.MTSI-3.21;60;20210317;100000;31802.0000000;31850.0000000;31802.0000000;31850.0000000;8
SPFB.MTSI-3.21;60;20210317;110000;31874.0000000;31944.0000000;31816.0000000;31930.0000000;277
SPFB.MTSI-3.21;60;20210317;120000;31924.0000000;31990.0000000;31908.0000000;31911.0000000;171
SPFB.MTSI-3.21;60;20210317;130000;31897.0000000;31931.0000000;31858.0000000;31878.0000000;255
SPFB.MTSI-3.21;60;20210317;140000;31863.0000000;31940.0000000;31855.0000000;31887.0000000;160
SPFB.MTSI-3.21;60;20210317;150000;31885.0000000;31967.0000000;31870.0000000;31920.0000000;341
SPFB.MTSI-3.21;60;20210317;160000;31895.0000000;31980.0000000;31859.0000000;31859.0000000;101
SPFB.MTSI-3.21;60;20210317;170000;31910.0000000;31950.0000000;31623.0000000;31680.0000000;349
SPFB.MTSI-3.21;60;20210317;180000;31601.0000000;31644.0000000;31580.0000000;31644.0000000;128
SPFB.MTSI-3.21;60;20210317;190000;31586.0000000;31720.0000000;31563.0000000;31708.0000000;98
SPFB.MTSI-3.21;60;20210317;200000;31750.0000000;31750.0000000;31671.0000000;31695.0000000;81
SPFB.MTSI-3.21;60;20210317;210000;31700.0000000;31755.0000000;31638.0000000;31731.0000000;34
SPFB.MTSI-3.21;60;20210317;220000;31638.0000000;31760.0000000;31638.0000000;31760.0000000;17
SPFB.MTSI-3.21;60;20210317;230000;31760.0000000;31821.0000000;31674.0000000;31821.0000000;53
SPFB.MTSI-3.21;60;20210318;000000;31798.0000000;31799.0000000;31635.0000000;31637.0000000;60
SPFB.MTSI-3.21;60;20210318;080000;31710.0000000;31840.0000000;31650.0000000;31779.0000000;8
SPFB.MTSI-3.21;60;20210318;110000;31821.0000000;31899.0000000;31601.0000000;31803.0000000;206
SPFB.MTSI-3.21;60;20210318;120000;31608.0000000;31851.0000000;31608.0000000;31776.0000000;148
SPFB.MTSI-3.21;60;20210318;130000;31733.0000000;31899.0000000;31603.0000000;31899.0000000;171
SPFB.MTSI-3.21;60;20210318;140000;31850.0000000;31882.0000000;31624.0000000;31862.0000000;56
SPFB.MTSI-3.21;60;20210318;150000;31888.0000000;31888.0000000;31794.0000000;31794.0000000;39
SPFB.MTSI-3.21;60;20210318;160000;31809.0000000;31919.0000000;31779.0000000;31919.0000000;113
SPFB.MTSI-3.21;60;20210318;170000;31899.0000000;31899.0000000;31685.0000000;31853.0000000;52
SPFB.MTSI-3.21;60;20210318;180000;31859.0000000;31859.0000000;31679.0000000;31838.0000000;197
SPFB.MTSI-3.21;60;20210318;190000;31721.0000000;31723.0000000;31400.0000000;31612.0000000;26
