<TICKER>;<PER>;<DATE>;<TIME>;<OPEN>;<HIGH>;<LOW>;<CLOSE>;<VOL>
SPFB.MTSI-6.20;60;20191226;120000;30754.0000000;30754.0000000;30754.0000000;30754.0000000;1
SPFB.MTSI-6.20;60;20200108;190000;31700.0000000;31700.0000000;31700.0000000;31700.0000000;4
SPFB.MTSI-6.20;60;20200109;130000;32300.0000000;32300.0000000;32300.0000000;32300.0000000;1
SPFB.MTSI-6.20;60;20200109;190000;32318.0000000;32436.0000000;32318.0000000;32436.0000000;10
SPFB.MTSI-6.20;60;20200113;120000;32150.0000000;32400.0000000;32150.0000000;32400.0000000;4
SPFB.MTSI-6.20;60;20200121;110000;32502.0000000;32502.0000000;31700.0000000;31700.0000000;4
SPFB.MTSI-6.20;60;20200121;180000;33189.0000000;33190.0000000;33189.0000000;33190.0000000;3
SPFB.MTSI-6.20;60;20200122;110000;33271.0000000;33271.0000000;33270.0000000;33270.0000000;7
SPFB.MTSI-6.20;60;20200123;170000;33418.0000000;33420.0000000;33418.0000000;33420.0000000;4
SPFB.MTSI-6.20;60;20200124;190000;33615.0000000;33615.0000000;33615.0000000;33615.0000000;8
SPFB.MTSI-6.20;60;20200124;200000;32801.0000000;32801.0000000;32801.0000000;32801.0000000;8
SPFB.MTSI-6.20;60;20200203;120000;33116.0000000;33116.0000000;33116.0000000;33116.0000000;2
SPFB.MTSI-6.20;60;20200205;130000;33538.0000000;33538.0000000;33538.0000000;33538.0000000;2
SPFB.MTSI-6.20;60;20200207;160000;33060.0000000;33550.0000000;33030.0000000;33265.0000000;10
SPFB.MTSI-6.20;60;20200212;180000;33871.0000000;33871.0000000;33871.0000000;33871.0000000;1
SPFB.MTSI-6.20;60;20200212;190000;33933.0000000;33933.0000000;33933.0000000;33933.0000000;1
SPFB.MTSI-6.20;60;20200219;110000;34500.0000000;34500.0000000;34500.0000000;34500.0000000;5
SPFB.MTSI-6.20;60;20200219;190000;34737.0000000;34891.0000000;34736.0000000;34872.0000000;22
SPFB.MTSI-6.20;60;20200219;200000;34303.0000000;34303.0000000;34303.0000000;34303.0000000;14
SPFB.MTSI-6.20;60;20200219;210000;35000.0000000;35000.0000000;35000.0000000;35000.0000000;1
SPFB.MTSI-6.20;60;20200219;220000;35000.0000000;35000.0000000;35000.0000000;35000.0000000;5
SPFB.MTSI-6.20;60;20200220;110000;34999.0000000;35200.0000000;34999.0000000;35200.0000000;10
SPFB.MTSI-6.20;60;20200220;120000;34750.0000000;35000.0000000;34750.0000000;35000.0000000;2
SPFB.MTSI-6.20;60;20200220;130000;35250.0000000;35300.0000000;35250.0000000;35300.0000000;3
SPFB.MTSI-6.20;60;20200220;150000;35062.0000000;35062.0000000;35062.0000000;35062.0000000;1
SPFB.MTSI-6.20;60;20200220;170000;35000.0000000;35000.0000000;35000.0000000;35000.0000000;1
SPFB.MTSI-6.20;60;20200221;110000;34750.0000000;34750.0000000;34750.0000000;34750.0000000;2
SPFB.MTSI-6.20;60;20200221;130000;35000.0000000;35000.0000000;35000.0000000;35000.0000000;1
SPFB.MTSI-6.20;60;20200221;170000;35250.0000000;35250.0000000;35250.0000000;35250.0000000;1
SPFB.MTSI-6.20;60;20200221;190000;35102.0000000;35102.0000000;35000.0000000;35000.0000000;5
SPFB.MTSI-6.20;60;20200225;120000;34852.0000000;34852.0000000;34852.0000000;34852.0000000;1
SPFB.MTSI-6.20;60;20200225;160000;34751.0000000;34751.0000000;34500.0000000;34500.0000000;6
SPFB.MTSI-6.20;60;20200226;120000;34026.0000000;34300.0000000;34026.0000000;34300.0000000;24
SPFB.MTSI-6.20;60;20200226;160000;33701.0000000;33701.0000000;33700.0000000;33700.0000000;2
SPFB.MTSI-6.20;60;20200226;180000;34673.0000000;34673.0000000;34673.0000000;34673.0000000;1
SPFB.MTSI-6.20;60;20200227;160000;33706.0000000;33706.0000000;33705.0000000;33705.0000000;3
SPFB.MTSI-6.20;60;20200227;190000;33301.0000000;33301.0000000;33300.0000000;33300.0000000;2
SPFB.MTSI-6.20;60;20200228;110000;32727.0000000;32727.0000000;31500.0000000;31503.0000000;9
SPFB.MTSI-6.20;60;20200228;180000;32200.0000000;32200.0000000;32200.0000000;32200.0000000;1
SPFB.MTSI-6.20;60;20200302;110000;33751.0000000;33751.0000000;33751.0000000;33751.0000000;1
SPFB.MTSI-6.20;60;20200303;110000;33707.0000000;33707.0000000;33707.0000000;33707.0000000;2
SPFB.MTSI-6.20;60;20200305;150000;33503.0000000;33503.0000000;33503.0000000;33503.0000000;4
SPFB.MTSI-6.20;60;20200305;160000;33403.0000000;33403.0000000;33403.0000000;33403.0000000;3
SPFB.MTSI-6.20;60;20200305;170000;33403.0000000;33403.0000000;33403.0000000;33403.0000000;3
SPFB.MTSI-6.20;60;20200306;130000;32500.0000000;32500.0000000;32500.0000000;32500.0000000;1
SPFB.MTSI-6.20;60;20200306;140000;32000.0000000;32000.0000000;32000.0000000;32000.0000000;1
SPFB.MTSI-6.20;60;20200306;150000;32000.0000000;32584.0000000;32000.0000000;32584.0000000;4
SPFB.MTSI-6.20;60;20200306;160000;32000.0000000;32000.0000000;32000.0000000;32000.0000000;2
SPFB.MTSI-6.20;60;20200306;170000;31800.0000000;32500.0000000;31800.0000000;32000.0000000;6
SPFB.MTSI-6.20;60;20200306;180000;32100.0000000;32100.0000000;32100.0000000;32100.0000000;1
SPFB.MTSI-6.20;60;20200306;190000;32670.0000000;32670.0000000;32600.0000000;32600.0000000;2
SPFB.MTSI-6.20;60;20200310;110000;32796.0000000;32796.0000000;29002.0000000;29002.0000000;11
SPFB.MTSI-6.20;60;20200310;130000;30600.0000000;31300.0000000;30600.0000000;31199.0000000;28
SPFB.MTSI-6.20;60;20200310;140000;31200.0000000;32297.0000000;31200.0000000;32295.0000000;7
SPFB.MTSI-6.20;60;20200310;150000;31806.0000000;31999.0000000;31001.0000000;31999.0000000;7
SPFB.MTSI-6.20;60;20200310;170000;31200.0000000;31489.0000000;30500.0000000;30500.0000000;22
SPFB.MTSI-6.20;60;20200310;180000;30794.0000000;32700.0000000;30600.0000000;30600.0000000;5
SPFB.MTSI-6.20;60;20200310;190000;30001.0000000;30001.0000000;30000.0000000;30000.0000000;5
SPFB.MTSI-6.20;60;20200310;200000;30650.0000000;30650.0000000;30650.0000000;30650.0000000;30
SPFB.MTSI-6.20;60;20200311;140000;30100.0000000;30100.0000000;30100.0000000;30100.0000000;11
SPFB.MTSI-6.20;60;20200311;160000;29500.0000000;29500.0000000;29000.0000000;29000.0000000;4
SPFB.MTSI-6.20;60;20200311;170000;29061.0000000;29061.0000000;29000.0000000;29000.0000000;3
SPFB.MTSI-6.20;60;20200311;190000;29935.0000000;29950.0000000;29199.0000000;29199.0000000;9
SPFB.MTSI-6.20;60;20200311;230000;29003.0000000;29003.0000000;29003.0000000;29003.0000000;1
SPFB.MTSI-6.20;60;20200312;130000;28650.0000000;28650.0000000;28500.0000000;28500.0000000;5
SPFB.MTSI-6.20;60;20200312;160000;28900.0000000;28900.0000000;28900.0000000;28900.0000000;1
SPFB.MTSI-6.20;60;20200312;170000;28510.0000000;28774.0000000;28500.0000000;28774.0000000;40
SPFB.MTSI-6.20;60;20200312;180000;28774.0000000;28774.0000000;28303.0000000;28303.0000000;3
SPFB.MTSI-6.20;60;20200312;190000;27828.0000000;27976.0000000;27828.0000000;27976.0000000;2
SPFB.MTSI-6.20;60;20200312;200000;27812.0000000;27813.0000000;27812.0000000;27813.0000000;2
SPFB.MTSI-6.20;60;20200313;000000;27001.0000000;27001.0000000;26000.0000000;26571.0000000;5
SPFB.MTSI-6.20;60;20200313;110000;27850.0000000;28200.0000000;26799.0000000;28200.0000000;21
SPFB.MTSI-6.20;60;20200313;140000;28350.0000000;28350.0000000;28320.0000000;28320.0000000;2
SPFB.MTSI-6.20;60;20200313;160000;28315.0000000;28315.0000000;27900.0000000;27900.0000000;48
SPFB.MTSI-6.20;60;20200313;170000;28589.0000000;31499.0000000;27400.0000000;27545.0000000;60
SPFB.MTSI-6.20;60;20200313;180000;27400.0000000;27440.0000000;27300.0000000;27440.0000000;33
SPFB.MTSI-6.20;60;20200313;200000;25342.0000000;30555.0000000;25342.0000000;27819.0000000;4
SPFB.MTSI-6.20;60;20200313;230000;27250.0000000;27250.0000000;27250.0000000;27250.0000000;1
SPFB.MTSI-6.20;60;20200316;110000;27200.0000000;27500.0000000;26106.0000000;27500.0000000;24
SPFB.MTSI-6.20;60;20200316;120000;27361.0000000;27503.0000000;27361.0000000;27407.0000000;123
SPFB.MTSI-6.20;60;20200316;130000;26600.0000000;26687.0000000;26501.0000000;26501.0000000;12
SPFB.MTSI-6.20;60;20200316;140000;26805.0000000;26805.0000000;26795.0000000;26795.0000000;10
SPFB.MTSI-6.20;60;20200316;150000;26630.0000000;26630.0000000;26500.0000000;26500.0000000;12
SPFB.MTSI-6.20;60;20200316;160000;26400.0000000;26400.0000000;26200.0000000;26300.0000000;15
SPFB.MTSI-6.20;60;20200316;170000;26143.0000000;26669.0000000;26105.0000000;26669.0000000;13
SPFB.MTSI-6.20;60;20200316;180000;26201.0000000;26915.0000000;26201.0000000;26915.0000000;4
SPFB.MTSI-6.20;60;20200316;190000;26726.0000000;26980.0000000;26725.0000000;26980.0000000;3
SPFB.MTSI-6.20;60;20200317;000000;26196.0000000;26196.0000000;25951.0000000;25951.0000000;5
SPFB.MTSI-6.20;60;20200317;110000;26196.0000000;27454.0000000;25952.0000000;27454.0000000;68
SPFB.MTSI-6.20;60;20200317;120000;27050.0000000;27050.0000000;25999.0000000;25999.0000000;117
SPFB.MTSI-6.20;60;20200317;130000;26583.0000000;26598.0000000;26529.0000000;26529.0000000;7
SPFB.MTSI-6.20;60;20200317;140000;26931.0000000;26931.0000000;26195.0000000;26195.0000000;6
SPFB.MTSI-6.20;60;20200317;150000;26999.0000000;27120.0000000;26580.0000000;26580.0000000;7
SPFB.MTSI-6.20;60;20200317;160000;26500.0000000;26640.0000000;26195.0000000;26195.0000000;59
SPFB.MTSI-6.20;60;20200317;170000;26499.0000000;26536.0000000;26070.0000000;26070.0000000;40
SPFB.MTSI-6.20;60;20200317;180000;26029.0000000;26829.0000000;26029.0000000;26829.0000000;53
SPFB.MTSI-6.20;60;20200317;190000;27355.0000000;27355.0000000;26207.0000000;26207.0000000;7
SPFB.MTSI-6.20;60;20200317;220000;27388.0000000;27388.0000000;26500.0000000;26500.0000000;13
SPFB.MTSI-6.20;60;20200318;110000;26282.0000000;26733.0000000;26282.0000000;26733.0000000;4
SPFB.MTSI-6.20;60;20200318;120000;26398.0000000;26398.0000000;26398.0000000;26398.0000000;1
SPFB.MTSI-6.20;60;20200318;130000;26275.0000000;26275.0000000;26272.0000000;26272.0000000;2
SPFB.MTSI-6.20;60;20200318;140000;26258.0000000;26258.0000000;26255.0000000;26255.0000000;16
SPFB.MTSI-6.20;60;20200318;150000;26582.0000000;26582.0000000;26251.0000000;26251.0000000;2
SPFB.MTSI-6.20;60;20200318;160000;26250.0000000;26437.0000000;26168.0000000;26322.0000000;7
SPFB.MTSI-6.20;60;20200318;170000;26302.0000000;26982.0000000;25513.0000000;26982.0000000;59
SPFB.MTSI-6.20;60;20200318;180000;26800.0000000;26800.0000000;26300.0000000;26300.0000000;39
SPFB.MTSI-6.20;60;20200318;190000;26190.0000000;26273.0000000;26190.0000000;26273.0000000;3
SPFB.MTSI-6.20;60;20200318;210000;26592.0000000;26592.0000000;25900.0000000;26590.0000000;15
SPFB.MTSI-6.20;60;20200318;220000;26590.0000000;26592.0000000;26590.0000000;26592.0000000;7
SPFB.MTSI-6.20;60;20200318;230000;26010.0000000;26010.0000000;26000.0000000;26000.0000000;31
SPFB.MTSI-6.20;60;20200319;000000;26010.0000000;26010.0000000;25980.0000000;25980.0000000;2
SPFB.MTSI-6.20;60;20200319;110000;26155.0000000;26450.0000000;25600.0000000;26400.0000000;78
SPFB.MTSI-6.20;60;20200319;120000;26318.0000000;27695.0000000;26318.0000000;26600.0000000;90
SPFB.MTSI-6.20;60;20200319;130000;26688.0000000;26800.0000000;26071.0000000;26760.0000000;17
SPFB.MTSI-6.20;60;20200319;140000;26740.0000000;26945.0000000;26401.0000000;26945.0000000;104
SPFB.MTSI-6.20;60;20200319;150000;26700.0000000;26700.0000000;26400.0000000;26500.0000000;19
SPFB.MTSI-6.20;60;20200319;160000;26820.0000000;26989.0000000;26400.0000000;26989.0000000;24
SPFB.MTSI-6.20;60;20200319;170000;27082.0000000;27102.0000000;26200.0000000;26200.0000000;40
SPFB.MTSI-6.20;60;20200319;180000;26150.0000000;26665.0000000;26050.0000000;26650.0000000;83
SPFB.MTSI-6.20;60;20200319;190000;26580.0000000;27000.0000000;26415.0000000;26800.0000000;59
SPFB.MTSI-6.20;60;20200319;200000;27078.0000000;27078.0000000;27040.0000000;27040.0000000;29
SPFB.MTSI-6.20;60;20200319;210000;27040.0000000;27186.0000000;27040.0000000;27179.0000000;43
SPFB.MTSI-6.20;60;20200319;220000;27180.0000000;27329.0000000;27180.0000000;27327.0000000;7
SPFB.MTSI-6.20;60;20200319;230000;27239.0000000;27300.0000000;27228.0000000;27250.0000000;26
SPFB.MTSI-6.20;60;20200320;000000;27180.0000000;27299.0000000;27180.0000000;27191.0000000;18
SPFB.MTSI-6.20;60;20200320;110000;27801.0000000;28299.0000000;27192.0000000;27970.0000000;205
SPFB.MTSI-6.20;60;20200320;120000;27920.0000000;28370.0000000;27918.0000000;28100.0000000;712
SPFB.MTSI-6.20;60;20200320;130000;28098.0000000;28200.0000000;27945.0000000;28000.0000000;178
SPFB.MTSI-6.20;60;20200320;140000;28000.0000000;28245.0000000;28000.0000000;28020.0000000;88
SPFB.MTSI-6.20;60;20200320;150000;27945.0000000;28020.0000000;27886.0000000;27981.0000000;104
SPFB.MTSI-6.20;60;20200320;160000;28009.0000000;28114.0000000;27882.0000000;28046.0000000;96
SPFB.MTSI-6.20;60;20200320;170000;28033.0000000;28652.0000000;27911.0000000;27980.0000000;561
SPFB.MTSI-6.20;60;20200320;180000;28020.0000000;28173.0000000;27927.0000000;28019.0000000;184
SPFB.MTSI-6.20;60;20200320;190000;27975.0000000;28005.0000000;27738.0000000;27940.0000000;102
SPFB.MTSI-6.20;60;20200320;200000;27870.0000000;28359.0000000;27870.0000000;27870.0000000;11
SPFB.MTSI-6.20;60;20200320;210000;27870.0000000;27870.0000000;27251.0000000;27580.0000000;60
SPFB.MTSI-6.20;60;20200320;220000;27698.0000000;27700.0000000;27600.0000000;27690.0000000;11
SPFB.MTSI-6.20;60;20200320;230000;27600.0000000;27600.0000000;27350.0000000;27350.0000000;100
SPFB.MTSI-6.20;60;20200321;000000;27350.0000000;27450.0000000;27350.0000000;27450.0000000;21
SPFB.MTSI-6.20;60;20200323;110000;27151.0000000;27151.0000000;26533.0000000;26827.0000000;463
SPFB.MTSI-6.20;60;20200323;120000;26971.0000000;27189.0000000;26850.0000000;27046.0000000;106
SPFB.MTSI-6.20;60;20200323;130000;27130.0000000;27312.0000000;27128.0000000;27200.0000000;70
SPFB.MTSI-6.20;60;20200323;140000;27200.0000000;27635.0000000;27200.0000000;27558.0000000;109
SPFB.MTSI-6.20;60;20200323;150000;27486.0000000;27486.0000000;27165.0000000;27320.0000000;65
SPFB.MTSI-6.20;60;20200323;160000;27346.0000000;27595.0000000;27346.0000000;27595.0000000;74
SPFB.MTSI-6.20;60;20200323;170000;27800.0000000;27953.0000000;26500.0000000;26939.0000000;791
SPFB.MTSI-6.20;60;20200323;180000;27002.0000000;27002.0000000;26650.0000000;26670.0000000;272
SPFB.MTSI-6.20;60;20200323;190000;26676.0000000;26688.0000000;26600.0000000;26600.0000000;231
SPFB.MTSI-6.20;60;20200323;200000;26599.0000000;27150.0000000;26599.0000000;27150.0000000;52
SPFB.MTSI-6.20;60;20200323;210000;27150.0000000;27150.0000000;26710.0000000;26710.0000000;7
SPFB.MTSI-6.20;60;20200323;220000;26940.0000000;27064.0000000;26752.0000000;27064.0000000;7
SPFB.MTSI-6.20;60;20200323;230000;27150.0000000;27150.0000000;27034.0000000;27112.0000000;3
SPFB.MTSI-6.20;60;20200324;000000;26811.0000000;27136.0000000;26810.0000000;27136.0000000;5
SPFB.MTSI-6.20;60;20200324;110000;27136.0000000;27664.0000000;27136.0000000;27534.0000000;387
SPFB.MTSI-6.20;60;20200324;120000;27553.0000000;27553.0000000;27426.0000000;27540.0000000;101
SPFB.MTSI-6.20;60;20200324;130000;27527.0000000;27775.0000000;27527.0000000;27708.0000000;191
SPFB.MTSI-6.20;60;20200324;140000;27795.0000000;27950.0000000;27783.0000000;27864.0000000;58
SPFB.MTSI-6.20;60;20200324;150000;27840.0000000;28025.0000000;27839.0000000;27915.0000000;104
SPFB.MTSI-6.20;60;20200324;160000;27954.0000000;27990.0000000;27873.0000000;27990.0000000;65
SPFB.MTSI-6.20;60;20200324;170000;27950.0000000;28047.0000000;27700.0000000;27708.0000000;85
SPFB.MTSI-6.20;60;20200324;180000;27700.0000000;28180.0000000;27594.0000000;28000.0000000;65
SPFB.MTSI-6.20;60;20200324;190000;28084.0000000;28318.0000000;28019.0000000;28180.0000000;163
SPFB.MTSI-6.20;60;20200324;200000;28336.0000000;28350.0000000;27850.0000000;27850.0000000;18
SPFB.MTSI-6.20;60;20200324;210000;27970.0000000;28038.0000000;27851.0000000;27904.0000000;5
SPFB.MTSI-6.20;60;20200324;220000;27889.0000000;27889.0000000;27836.0000000;27850.0000000;19
SPFB.MTSI-6.20;60;20200324;230000;27919.0000000;28071.0000000;27850.0000000;28061.0000000;96
SPFB.MTSI-6.20;60;20200325;000000;28150.0000000;28488.0000000;28150.0000000;28488.0000000;58
SPFB.MTSI-6.20;60;20200325;110000;28700.0000000;28970.0000000;28580.0000000;28886.0000000;310
SPFB.MTSI-6.20;60;20200325;120000;28842.0000000;28842.0000000;28595.0000000;28785.0000000;88
SPFB.MTSI-6.20;60;20200325;130000;28780.0000000;29070.0000000;28485.0000000;28625.0000000;126
SPFB.MTSI-6.20;60;20200325;140000;28625.0000000;28625.0000000;27891.0000000;28099.0000000;469
SPFB.MTSI-6.20;60;20200325;150000;28178.0000000;28178.0000000;27949.0000000;28101.0000000;192
SPFB.MTSI-6.20;60;20200325;160000;27981.0000000;28429.0000000;27981.0000000;28367.0000000;33
SPFB.MTSI-6.20;60;20200325;170000;28228.0000000;28600.0000000;27520.0000000;27753.0000000;557
SPFB.MTSI-6.20;60;20200325;180000;27737.0000000;28025.0000000;27316.0000000;27971.0000000;466
SPFB.MTSI-6.20;60;20200325;190000;28172.0000000;28305.0000000;27949.0000000;28250.0000000;187
SPFB.MTSI-6.20;60;20200325;200000;28246.0000000;28504.0000000;28246.0000000;28500.0000000;34
SPFB.MTSI-6.20;60;20200325;210000;28480.0000000;28500.0000000;28440.0000000;28497.0000000;21
SPFB.MTSI-6.20;60;20200325;220000;28500.0000000;28605.0000000;28500.0000000;28565.0000000;20
SPFB.MTSI-6.20;60;20200325;230000;28597.0000000;28628.0000000;28258.0000000;28289.0000000;52
SPFB.MTSI-6.20;60;20200326;110000;28326.0000000;28326.0000000;27582.0000000;27664.0000000;232
SPFB.MTSI-6.20;60;20200326;120000;27721.0000000;28000.0000000;27697.0000000;28000.0000000;190
SPFB.MTSI-6.20;60;20200326;130000;27987.0000000;28158.0000000;27665.0000000;27778.0000000;94
SPFB.MTSI-6.20;60;20200326;140000;27892.0000000;28028.0000000;27740.0000000;28027.0000000;72
SPFB.MTSI-6.20;60;20200326;150000;28004.0000000;28082.0000000;27901.0000000;27901.0000000;76
SPFB.MTSI-6.20;60;20200326;160000;27900.0000000;28274.0000000;27864.0000000;28274.0000000;115
SPFB.MTSI-6.20;60;20200326;170000;28215.0000000;28770.0000000;28047.0000000;28607.0000000;218
SPFB.MTSI-6.20;60;20200326;180000;28576.0000000;29073.0000000;28430.0000000;28546.0000000;208
SPFB.MTSI-6.20;60;20200326;190000;28590.0000000;28932.0000000;28557.0000000;28932.0000000;76
SPFB.MTSI-6.20;60;20200326;200000;29027.0000000;29027.0000000;28932.0000000;28999.0000000;17
SPFB.MTSI-6.20;60;20200326;210000;28907.0000000;28907.0000000;28826.0000000;28826.0000000;9
SPFB.MTSI-6.20;60;20200326;220000;28999.0000000;29000.0000000;28887.0000000;29000.0000000;22
SPFB.MTSI-6.20;60;20200326;230000;29099.0000000;29100.0000000;29085.0000000;29100.0000000;12
SPFB.MTSI-6.20;60;20200327;000000;28871.0000000;29440.0000000;28871.0000000;29282.0000000;32
SPFB.MTSI-6.20;60;20200327;110000;29180.0000000;29600.0000000;29120.0000000;29261.0000000;228
SPFB.MTSI-6.20;60;20200327;120000;29257.0000000;29293.0000000;28958.0000000;29140.0000000;195
SPFB.MTSI-6.20;60;20200327;130000;29140.0000000;29200.0000000;28970.0000000;29100.0000000;53
SPFB.MTSI-6.20;60;20200327;140000;29055.0000000;29100.0000000;28846.0000000;28980.0000000;103
SPFB.MTSI-6.20;60;20200327;150000;28999.0000000;28999.0000000;28693.0000000;28754.0000000;266
SPFB.MTSI-6.20;60;20200327;160000;28698.0000000;28819.0000000;28642.0000000;28693.0000000;338
SPFB.MTSI-6.20;60;20200327;170000;28678.0000000;29150.0000000;28394.0000000;28952.0000000;453
SPFB.MTSI-6.20;60;20200327;180000;28971.0000000;29356.0000000;28700.0000000;28900.0000000;603
SPFB.MTSI-6.20;60;20200327;190000;28916.0000000;29170.0000000;28868.0000000;28951.0000000;116
SPFB.MTSI-6.20;60;20200327;200000;28965.0000000;28966.0000000;28965.0000000;28966.0000000;2
SPFB.MTSI-6.20;60;20200327;210000;28836.0000000;29300.0000000;28836.0000000;29300.0000000;12
SPFB.MTSI-6.20;60;20200327;220000;29093.0000000;29261.0000000;28820.0000000;29015.0000000;26
SPFB.MTSI-6.20;60;20200327;230000;29091.0000000;29092.0000000;28750.0000000;28750.0000000;31
SPFB.MTSI-6.20;60;20200328;000000;28752.0000000;28760.0000000;28751.0000000;28751.0000000;4
SPFB.MTSI-6.20;60;20200330;110000;28700.0000000;28900.0000000;28248.0000000;28806.0000000;284
SPFB.MTSI-6.20;60;20200330;120000;28779.0000000;28934.0000000;28731.0000000;28800.0000000;91
SPFB.MTSI-6.20;60;20200330;130000;28847.0000000;29000.0000000;28847.0000000;28920.0000000;31
SPFB.MTSI-6.20;60;20200330;140000;29020.0000000;29100.0000000;29015.0000000;29090.0000000;27
SPFB.MTSI-6.20;60;20200330;150000;29079.0000000;29079.0000000;28902.0000000;28960.0000000;10
SPFB.MTSI-6.20;60;20200330;160000;28942.0000000;29072.0000000;28791.0000000;28948.0000000;25
SPFB.MTSI-6.20;60;20200330;170000;28978.0000000;29429.0000000;28978.0000000;29429.0000000;164
SPFB.MTSI-6.20;60;20200330;180000;29400.0000000;29459.0000000;29280.0000000;29320.0000000;88
SPFB.MTSI-6.20;60;20200330;190000;29280.0000000;29479.0000000;29260.0000000;29361.0000000;41
SPFB.MTSI-6.20;60;20200330;200000;29498.0000000;29498.0000000;29010.0000000;29094.0000000;13
SPFB.MTSI-6.20;60;20200330;210000;29108.0000000;29108.0000000;29108.0000000;29108.0000000;1
SPFB.MTSI-6.20;60;20200330;220000;29121.0000000;29332.0000000;29121.0000000;29332.0000000;4
SPFB.MTSI-6.20;60;20200330;230000;29250.0000000;29439.0000000;29250.0000000;29439.0000000;30
SPFB.MTSI-6.20;60;20200331;000000;29497.0000000;30000.0000000;29430.0000000;29750.0000000;20
SPFB.MTSI-6.20;60;20200331;110000;29749.0000000;29779.0000000;29409.0000000;29700.0000000;306
SPFB.MTSI-6.20;60;20200331;120000;29660.0000000;29823.0000000;29601.0000000;29746.0000000;276
SPFB.MTSI-6.20;60;20200331;130000;29800.0000000;29907.0000000;29741.0000000;29741.0000000;89
SPFB.MTSI-6.20;60;20200331;140000;29733.0000000;29759.0000000;29473.0000000;29624.0000000;68
SPFB.MTSI-6.20;60;20200331;150000;29521.0000000;29601.0000000;29300.0000000;29456.0000000;158
SPFB.MTSI-6.20;60;20200331;160000;29315.0000000;29446.0000000;29223.0000000;29446.0000000;233
SPFB.MTSI-6.20;60;20200331;170000;29520.0000000;29599.0000000;29116.0000000;29356.0000000;314
SPFB.MTSI-6.20;60;20200331;180000;29380.0000000;29820.0000000;29380.0000000;29700.0000000;94
SPFB.MTSI-6.20;60;20200331;190000;29580.0000000;29750.0000000;29520.0000000;29749.0000000;54
SPFB.MTSI-6.20;60;20200331;200000;30012.0000000;30030.0000000;29497.0000000;29830.0000000;10
SPFB.MTSI-6.20;60;20200331;220000;29674.0000000;29716.0000000;29671.0000000;29716.0000000;9
SPFB.MTSI-6.20;60;20200331;230000;29722.0000000;29765.0000000;29626.0000000;29740.0000000;23
SPFB.MTSI-6.20;60;20200401;000000;29700.0000000;29700.0000000;29593.0000000;29593.0000000;3
SPFB.MTSI-6.20;60;20200401;110000;29396.0000000;29780.0000000;29382.0000000;29780.0000000;127
SPFB.MTSI-6.20;60;20200401;120000;29700.0000000;29880.0000000;29695.0000000;29780.0000000;81
SPFB.MTSI-6.20;60;20200401;130000;29740.0000000;29800.0000000;29670.0000000;29750.0000000;16
SPFB.MTSI-6.20;60;20200401;140000;29629.0000000;29679.0000000;29629.0000000;29679.0000000;3
SPFB.MTSI-6.20;60;20200401;150000;29614.0000000;29703.0000000;29614.0000000;29703.0000000;4
SPFB.MTSI-6.20;60;20200401;160000;29700.0000000;29700.0000000;29660.0000000;29660.0000000;5
SPFB.MTSI-6.20;60;20200401;170000;29600.0000000;29600.0000000;29405.0000000;29579.0000000;56
SPFB.MTSI-6.20;60;20200401;180000;29470.0000000;29660.0000000;29444.0000000;29600.0000000;44
SPFB.MTSI-6.20;60;20200401;190000;29755.0000000;29756.0000000;29575.0000000;29604.0000000;37
SPFB.MTSI-6.20;60;20200401;200000;29628.0000000;29700.0000000;29628.0000000;29628.0000000;12
SPFB.MTSI-6.20;60;20200401;210000;29679.0000000;29679.0000000;29571.0000000;29624.0000000;10
SPFB.MTSI-6.20;60;20200401;230000;29624.0000000;29624.0000000;29254.0000000;29481.0000000;13
SPFB.MTSI-6.20;60;20200402;000000;29406.0000000;29406.0000000;29399.0000000;29399.0000000;3
SPFB.MTSI-6.20;60;20200402;110000;29652.0000000;30160.0000000;29651.0000000;29860.0000000;282
SPFB.MTSI-6.20;60;20200402;120000;29944.0000000;29950.0000000;29766.0000000;29832.0000000;36
SPFB.MTSI-6.20;60;20200402;130000;29860.0000000;29860.0000000;29677.0000000;29694.0000000;286
SPFB.MTSI-6.20;60;20200402;140000;29694.0000000;29700.0000000;29571.0000000;29571.0000000;51
SPFB.MTSI-6.20;60;20200402;150000;29550.0000000;29675.0000000;29498.0000000;29668.0000000;105
SPFB.MTSI-6.20;60;20200402;160000;29728.0000000;29748.0000000;29728.0000000;29748.0000000;11
SPFB.MTSI-6.20;60;20200402;170000;29690.0000000;29885.0000000;29600.0000000;29660.0000000;118
SPFB.MTSI-6.20;60;20200402;180000;29575.0000000;30020.0000000;29575.0000000;29858.0000000;171
SPFB.MTSI-6.20;60;20200402;190000;29940.0000000;30030.0000000;29694.0000000;29929.0000000;64
SPFB.MTSI-6.20;60;20200402;200000;29997.0000000;30025.0000000;29997.0000000;29997.0000000;62
SPFB.MTSI-6.20;60;20200402;210000;29570.0000000;29570.0000000;29538.0000000;29538.0000000;2
SPFB.MTSI-6.20;60;20200402;220000;29560.0000000;29711.0000000;29550.0000000;29550.0000000;45
SPFB.MTSI-6.20;60;20200402;230000;29601.0000000;29681.0000000;29550.0000000;29551.0000000;20
SPFB.MTSI-6.20;60;20200403;000000;29730.0000000;29758.0000000;29721.0000000;29758.0000000;10
SPFB.MTSI-6.20;60;20200403;110000;29562.0000000;29628.0000000;29444.0000000;29613.0000000;115
SPFB.MTSI-6.20;60;20200403;120000;29608.0000000;29720.0000000;29576.0000000;29694.0000000;109
SPFB.MTSI-6.20;60;20200403;130000;29736.0000000;29799.0000000;29673.0000000;29745.0000000;52
SPFB.MTSI-6.20;60;20200403;140000;29685.0000000;29685.0000000;29620.0000000;29685.0000000;25
SPFB.MTSI-6.20;60;20200403;150000;29712.0000000;29864.0000000;29673.0000000;29864.0000000;66
SPFB.MTSI-6.20;60;20200403;160000;29864.0000000;30175.0000000;29850.0000000;30135.0000000;126
SPFB.MTSI-6.20;60;20200403;170000;30276.0000000;30353.0000000;29726.0000000;29817.0000000;134
SPFB.MTSI-6.20;60;20200403;180000;29799.0000000;29819.0000000;29600.0000000;29819.0000000;125
SPFB.MTSI-6.20;60;20200403;190000;29819.0000000;29819.0000000;29648.0000000;29684.0000000;45
SPFB.MTSI-6.20;60;20200403;200000;29572.0000000;29850.0000000;29567.0000000;29850.0000000;12
SPFB.MTSI-6.20;60;20200403;210000;29739.0000000;29849.0000000;29739.0000000;29739.0000000;26
SPFB.MTSI-6.20;60;20200403;220000;29600.0000000;29600.0000000;29600.0000000;29600.0000000;2
SPFB.MTSI-6.20;60;20200403;230000;29849.0000000;29849.0000000;29849.0000000;29849.0000000;1
SPFB.MTSI-6.20;60;20200404;000000;29601.0000000;29601.0000000;29480.0000000;29480.0000000;9
SPFB.MTSI-6.20;60;20200406;110000;29850.0000000;29900.0000000;29757.0000000;29778.0000000;107
SPFB.MTSI-6.20;60;20200406;120000;29809.0000000;29809.0000000;29619.0000000;29751.0000000;63
SPFB.MTSI-6.20;60;20200406;130000;29757.0000000;29900.0000000;29757.0000000;29800.0000000;136
SPFB.MTSI-6.20;60;20200406;140000;29778.0000000;29900.0000000;29778.0000000;29900.0000000;33
SPFB.MTSI-6.20;60;20200406;150000;29834.0000000;29909.0000000;29736.0000000;29886.0000000;128
SPFB.MTSI-6.20;60;20200406;160000;29888.0000000;30051.0000000;29888.0000000;29940.0000000;175
SPFB.MTSI-6.20;60;20200406;170000;30040.0000000;30343.0000000;29999.0000000;30343.0000000;112
SPFB.MTSI-6.20;60;20200406;180000;30400.0000000;30800.0000000;30387.0000000;30517.0000000;162
SPFB.MTSI-6.20;60;20200406;190000;30517.0000000;30594.0000000;30391.0000000;30594.0000000;87
SPFB.MTSI-6.20;60;20200406;200000;30678.0000000;30800.0000000;30600.0000000;30600.0000000;4
SPFB.MTSI-6.20;60;20200406;220000;30700.0000000;30700.0000000;30700.0000000;30700.0000000;1
SPFB.MTSI-6.20;60;20200406;230000;30699.0000000;30700.0000000;30433.0000000;30600.0000000;51
SPFB.MTSI-6.20;60;20200407;110000;30800.0000000;31260.0000000;30800.0000000;31010.0000000;193
SPFB.MTSI-6.20;60;20200407;120000;31000.0000000;31118.0000000;31000.0000000;31038.0000000;25
SPFB.MTSI-6.20;60;20200407;130000;30994.0000000;30994.0000000;30994.0000000;30994.0000000;3
SPFB.MTSI-6.20;60;20200407;140000;31042.0000000;31127.0000000;31034.0000000;31075.0000000;56
SPFB.MTSI-6.20;60;20200407;150000;31058.0000000;31058.0000000;30875.0000000;30875.0000000;33
SPFB.MTSI-6.20;60;20200407;160000;30860.0000000;30860.0000000;30501.0000000;30653.0000000;46
SPFB.MTSI-6.20;60;20200407;170000;30511.0000000;30870.0000000;30461.0000000;30807.0000000;50
SPFB.MTSI-6.20;60;20200407;180000;30857.0000000;30885.0000000;30539.0000000;30556.0000000;72
SPFB.MTSI-6.20;60;20200407;190000;30542.0000000;30769.0000000;30520.0000000;30600.0000000;57
SPFB.MTSI-6.20;60;20200407;220000;30551.0000000;30551.0000000;30450.0000000;30450.0000000;2
SPFB.MTSI-6.20;60;20200407;230000;30513.0000000;30513.0000000;30150.0000000;30300.0000000;9
SPFB.MTSI-6.20;60;20200408;000000;30330.0000000;30330.0000000;30300.0000000;30300.0000000;2
SPFB.MTSI-6.20;60;20200408;110000;30550.0000000;30998.0000000;30490.0000000;30937.0000000;93
SPFB.MTSI-6.20;60;20200408;120000;30949.0000000;30949.0000000;30728.0000000;30744.0000000;28
SPFB.MTSI-6.20;60;20200408;130000;30668.0000000;30713.0000000;30626.0000000;30713.0000000;19
SPFB.MTSI-6.20;60;20200408;140000;30710.0000000;30710.0000000;30656.0000000;30656.0000000;6
SPFB.MTSI-6.20;60;20200408;150000;30744.0000000;30744.0000000;30744.0000000;30744.0000000;1
SPFB.MTSI-6.20;60;20200408;160000;30752.0000000;30807.0000000;30752.0000000;30807.0000000;3
SPFB.MTSI-6.20;60;20200408;170000;30741.0000000;30845.0000000;30731.0000000;30761.0000000;29
SPFB.MTSI-6.20;60;20200408;180000;30688.0000000;30912.0000000;30618.0000000;30890.0000000;57
SPFB.MTSI-6.20;60;20200408;190000;30910.0000000;30933.0000000;30828.0000000;30920.0000000;14
SPFB.MTSI-6.20;60;20200408;230000;30998.0000000;31000.0000000;30921.0000000;30921.0000000;10
SPFB.MTSI-6.20;60;20200409;000000;30998.0000000;31200.0000000;30810.0000000;30810.0000000;15
SPFB.MTSI-6.20;60;20200409;110000;31200.0000000;31216.0000000;31035.0000000;31035.0000000;47
SPFB.MTSI-6.20;60;20200409;120000;30985.0000000;30985.0000000;30808.0000000;30940.0000000;17
SPFB.MTSI-6.20;60;20200409;130000;30928.0000000;30946.0000000;30885.0000000;30940.0000000;8
SPFB.MTSI-6.20;60;20200409;140000;30968.0000000;30968.0000000;30888.0000000;30962.0000000;14
SPFB.MTSI-6.20;60;20200409;150000;30903.0000000;30954.0000000;30700.0000000;30866.0000000;68
SPFB.MTSI-6.20;60;20200409;160000;30869.0000000;30932.0000000;30794.0000000;30932.0000000;35
SPFB.MTSI-6.20;60;20200409;170000;30971.0000000;31140.0000000;30822.0000000;31140.0000000;77
SPFB.MTSI-6.20;60;20200409;180000;31108.0000000;31140.0000000;30814.0000000;30893.0000000;83
SPFB.MTSI-6.20;60;20200409;190000;30954.0000000;31031.0000000;30780.0000000;30780.0000000;27
SPFB.MTSI-6.20;60;20200409;200000;31090.0000000;31090.0000000;30603.0000000;30603.0000000;3
SPFB.MTSI-6.20;60;20200409;210000;30990.0000000;30990.0000000;30720.0000000;30720.0000000;7
SPFB.MTSI-6.20;60;20200409;220000;30770.0000000;30770.0000000;30770.0000000;30770.0000000;1
SPFB.MTSI-6.20;60;20200409;230000;30730.0000000;30730.0000000;30570.0000000;30570.0000000;20
SPFB.MTSI-6.20;60;20200410;000000;30500.0000000;30500.0000000;30500.0000000;30500.0000000;1
SPFB.MTSI-6.20;60;20200410;110000;30799.0000000;31100.0000000;30502.0000000;30777.0000000;571
SPFB.MTSI-6.20;60;20200410;120000;30766.0000000;30862.0000000;30766.0000000;30810.0000000;42
SPFB.MTSI-6.20;60;20200410;130000;30815.0000000;30815.0000000;30751.0000000;30760.0000000;4
SPFB.MTSI-6.20;60;20200410;140000;30736.0000000;30780.0000000;30736.0000000;30780.0000000;51
SPFB.MTSI-6.20;60;20200410;150000;30841.0000000;30890.0000000;30841.0000000;30890.0000000;5
SPFB.MTSI-6.20;60;20200410;160000;30948.0000000;31010.0000000;30920.0000000;30982.0000000;22
SPFB.MTSI-6.20;60;20200410;170000;30976.0000000;31010.0000000;30975.0000000;31010.0000000;12
SPFB.MTSI-6.20;60;20200410;180000;30934.0000000;31027.0000000;30923.0000000;31027.0000000;16
SPFB.MTSI-6.20;60;20200410;190000;31046.0000000;31200.0000000;30997.0000000;30997.0000000;9
SPFB.MTSI-6.20;60;20200410;210000;30949.0000000;30949.0000000;30949.0000000;30949.0000000;1
SPFB.MTSI-6.20;60;20200413;110000;31046.0000000;31050.0000000;30547.0000000;30600.0000000;100
SPFB.MTSI-6.20;60;20200413;120000;30500.0000000;30597.0000000;30370.0000000;30544.0000000;115
SPFB.MTSI-6.20;60;20200413;130000;30594.0000000;30600.0000000;30539.0000000;30539.0000000;28
SPFB.MTSI-6.20;60;20200413;140000;30534.0000000;30591.0000000;30534.0000000;30577.0000000;30
SPFB.MTSI-6.20;60;20200413;150000;30621.0000000;30630.0000000;30621.0000000;30630.0000000;4
SPFB.MTSI-6.20;60;20200413;160000;30614.0000000;30614.0000000;30614.0000000;30614.0000000;2
SPFB.MTSI-6.20;60;20200413;170000;30585.0000000;30585.0000000;30465.0000000;30509.0000000;19
SPFB.MTSI-6.20;60;20200413;180000;30616.0000000;30733.0000000;30602.0000000;30733.0000000;23
SPFB.MTSI-6.20;60;20200413;190000;30745.0000000;30838.0000000;30745.0000000;30798.0000000;20
SPFB.MTSI-6.20;60;20200413;200000;30839.0000000;30839.0000000;30839.0000000;30839.0000000;1
SPFB.MTSI-6.20;60;20200413;210000;30418.0000000;30418.0000000;30362.0000000;30370.0000000;10
SPFB.MTSI-6.20;60;20200413;230000;30844.0000000;30845.0000000;30844.0000000;30845.0000000;4
SPFB.MTSI-6.20;60;20200414;000000;30586.0000000;30586.0000000;30535.0000000;30535.0000000;5
SPFB.MTSI-6.20;60;20200414;110000;30900.0000000;31031.0000000;30835.0000000;30859.0000000;62
SPFB.MTSI-6.20;60;20200414;120000;30878.0000000;30954.0000000;30756.0000000;30940.0000000;44
SPFB.MTSI-6.20;60;20200414;130000;30940.0000000;31000.0000000;30933.0000000;30933.0000000;25
SPFB.MTSI-6.20;60;20200414;140000;30878.0000000;30995.0000000;30875.0000000;30930.0000000;18
SPFB.MTSI-6.20;60;20200414;150000;30962.0000000;30962.0000000;30915.0000000;30932.0000000;9
SPFB.MTSI-6.20;60;20200414;160000;30918.0000000;30979.0000000;30918.0000000;30971.0000000;40
SPFB.MTSI-6.20;60;20200414;170000;31055.0000000;31100.0000000;30994.0000000;31016.0000000;71
SPFB.MTSI-6.20;60;20200414;180000;30989.0000000;31150.0000000;30989.0000000;31150.0000000;47
SPFB.MTSI-6.20;60;20200414;190000;31171.0000000;31242.0000000;31059.0000000;31242.0000000;22
SPFB.MTSI-6.20;60;20200414;200000;31241.0000000;31241.0000000;31241.0000000;31241.0000000;5
SPFB.MTSI-6.20;60;20200414;210000;31258.0000000;31258.0000000;31249.0000000;31249.0000000;4
SPFB.MTSI-6.20;60;20200414;220000;31116.0000000;31116.0000000;31103.0000000;31103.0000000;2
SPFB.MTSI-6.20;60;20200414;230000;31066.0000000;31066.0000000;31032.0000000;31032.0000000;6
SPFB.MTSI-6.20;60;20200415;000000;31049.0000000;31049.0000000;31045.0000000;31045.0000000;2
SPFB.MTSI-6.20;60;20200415;110000;31038.0000000;31108.0000000;30722.0000000;30782.0000000;116
SPFB.MTSI-6.20;60;20200415;120000;30746.0000000;30765.0000000;30466.0000000;30690.0000000;76
SPFB.MTSI-6.20;60;20200415;130000;30586.0000000;30586.0000000;30141.0000000;30316.0000000;141
SPFB.MTSI-6.20;60;20200415;140000;30271.0000000;30520.0000000;30271.0000000;30520.0000000;25
SPFB.MTSI-6.20;60;20200415;150000;30601.0000000;30614.0000000;30471.0000000;30473.0000000;20
SPFB.MTSI-6.20;60;20200415;160000;30470.0000000;30492.0000000;30073.0000000;30132.0000000;66
SPFB.MTSI-6.20;60;20200415;170000;30087.0000000;30438.0000000;30087.0000000;30303.0000000;53
SPFB.MTSI-6.20;60;20200415;180000;30299.0000000;30299.0000000;30162.0000000;30228.0000000;4
SPFB.MTSI-6.20;60;20200415;190000;30293.0000000;30390.0000000;30293.0000000;30302.0000000;28
SPFB.MTSI-6.20;60;20200415;230000;30422.0000000;30434.0000000;30422.0000000;30434.0000000;3
SPFB.MTSI-6.20;60;20200416;110000;30438.0000000;30541.0000000;29964.0000000;30485.0000000;94
SPFB.MTSI-6.20;60;20200416;120000;30690.0000000;30731.0000000;30538.0000000;30580.0000000;43
SPFB.MTSI-6.20;60;20200416;130000;30543.0000000;30587.0000000;30543.0000000;30587.0000000;3
SPFB.MTSI-6.20;60;20200416;140000;30668.0000000;30668.0000000;30510.0000000;30516.0000000;40
SPFB.MTSI-6.20;60;20200416;150000;30500.0000000;30729.0000000;30467.0000000;30728.0000000;47
SPFB.MTSI-6.20;60;20200416;160000;30730.0000000;30881.0000000;30730.0000000;30767.0000000;19
SPFB.MTSI-6.20;60;20200416;170000;30825.0000000;30825.0000000;30443.0000000;30451.0000000;36
SPFB.MTSI-6.20;60;20200416;180000;30404.0000000;30646.0000000;30404.0000000;30624.0000000;27
SPFB.MTSI-6.20;60;20200416;190000;30542.0000000;30542.0000000;30426.0000000;30491.0000000;40
SPFB.MTSI-6.20;60;20200416;200000;30301.0000000;30400.0000000;30301.0000000;30324.0000000;6
SPFB.MTSI-6.20;60;20200416;220000;30324.0000000;30324.0000000;30300.0000000;30300.0000000;3
SPFB.MTSI-6.20;60;20200416;230000;30320.0000000;30320.0000000;30300.0000000;30300.0000000;2
SPFB.MTSI-6.20;60;20200417;000000;30412.0000000;30412.0000000;30412.0000000;30412.0000000;4
SPFB.MTSI-6.20;60;20200417;110000;30550.0000000;30918.0000000;30487.0000000;30686.0000000;112
SPFB.MTSI-6.20;60;20200417;120000;30604.0000000;30668.0000000;30604.0000000;30647.0000000;4
SPFB.MTSI-6.20;60;20200417;130000;30646.0000000;30942.0000000;30573.0000000;30888.0000000;37
SPFB.MTSI-6.20;60;20200417;140000;30900.0000000;30978.0000000;30850.0000000;30969.0000000;85
SPFB.MTSI-6.20;60;20200417;150000;30979.0000000;30998.0000000;30838.0000000;30838.0000000;23
SPFB.MTSI-6.20;60;20200417;160000;30904.0000000;30904.0000000;30829.0000000;30842.0000000;38
SPFB.MTSI-6.20;60;20200417;170000;30848.0000000;30849.0000000;30602.0000000;30602.0000000;62
SPFB.MTSI-6.20;60;20200417;180000;30668.0000000;30780.0000000;30550.0000000;30646.0000000;51
SPFB.MTSI-6.20;60;20200417;190000;30626.0000000;30712.0000000;30611.0000000;30689.0000000;21
SPFB.MTSI-6.20;60;20200417;200000;30600.0000000;30600.0000000;30600.0000000;30600.0000000;1
SPFB.MTSI-6.20;60;20200417;230000;30800.0000000;30800.0000000;30654.0000000;30654.0000000;2
SPFB.MTSI-6.20;60;20200418;000000;30705.0000000;30800.0000000;30705.0000000;30750.0000000;7
SPFB.MTSI-6.20;60;20200420;110000;30515.0000000;30734.0000000;30427.0000000;30690.0000000;66
SPFB.MTSI-6.20;60;20200420;120000;30738.0000000;30780.0000000;30625.0000000;30625.0000000;29
SPFB.MTSI-6.20;60;20200420;130000;30800.0000000;30800.0000000;30750.0000000;30750.0000000;8
SPFB.MTSI-6.20;60;20200420;140000;30734.0000000;30734.0000000;30734.0000000;30734.0000000;2
SPFB.MTSI-6.20;60;20200420;150000;30928.0000000;30928.0000000;30670.0000000;30670.0000000;24
SPFB.MTSI-6.20;60;20200420;160000;30663.0000000;30778.0000000;30663.0000000;30778.0000000;2
SPFB.MTSI-6.20;60;20200420;170000;30580.0000000;30646.0000000;30470.0000000;30632.0000000;26
SPFB.MTSI-6.20;60;20200420;180000;30626.0000000;30735.0000000;30626.0000000;30735.0000000;6
SPFB.MTSI-6.20;60;20200420;190000;30735.0000000;30796.0000000;30712.0000000;30794.0000000;13
SPFB.MTSI-6.20;60;20200420;220000;30794.0000000;30794.0000000;30794.0000000;30794.0000000;2
SPFB.MTSI-6.20;60;20200420;230000;30590.0000000;30590.0000000;30590.0000000;30590.0000000;1
SPFB.MTSI-6.20;60;20200421;000000;30580.0000000;30580.0000000;30500.0000000;30500.0000000;12
SPFB.MTSI-6.20;60;20200421;110000;30400.0000000;30488.0000000;30286.0000000;30437.0000000;155
SPFB.MTSI-6.20;60;20200421;120000;30439.0000000;30500.0000000;30431.0000000;30460.0000000;61
SPFB.MTSI-6.20;60;20200421;130000;30456.0000000;30465.0000000;29942.0000000;30219.0000000;155
SPFB.MTSI-6.20;60;20200421;140000;30262.0000000;30270.0000000;30136.0000000;30162.0000000;29
SPFB.MTSI-6.20;60;20200421;150000;30130.0000000;30140.0000000;30001.0000000;30012.0000000;32
SPFB.MTSI-6.20;60;20200421;160000;30001.0000000;30011.0000000;29480.0000000;29524.0000000;102
SPFB.MTSI-6.20;60;20200421;170000;29546.0000000;30158.0000000;29502.0000000;29986.0000000;224
SPFB.MTSI-6.20;60;20200421;180000;30044.0000000;30248.0000000;29986.0000000;30083.0000000;140
SPFB.MTSI-6.20;60;20200421;190000;30052.0000000;30200.0000000;30052.0000000;30195.0000000;17
SPFB.MTSI-6.20;60;20200421;200000;30100.0000000;30100.0000000;30100.0000000;30100.0000000;2
SPFB.MTSI-6.20;60;20200421;210000;30100.0000000;30101.0000000;29999.0000000;30000.0000000;32
SPFB.MTSI-6.20;60;20200422;000000;30000.0000000;30000.0000000;30000.0000000;30000.0000000;1
SPFB.MTSI-6.20;60;20200422;110000;30198.0000000;30573.0000000;30177.0000000;30551.0000000;202
SPFB.MTSI-6.20;60;20200422;120000;30550.0000000;30650.0000000;30550.0000000;30650.0000000;60
SPFB.MTSI-6.20;60;20200422;130000;30700.0000000;31043.0000000;30680.0000000;31043.0000000;83
SPFB.MTSI-6.20;60;20200422;140000;31003.0000000;31051.0000000;30912.0000000;30951.0000000;30
SPFB.MTSI-6.20;60;20200422;150000;31021.0000000;31021.0000000;30985.0000000;30985.0000000;2
SPFB.MTSI-6.20;60;20200422;160000;31078.0000000;31284.0000000;31078.0000000;31270.0000000;34
SPFB.MTSI-6.20;60;20200422;170000;31240.0000000;31300.0000000;30662.0000000;30890.0000000;97
SPFB.MTSI-6.20;60;20200422;180000;30786.0000000;31248.0000000;30744.0000000;31038.0000000;36
SPFB.MTSI-6.20;60;20200422;190000;31059.0000000;31270.0000000;31030.0000000;31030.0000000;59
SPFB.MTSI-6.20;60;20200422;200000;31322.0000000;31322.0000000;31054.0000000;31058.0000000;15
SPFB.MTSI-6.20;60;20200422;220000;31217.0000000;31220.0000000;31217.0000000;31220.0000000;2
SPFB.MTSI-6.20;60;20200422;230000;31239.0000000;31239.0000000;31239.0000000;31239.0000000;2
SPFB.MTSI-6.20;60;20200423;000000;31299.0000000;31299.0000000;31297.0000000;31298.0000000;7
SPFB.MTSI-6.20;60;20200423;110000;31304.0000000;31304.0000000;30780.0000000;30780.0000000;177
SPFB.MTSI-6.20;60;20200423;120000;30767.0000000;30954.0000000;30750.0000000;30954.0000000;34
SPFB.MTSI-6.20;60;20200423;130000;30997.0000000;31160.0000000;30997.0000000;31141.0000000;45
SPFB.MTSI-6.20;60;20200423;140000;31033.0000000;31146.0000000;31021.0000000;31146.0000000;5
SPFB.MTSI-6.20;60;20200423;150000;31159.0000000;31196.0000000;31073.0000000;31073.0000000;17
SPFB.MTSI-6.20;60;20200423;160000;31161.0000000;31261.0000000;31161.0000000;31218.0000000;27
SPFB.MTSI-6.20;60;20200423;170000;31196.0000000;31437.0000000;31169.0000000;31328.0000000;82
SPFB.MTSI-6.20;60;20200423;180000;31412.0000000;31450.0000000;31373.0000000;31373.0000000;10
SPFB.MTSI-6.20;60;20200423;190000;31400.0000000;31440.0000000;31291.0000000;31440.0000000;40
SPFB.MTSI-6.20;60;20200423;200000;31498.0000000;31498.0000000;31314.0000000;31319.0000000;6
SPFB.MTSI-6.20;60;20200423;220000;31373.0000000;31373.0000000;31254.0000000;31254.0000000;5
SPFB.MTSI-6.20;60;20200423;230000;31470.0000000;31470.0000000;31470.0000000;31470.0000000;1
SPFB.MTSI-6.20;60;20200424;000000;31342.0000000;31342.0000000;31342.0000000;31342.0000000;10
SPFB.MTSI-6.20;60;20200424;110000;31289.0000000;31289.0000000;31095.0000000;31200.0000000;59
SPFB.MTSI-6.20;60;20200424;120000;31119.0000000;31119.0000000;30900.0000000;30994.0000000;42
SPFB.MTSI-6.20;60;20200424;130000;31100.0000000;31342.0000000;31100.0000000;31310.0000000;42
SPFB.MTSI-6.20;60;20200424;140000;31309.0000000;31370.0000000;31280.0000000;31370.0000000;12
SPFB.MTSI-6.20;60;20200424;150000;31450.0000000;31473.0000000;31430.0000000;31430.0000000;12
SPFB.MTSI-6.20;60;20200424;160000;31404.0000000;31404.0000000;31400.0000000;31400.0000000;15
SPFB.MTSI-6.20;60;20200424;170000;31370.0000000;31370.0000000;31000.0000000;31000.0000000;13
SPFB.MTSI-6.20;60;20200424;180000;30994.0000000;30994.0000000;30725.0000000;30800.0000000;102
SPFB.MTSI-6.20;60;20200424;190000;30774.0000000;30800.0000000;30702.0000000;30702.0000000;75
SPFB.MTSI-6.20;60;20200424;200000;30701.0000000;30701.0000000;30700.0000000;30700.0000000;2
SPFB.MTSI-6.20;60;20200424;210000;30708.0000000;30714.0000000;30708.0000000;30714.0000000;5
SPFB.MTSI-6.20;60;20200424;220000;30720.0000000;30809.0000000;30720.0000000;30809.0000000;11
SPFB.MTSI-6.20;60;20200425;000000;30722.0000000;30722.0000000;30722.0000000;30722.0000000;2
SPFB.MTSI-6.20;60;20200427;110000;31011.0000000;31030.0000000;30889.0000000;30981.0000000;58
SPFB.MTSI-6.20;60;20200427;120000;31024.0000000;31259.0000000;31010.0000000;31219.0000000;74
SPFB.MTSI-6.20;60;20200427;130000;31212.0000000;31223.0000000;31203.0000000;31203.0000000;3
SPFB.MTSI-6.20;60;20200427;140000;31152.0000000;31152.0000000;31043.0000000;31073.0000000;9
SPFB.MTSI-6.20;60;20200427;150000;31100.0000000;31160.0000000;31100.0000000;31160.0000000;6
SPFB.MTSI-6.20;60;20200427;160000;31050.0000000;31085.0000000;31018.0000000;31064.0000000;8
SPFB.MTSI-6.20;60;20200427;170000;31000.0000000;31000.0000000;30844.0000000;30844.0000000;68
SPFB.MTSI-6.20;60;20200427;180000;30932.0000000;31130.0000000;30932.0000000;31100.0000000;27
SPFB.MTSI-6.20;60;20200427;190000;31118.0000000;31118.0000000;31042.0000000;31110.0000000;14
SPFB.MTSI-6.20;60;20200427;220000;31110.0000000;31260.0000000;31110.0000000;31260.0000000;6
SPFB.MTSI-6.20;60;20200427;230000;31260.0000000;31260.0000000;31260.0000000;31260.0000000;1
SPFB.MTSI-6.20;60;20200428;110000;31100.0000000;31143.0000000;30954.0000000;31143.0000000;43
SPFB.MTSI-6.20;60;20200428;120000;31142.0000000;31341.0000000;31142.0000000;31300.0000000;30
SPFB.MTSI-6.20;60;20200428;130000;31450.0000000;31913.0000000;31450.0000000;31835.0000000;123
SPFB.MTSI-6.20;60;20200428;140000;31806.0000000;31920.0000000;31771.0000000;31870.0000000;71
SPFB.MTSI-6.20;60;20200428;150000;31884.0000000;31890.0000000;31849.0000000;31849.0000000;45
SPFB.MTSI-6.20;60;20200428;160000;31872.0000000;31920.0000000;31844.0000000;31844.0000000;16
SPFB.MTSI-6.20;60;20200428;170000;31770.0000000;31770.0000000;31753.0000000;31753.0000000;11
SPFB.MTSI-6.20;60;20200428;180000;31757.0000000;31757.0000000;31451.0000000;31451.0000000;29
SPFB.MTSI-6.20;60;20200428;190000;31418.0000000;31511.0000000;31403.0000000;31439.0000000;36
SPFB.MTSI-6.20;60;20200428;200000;31425.0000000;31441.0000000;31425.0000000;31441.0000000;3
SPFB.MTSI-6.20;60;20200428;210000;31570.0000000;31690.0000000;31570.0000000;31658.0000000;9
SPFB.MTSI-6.20;60;20200428;220000;31478.0000000;31478.0000000;31472.0000000;31472.0000000;5
SPFB.MTSI-6.20;60;20200428;230000;31475.0000000;31475.0000000;31431.0000000;31431.0000000;16
SPFB.MTSI-6.20;60;20200429;000000;31496.0000000;31496.0000000;31311.0000000;31311.0000000;5
SPFB.MTSI-6.20;60;20200429;110000;31477.0000000;31676.0000000;31395.0000000;31676.0000000;69
SPFB.MTSI-6.20;60;20200429;120000;31676.0000000;31725.0000000;31625.0000000;31725.0000000;8
SPFB.MTSI-6.20;60;20200429;130000;31855.0000000;32009.0000000;31855.0000000;32009.0000000;84
SPFB.MTSI-6.20;60;20200429;140000;31975.0000000;32050.0000000;31965.0000000;32050.0000000;42
SPFB.MTSI-6.20;60;20200429;150000;32026.0000000;32037.0000000;31965.0000000;31965.0000000;34
SPFB.MTSI-6.20;60;20200429;160000;31982.0000000;32185.0000000;31982.0000000;32185.0000000;45
SPFB.MTSI-6.20;60;20200429;170000;32142.0000000;32397.0000000;32110.0000000;32303.0000000;26
SPFB.MTSI-6.20;60;20200429;180000;32256.0000000;32256.0000000;32077.0000000;32077.0000000;12
SPFB.MTSI-6.20;60;20200429;190000;32039.0000000;32060.0000000;32022.0000000;32023.0000000;5
SPFB.MTSI-6.20;60;20200429;200000;32240.0000000;32246.0000000;32234.0000000;32234.0000000;3
SPFB.MTSI-6.20;60;20200430;110000;32255.0000000;32413.0000000;32078.0000000;32094.0000000;108
SPFB.MTSI-6.20;60;20200430;120000;32018.0000000;32040.0000000;31960.0000000;32000.0000000;20
SPFB.MTSI-6.20;60;20200430;130000;32200.0000000;32200.0000000;32200.0000000;32200.0000000;2
SPFB.MTSI-6.20;60;20200430;140000;32210.0000000;32210.0000000;31954.0000000;31954.0000000;8
SPFB.MTSI-6.20;60;20200430;150000;32008.0000000;32009.0000000;31806.0000000;31975.0000000;74
SPFB.MTSI-6.20;60;20200430;160000;31895.0000000;32065.0000000;31895.0000000;32013.0000000;43
SPFB.MTSI-6.20;60;20200430;170000;32008.0000000;32008.0000000;31965.0000000;31994.0000000;28
SPFB.MTSI-6.20;60;20200430;180000;32078.0000000;32078.0000000;31969.0000000;31969.0000000;38
SPFB.MTSI-6.20;60;20200430;190000;31988.0000000;32070.0000000;31988.0000000;32070.0000000;5
SPFB.MTSI-6.20;60;20200430;200000;31897.0000000;31897.0000000;31897.0000000;31897.0000000;1
SPFB.MTSI-6.20;60;20200430;210000;31702.0000000;31944.0000000;31649.0000000;31944.0000000;14
SPFB.MTSI-6.20;60;20200430;220000;31857.0000000;31857.0000000;31601.0000000;31857.0000000;6
SPFB.MTSI-6.20;60;20200501;000000;32209.0000000;32209.0000000;31898.0000000;31898.0000000;4
SPFB.MTSI-6.20;60;20200504;110000;31611.0000000;31658.0000000;31383.0000000;31601.0000000;81
SPFB.MTSI-6.20;60;20200504;120000;31600.0000000;31600.0000000;31410.0000000;31470.0000000;41
SPFB.MTSI-6.20;60;20200504;130000;31523.0000000;31591.0000000;31523.0000000;31591.0000000;3
SPFB.MTSI-6.20;60;20200504;140000;31530.0000000;31625.0000000;31530.0000000;31550.0000000;25
SPFB.MTSI-6.20;60;20200504;150000;31611.0000000;31611.0000000;31611.0000000;31611.0000000;1
SPFB.MTSI-6.20;60;20200504;160000;31636.0000000;31670.0000000;31636.0000000;31636.0000000;21
SPFB.MTSI-6.20;60;20200504;170000;31636.0000000;31753.0000000;31596.0000000;31698.0000000;14
SPFB.MTSI-6.20;60;20200504;180000;31737.0000000;31827.0000000;31705.0000000;31799.0000000;36
SPFB.MTSI-6.20;60;20200504;190000;31758.0000000;31798.0000000;31720.0000000;31752.0000000;14
SPFB.MTSI-6.20;60;20200504;200000;32099.0000000;32099.0000000;32090.0000000;32090.0000000;3
SPFB.MTSI-6.20;60;20200504;220000;31735.0000000;31735.0000000;31735.0000000;31735.0000000;1
SPFB.MTSI-6.20;60;20200505;000000;31850.0000000;31850.0000000;31850.0000000;31850.0000000;2
SPFB.MTSI-6.20;60;20200505;110000;31970.0000000;32023.0000000;31915.0000000;32000.0000000;24
SPFB.MTSI-6.20;60;20200505;120000;32000.0000000;32050.0000000;31799.0000000;31799.0000000;20
SPFB.MTSI-6.20;60;20200505;130000;31891.0000000;31891.0000000;31883.0000000;31883.0000000;3
SPFB.MTSI-6.20;60;20200505;140000;31878.0000000;31878.0000000;31873.0000000;31873.0000000;9
SPFB.MTSI-6.20;60;20200505;160000;31878.0000000;32017.0000000;31878.0000000;32017.0000000;2
SPFB.MTSI-6.20;60;20200505;170000;32100.0000000;32154.0000000;32028.0000000;32154.0000000;27
SPFB.MTSI-6.20;60;20200505;180000;32082.0000000;32135.0000000;31994.0000000;31994.0000000;12
SPFB.MTSI-6.20;60;20200505;190000;32051.0000000;32060.0000000;31974.0000000;31974.0000000;11
SPFB.MTSI-6.20;60;20200505;200000;31910.0000000;31910.0000000;31910.0000000;31910.0000000;1
SPFB.MTSI-6.20;60;20200505;220000;31948.0000000;31948.0000000;31948.0000000;31948.0000000;10
SPFB.MTSI-6.20;60;20200505;230000;31989.0000000;31989.0000000;31932.0000000;31932.0000000;2
SPFB.MTSI-6.20;60;20200506;000000;31973.0000000;31973.0000000;31911.0000000;31911.0000000;3
SPFB.MTSI-6.20;60;20200506;110000;32110.0000000;32110.0000000;31895.0000000;31895.0000000;39
SPFB.MTSI-6.20;60;20200506;120000;31899.0000000;31900.0000000;31879.0000000;31879.0000000;7
SPFB.MTSI-6.20;60;20200506;130000;32118.0000000;32150.0000000;32118.0000000;32150.0000000;5
SPFB.MTSI-6.20;60;20200506;140000;32207.0000000;32237.0000000;32184.0000000;32184.0000000;20
SPFB.MTSI-6.20;60;20200506;150000;32184.0000000;32184.0000000;31972.0000000;31974.0000000;64
SPFB.MTSI-6.20;60;20200506;160000;31965.0000000;32075.0000000;31965.0000000;32075.0000000;2
SPFB.MTSI-6.20;60;20200506;170000;32020.0000000;32072.0000000;31940.0000000;31940.0000000;5
SPFB.MTSI-6.20;60;20200506;180000;31928.0000000;31968.0000000;31841.0000000;31896.0000000;19
SPFB.MTSI-6.20;60;20200506;190000;31949.0000000;31949.0000000;31848.0000000;31868.0000000;27
SPFB.MTSI-6.20;60;20200506;210000;31931.0000000;32054.0000000;31931.0000000;32054.0000000;5
SPFB.MTSI-6.20;60;20200506;220000;32017.0000000;32060.0000000;32017.0000000;32060.0000000;3
SPFB.MTSI-6.20;60;20200507;000000;31833.0000000;31833.0000000;31833.0000000;31833.0000000;1
SPFB.MTSI-6.20;60;20200507;110000;32005.0000000;32005.0000000;31911.0000000;32001.0000000;81
SPFB.MTSI-6.20;60;20200507;140000;32100.0000000;32153.0000000;32100.0000000;32153.0000000;13
SPFB.MTSI-6.20;60;20200507;150000;32137.0000000;32153.0000000;32135.0000000;32135.0000000;15
SPFB.MTSI-6.20;60;20200507;160000;32131.0000000;32131.0000000;32131.0000000;32131.0000000;1
SPFB.MTSI-6.20;60;20200507;170000;32146.0000000;32206.0000000;32146.0000000;32200.0000000;18
SPFB.MTSI-6.20;60;20200507;180000;32217.0000000;32217.0000000;32157.0000000;32157.0000000;6
SPFB.MTSI-6.20;60;20200507;190000;32142.0000000;32201.0000000;32142.0000000;32201.0000000;5
SPFB.MTSI-6.20;60;20200508;110000;32210.0000000;32274.0000000;32210.0000000;32274.0000000;22
SPFB.MTSI-6.20;60;20200508;120000;32274.0000000;32300.0000000;32234.0000000;32300.0000000;9
SPFB.MTSI-6.20;60;20200508;140000;32300.0000000;32389.0000000;32226.0000000;32362.0000000;37
SPFB.MTSI-6.20;60;20200508;150000;32363.0000000;32363.0000000;32260.0000000;32315.0000000;35
SPFB.MTSI-6.20;60;20200508;160000;32400.0000000;32500.0000000;32400.0000000;32500.0000000;10
SPFB.MTSI-6.20;60;20200508;170000;32538.0000000;32630.0000000;32432.0000000;32445.0000000;101
SPFB.MTSI-6.20;60;20200508;180000;32602.0000000;32602.0000000;32480.0000000;32498.0000000;6
SPFB.MTSI-6.20;60;20200508;190000;32600.0000000;32700.0000000;32370.0000000;32376.0000000;45
SPFB.MTSI-6.20;60;20200508;230000;32376.0000000;32480.0000000;32374.0000000;32480.0000000;16
SPFB.MTSI-6.20;60;20200512;110000;32476.0000000;32476.0000000;32327.0000000;32416.0000000;18
SPFB.MTSI-6.20;60;20200512;120000;32315.0000000;32315.0000000;32255.0000000;32255.0000000;4
SPFB.MTSI-6.20;60;20200512;130000;32200.0000000;32297.0000000;32100.0000000;32257.0000000;17
SPFB.MTSI-6.20;60;20200512;140000;32513.0000000;32522.0000000;32513.0000000;32522.0000000;2
SPFB.MTSI-6.20;60;20200512;150000;32522.0000000;32522.0000000;32498.0000000;32498.0000000;20
SPFB.MTSI-6.20;60;20200512;160000;32477.0000000;32545.0000000;32450.0000000;32545.0000000;14
SPFB.MTSI-6.20;60;20200512;170000;32591.0000000;32596.0000000;32422.0000000;32430.0000000;16
SPFB.MTSI-6.20;60;20200512;180000;32412.0000000;32520.0000000;32412.0000000;32422.0000000;23
SPFB.MTSI-6.20;60;20200512;190000;32453.0000000;32502.0000000;32453.0000000;32501.0000000;6
SPFB.MTSI-6.20;60;20200512;200000;32499.0000000;32500.0000000;32499.0000000;32500.0000000;5
SPFB.MTSI-6.20;60;20200512;210000;32500.0000000;32500.0000000;32401.0000000;32401.0000000;2
SPFB.MTSI-6.20;60;20200512;220000;32322.0000000;32322.0000000;32303.0000000;32303.0000000;3
SPFB.MTSI-6.20;60;20200512;230000;32224.0000000;32224.0000000;32200.0000000;32200.0000000;6
SPFB.MTSI-6.20;60;20200513;000000;32108.0000000;32108.0000000;32101.0000000;32103.0000000;5
SPFB.MTSI-6.20;60;20200513;110000;32100.0000000;32100.0000000;31910.0000000;32041.0000000;66
SPFB.MTSI-6.20;60;20200513;120000;32151.0000000;32250.0000000;32106.0000000;32106.0000000;32
SPFB.MTSI-6.20;60;20200513;130000;32215.0000000;32353.0000000;32215.0000000;32336.0000000;18
SPFB.MTSI-6.20;60;20200513;140000;32401.0000000;32436.0000000;32400.0000000;32436.0000000;8
SPFB.MTSI-6.20;60;20200513;160000;32444.0000000;32465.0000000;32310.0000000;32414.0000000;15
SPFB.MTSI-6.20;60;20200513;170000;32269.0000000;32330.0000000;32160.0000000;32160.0000000;19
SPFB.MTSI-6.20;60;20200513;180000;32044.0000000;32106.0000000;32044.0000000;32106.0000000;7
SPFB.MTSI-6.20;60;20200513;190000;32000.0000000;32032.0000000;31900.0000000;31900.0000000;30
SPFB.MTSI-6.20;60;20200513;200000;31700.0000000;31834.0000000;31657.0000000;31701.0000000;17
SPFB.MTSI-6.20;60;20200513;210000;31700.0000000;31700.0000000;31671.0000000;31700.0000000;3
SPFB.MTSI-6.20;60;20200513;220000;31700.0000000;31745.0000000;31700.0000000;31745.0000000;2
SPFB.MTSI-6.20;60;20200513;230000;31701.0000000;31774.0000000;31700.0000000;31774.0000000;7
SPFB.MTSI-6.20;60;20200514;110000;31847.0000000;32053.0000000;31830.0000000;31973.0000000;25
SPFB.MTSI-6.20;60;20200514;120000;31780.0000000;32047.0000000;31753.0000000;32047.0000000;4
SPFB.MTSI-6.20;60;20200514;130000;32000.0000000;32054.0000000;32000.0000000;32054.0000000;14
SPFB.MTSI-6.20;60;20200514;140000;32000.0000000;32000.0000000;31944.0000000;31996.0000000;4
SPFB.MTSI-6.20;60;20200514;150000;32008.0000000;32008.0000000;31960.0000000;31965.0000000;5
SPFB.MTSI-6.20;60;20200514;160000;31951.0000000;31951.0000000;31900.0000000;31900.0000000;11
SPFB.MTSI-6.20;60;20200514;170000;31769.0000000;31769.0000000;31538.0000000;31636.0000000;99
SPFB.MTSI-6.20;60;20200514;180000;31650.0000000;31650.0000000;31650.0000000;31650.0000000;5
SPFB.MTSI-6.20;60;20200514;190000;31713.0000000;31780.0000000;31655.0000000;31655.0000000;36
SPFB.MTSI-6.20;60;20200514;200000;31667.0000000;31667.0000000;31626.0000000;31626.0000000;3
SPFB.MTSI-6.20;60;20200514;220000;31769.0000000;31769.0000000;31769.0000000;31769.0000000;1
SPFB.MTSI-6.20;60;20200514;230000;31702.0000000;31802.0000000;31702.0000000;31802.0000000;6
SPFB.MTSI-6.20;60;20200515;000000;31919.0000000;31919.0000000;31918.0000000;31918.0000000;5
SPFB.MTSI-6.20;60;20200515;110000;31919.0000000;32228.0000000;31919.0000000;32195.0000000;101
SPFB.MTSI-6.20;60;20200515;120000;32046.0000000;32156.0000000;32033.0000000;32156.0000000;24
SPFB.MTSI-6.20;60;20200515;130000;32211.0000000;32244.0000000;32200.0000000;32217.0000000;14
SPFB.MTSI-6.20;60;20200515;140000;32201.0000000;32201.0000000;32153.0000000;32153.0000000;9
SPFB.MTSI-6.20;60;20200515;160000;32127.0000000;32186.0000000;32120.0000000;32120.0000000;12
SPFB.MTSI-6.20;60;20200515;170000;32055.0000000;32075.0000000;32015.0000000;32057.0000000;25
SPFB.MTSI-6.20;60;20200515;190000;31930.0000000;32028.0000000;31930.0000000;32028.0000000;15
SPFB.MTSI-6.20;60;20200515;230000;32002.0000000;32002.0000000;32002.0000000;32002.0000000;1
SPFB.MTSI-6.20;60;20200516;000000;32390.0000000;32390.0000000;32390.0000000;32390.0000000;2
SPFB.MTSI-6.20;60;20200518;110000;32197.0000000;32400.0000000;32091.0000000;32400.0000000;29
SPFB.MTSI-6.20;60;20200518;120000;32370.0000000;32556.0000000;32370.0000000;32522.0000000;19
SPFB.MTSI-6.20;60;20200518;130000;32413.0000000;32490.0000000;32410.0000000;32490.0000000;11
SPFB.MTSI-6.20;60;20200518;150000;32485.0000000;32530.0000000;32485.0000000;32530.0000000;13
SPFB.MTSI-6.20;60;20200518;160000;32515.0000000;32665.0000000;32512.0000000;32665.0000000;29
SPFB.MTSI-6.20;60;20200518;170000;32543.0000000;32545.0000000;32303.0000000;32310.0000000;18
SPFB.MTSI-6.20;60;20200518;180000;32292.0000000;32522.0000000;32269.0000000;32404.0000000;28
SPFB.MTSI-6.20;60;20200518;190000;32475.0000000;32678.0000000;32475.0000000;32647.0000000;24
SPFB.MTSI-6.20;60;20200518;200000;32615.0000000;32650.0000000;32615.0000000;32650.0000000;2
SPFB.MTSI-6.20;60;20200518;220000;32616.0000000;32616.0000000;32600.0000000;32600.0000000;5
SPFB.MTSI-6.20;60;20200518;230000;32600.0000000;32600.0000000;32600.0000000;32600.0000000;5
SPFB.MTSI-6.20;60;20200519;110000;32800.0000000;33243.0000000;32750.0000000;32821.0000000;44
SPFB.MTSI-6.20;60;20200519;120000;32766.0000000;32802.0000000;32681.0000000;32736.0000000;76
SPFB.MTSI-6.20;60;20200519;130000;32832.0000000;32832.0000000;32690.0000000;32690.0000000;5
SPFB.MTSI-6.20;60;20200519;140000;32645.0000000;32665.0000000;32645.0000000;32665.0000000;13
SPFB.MTSI-6.20;60;20200519;150000;32681.0000000;32847.0000000;32681.0000000;32776.0000000;27
SPFB.MTSI-6.20;60;20200519;170000;32793.0000000;32793.0000000;32669.0000000;32683.0000000;5
SPFB.MTSI-6.20;60;20200519;180000;32643.0000000;32651.0000000;32485.0000000;32651.0000000;15
SPFB.MTSI-6.20;60;20200519;190000;32704.0000000;32732.0000000;32660.0000000;32683.0000000;31
SPFB.MTSI-6.20;60;20200519;200000;32850.0000000;32850.0000000;32260.0000000;32549.0000000;81
SPFB.MTSI-6.20;60;20200519;210000;32638.0000000;32747.0000000;32638.0000000;32747.0000000;14
SPFB.MTSI-6.20;60;20200519;220000;32725.0000000;32730.0000000;32725.0000000;32730.0000000;22
SPFB.MTSI-6.20;60;20200519;230000;32855.0000000;32979.0000000;32823.0000000;32910.0000000;35
SPFB.MTSI-6.20;60;20200520;000000;32905.0000000;32905.0000000;32739.0000000;32739.0000000;30
SPFB.MTSI-6.20;60;20200520;110000;32813.0000000;33503.0000000;32813.0000000;33245.0000000;124
SPFB.MTSI-6.20;60;20200520;120000;33253.0000000;33750.0000000;33253.0000000;33672.0000000;118
SPFB.MTSI-6.20;60;20200520;130000;33574.0000000;33574.0000000;33525.0000000;33561.0000000;8
SPFB.MTSI-6.20;60;20200520;140000;33561.0000000;33573.0000000;33396.0000000;33573.0000000;58
SPFB.MTSI-6.20;60;20200520;150000;33548.0000000;33557.0000000;33501.0000000;33557.0000000;3
SPFB.MTSI-6.20;60;20200520;160000;33600.0000000;33753.0000000;33583.0000000;33753.0000000;47
SPFB.MTSI-6.20;60;20200520;170000;33591.0000000;33977.0000000;33503.0000000;33925.0000000;69
SPFB.MTSI-6.20;60;20200520;180000;33948.0000000;33974.0000000;33257.0000000;33270.0000000;84
SPFB.MTSI-6.20;60;20200520;190000;33289.0000000;33295.0000000;33202.0000000;33229.0000000;33
SPFB.MTSI-6.20;60;20200520;200000;33230.0000000;33230.0000000;33230.0000000;33230.0000000;2
SPFB.MTSI-6.20;60;20200520;220000;33300.0000000;33300.0000000;33300.0000000;33300.0000000;1
SPFB.MTSI-6.20;60;20200521;000000;33490.0000000;33490.0000000;33490.0000000;33490.0000000;20
SPFB.MTSI-6.20;60;20200521;110000;33455.0000000;33816.0000000;33327.0000000;33681.0000000;153
SPFB.MTSI-6.20;60;20200521;120000;33666.0000000;33666.0000000;33346.0000000;33556.0000000;16
SPFB.MTSI-6.20;60;20200521;130000;33440.0000000;33453.0000000;33240.0000000;33240.0000000;26
SPFB.MTSI-6.20;60;20200521;140000;33152.0000000;33258.0000000;32959.0000000;33003.0000000;41
SPFB.MTSI-6.20;60;20200521;150000;33002.0000000;33209.0000000;33002.0000000;33160.0000000;23
SPFB.MTSI-6.20;60;20200521;160000;33211.0000000;33270.0000000;33190.0000000;33190.0000000;19
SPFB.MTSI-6.20;60;20200521;170000;33158.0000000;33200.0000000;33098.0000000;33161.0000000;48
SPFB.MTSI-6.20;60;20200521;180000;33120.0000000;33120.0000000;32980.0000000;32980.0000000;22
SPFB.MTSI-6.20;60;20200521;190000;32935.0000000;33015.0000000;32873.0000000;32925.0000000;59
SPFB.MTSI-6.20;60;20200521;230000;33050.0000000;33050.0000000;33050.0000000;33050.0000000;1
SPFB.MTSI-6.20;60;20200522;000000;33051.0000000;33090.0000000;32921.0000000;32921.0000000;194
SPFB.MTSI-6.20;60;20200522;110000;32921.0000000;33085.0000000;32237.0000000;33030.0000000;130
SPFB.MTSI-6.20;60;20200522;120000;33065.0000000;33065.0000000;33065.0000000;33065.0000000;1
SPFB.MTSI-6.20;60;20200522;130000;33113.0000000;33113.0000000;33086.0000000;33086.0000000;3
SPFB.MTSI-6.20;60;20200522;140000;33028.0000000;33028.0000000;32964.0000000;32964.0000000;4
SPFB.MTSI-6.20;60;20200522;160000;33039.0000000;33074.0000000;33028.0000000;33028.0000000;16
SPFB.MTSI-6.20;60;20200522;170000;33040.0000000;33055.0000000;32400.0000000;32400.0000000;66
SPFB.MTSI-6.20;60;20200522;180000;32594.0000000;32678.0000000;32591.0000000;32678.0000000;11
SPFB.MTSI-6.20;60;20200522;190000;32807.0000000;32828.0000000;32672.0000000;32800.0000000;58
SPFB.MTSI-6.20;60;20200522;200000;32546.0000000;32546.0000000;32546.0000000;32546.0000000;5
SPFB.MTSI-6.20;60;20200522;220000;32589.0000000;32589.0000000;32527.0000000;32557.0000000;5
SPFB.MTSI-6.20;60;20200522;230000;32589.0000000;32590.0000000;32589.0000000;32590.0000000;4
SPFB.MTSI-6.20;60;20200523;000000;32590.0000000;32590.0000000;32590.0000000;32590.0000000;2
SPFB.MTSI-6.20;60;20200525;110000;32833.0000000;32957.0000000;32833.0000000;32874.0000000;27
SPFB.MTSI-6.20;60;20200525;120000;32940.0000000;32989.0000000;32890.0000000;32989.0000000;37
SPFB.MTSI-6.20;60;20200525;130000;32987.0000000;32999.0000000;32960.0000000;32999.0000000;5
SPFB.MTSI-6.20;60;20200525;140000;32991.0000000;33004.0000000;32983.0000000;33004.0000000;5
SPFB.MTSI-6.20;60;20200525;150000;32965.0000000;32965.0000000;32965.0000000;32965.0000000;1
SPFB.MTSI-6.20;60;20200525;160000;33106.0000000;33177.0000000;33104.0000000;33177.0000000;20
SPFB.MTSI-6.20;60;20200525;170000;33199.0000000;33200.0000000;33167.0000000;33167.0000000;4
SPFB.MTSI-6.20;60;20200525;180000;33157.0000000;33230.0000000;33115.0000000;33230.0000000;4
SPFB.MTSI-6.20;60;20200525;190000;33176.0000000;33255.0000000;33073.0000000;33184.0000000;39
SPFB.MTSI-6.20;60;20200525;200000;33482.0000000;33482.0000000;33212.0000000;33235.0000000;15
SPFB.MTSI-6.20;60;20200525;220000;33235.0000000;33235.0000000;33012.0000000;33083.0000000;19
SPFB.MTSI-6.20;60;20200526;000000;33116.0000000;33374.0000000;33116.0000000;33351.0000000;41
SPFB.MTSI-6.20;60;20200526;110000;33500.0000000;33800.0000000;33500.0000000;33778.0000000;74
SPFB.MTSI-6.20;60;20200526;120000;33752.0000000;33849.0000000;33752.0000000;33840.0000000;8
SPFB.MTSI-6.20;60;20200526;130000;33848.0000000;33848.0000000;33526.0000000;33526.0000000;13
SPFB.MTSI-6.20;60;20200526;140000;33564.0000000;33577.0000000;33564.0000000;33574.0000000;6
SPFB.MTSI-6.20;60;20200526;150000;33550.0000000;33609.0000000;33550.0000000;33609.0000000;6
SPFB.MTSI-6.20;60;20200526;160000;33647.0000000;33709.0000000;33647.0000000;33695.0000000;10
SPFB.MTSI-6.20;60;20200526;170000;33766.0000000;33789.0000000;33552.0000000;33569.0000000;11
SPFB.MTSI-6.20;60;20200526;180000;33530.0000000;33530.0000000;33347.0000000;33446.0000000;11
SPFB.MTSI-6.20;60;20200526;190000;33404.0000000;33417.0000000;33143.0000000;33212.0000000;57
SPFB.MTSI-6.20;60;20200526;200000;33101.0000000;33101.0000000;33100.0000000;33100.0000000;2
SPFB.MTSI-6.20;60;20200526;210000;33163.0000000;33410.0000000;33163.0000000;33410.0000000;31
SPFB.MTSI-6.20;60;20200526;230000;33110.0000000;33110.0000000;33100.0000000;33100.0000000;2
SPFB.MTSI-6.20;60;20200527;000000;33101.0000000;33101.0000000;33100.0000000;33100.0000000;5
SPFB.MTSI-6.20;60;20200527;110000;33003.0000000;33236.0000000;33002.0000000;33221.0000000;87
SPFB.MTSI-6.20;60;20200527;120000;33530.0000000;33741.0000000;33530.0000000;33741.0000000;6
SPFB.MTSI-6.20;60;20200527;130000;33676.0000000;33684.0000000;33676.0000000;33684.0000000;15
SPFB.MTSI-6.20;60;20200527;140000;33685.0000000;33685.0000000;33590.0000000;33590.0000000;13
SPFB.MTSI-6.20;60;20200527;150000;33612.0000000;33612.0000000;33406.0000000;33474.0000000;17
SPFB.MTSI-6.20;60;20200527;160000;33412.0000000;33421.0000000;33215.0000000;33215.0000000;7
SPFB.MTSI-6.20;60;20200527;170000;33101.0000000;33275.0000000;32723.0000000;32752.0000000;93
SPFB.MTSI-6.20;60;20200527;180000;32975.0000000;32975.0000000;32653.0000000;32653.0000000;15
SPFB.MTSI-6.20;60;20200527;190000;32764.0000000;32884.0000000;32641.0000000;32716.0000000;42
SPFB.MTSI-6.20;60;20200527;200000;32501.0000000;32985.0000000;32501.0000000;32984.0000000;7
SPFB.MTSI-6.20;60;20200527;210000;32800.0000000;32800.0000000;32800.0000000;32800.0000000;1
SPFB.MTSI-6.20;60;20200527;220000;32800.0000000;32800.0000000;32800.0000000;32800.0000000;1
SPFB.MTSI-6.20;60;20200527;230000;32869.0000000;32977.0000000;32700.0000000;32977.0000000;65
SPFB.MTSI-6.20;60;20200528;110000;32850.0000000;32850.0000000;32326.0000000;32790.0000000;95
SPFB.MTSI-6.20;60;20200528;120000;32798.0000000;32900.0000000;32700.0000000;32725.0000000;7
SPFB.MTSI-6.20;60;20200528;130000;32782.0000000;32980.0000000;32782.0000000;32980.0000000;4
SPFB.MTSI-6.20;60;20200528;150000;32801.0000000;32954.0000000;32801.0000000;32954.0000000;2
SPFB.MTSI-6.20;60;20200528;160000;32860.0000000;32860.0000000;32860.0000000;32860.0000000;1
SPFB.MTSI-6.20;60;20200528;170000;32633.0000000;32673.0000000;32339.0000000;32339.0000000;61
SPFB.MTSI-6.20;60;20200528;180000;32266.0000000;32505.0000000;32265.0000000;32445.0000000;89
SPFB.MTSI-6.20;60;20200528;190000;32439.0000000;32450.0000000;32336.0000000;32401.0000000;38
SPFB.MTSI-6.20;60;20200528;200000;32304.0000000;32316.0000000;32304.0000000;32316.0000000;2
SPFB.MTSI-6.20;60;20200528;210000;32600.0000000;32600.0000000;32600.0000000;32600.0000000;3
SPFB.MTSI-6.20;60;20200528;220000;32410.0000000;32410.0000000;32316.0000000;32316.0000000;2
SPFB.MTSI-6.20;60;20200528;230000;32350.0000000;32350.0000000;32240.0000000;32254.0000000;10
SPFB.MTSI-6.20;60;20200529;000000;32259.0000000;32416.0000000;32259.0000000;32366.0000000;21
SPFB.MTSI-6.20;60;20200529;110000;32366.0000000;32366.0000000;32077.0000000;32100.0000000;63
SPFB.MTSI-6.20;60;20200529;120000;32100.0000000;32225.0000000;32087.0000000;32225.0000000;10
SPFB.MTSI-6.20;60;20200529;130000;32345.0000000;32471.0000000;32345.0000000;32471.0000000;5
SPFB.MTSI-6.20;60;20200529;140000;32476.0000000;32577.0000000;32314.0000000;32314.0000000;16
SPFB.MTSI-6.20;60;20200529;150000;32225.0000000;32423.0000000;32201.0000000;32400.0000000;7
SPFB.MTSI-6.20;60;20200529;160000;32418.0000000;32421.0000000;32185.0000000;32185.0000000;15
SPFB.MTSI-6.20;60;20200529;170000;32185.0000000;32276.0000000;31900.0000000;31934.0000000;259
SPFB.MTSI-6.20;60;20200529;180000;31935.0000000;32115.0000000;31876.0000000;31945.0000000;67
SPFB.MTSI-6.20;60;20200529;190000;32027.0000000;32163.0000000;31926.0000000;32028.0000000;60
SPFB.MTSI-6.20;60;20200529;210000;32002.0000000;32002.0000000;31756.0000000;31756.0000000;2
SPFB.MTSI-6.20;60;20200529;220000;31900.0000000;31900.0000000;31832.0000000;31832.0000000;5
SPFB.MTSI-6.20;60;20200529;230000;32289.0000000;32356.0000000;32271.0000000;32271.0000000;132
SPFB.MTSI-6.20;60;20200601;110000;32319.0000000;32325.0000000;32160.0000000;32325.0000000;123
SPFB.MTSI-6.20;60;20200601;120000;32208.0000000;32275.0000000;32000.0000000;32000.0000000;66
SPFB.MTSI-6.20;60;20200601;130000;32140.0000000;32140.0000000;32137.0000000;32137.0000000;8
SPFB.MTSI-6.20;60;20200601;140000;32108.0000000;32235.0000000;32108.0000000;32235.0000000;22
SPFB.MTSI-6.20;60;20200601;150000;32270.0000000;32280.0000000;32250.0000000;32280.0000000;8
SPFB.MTSI-6.20;60;20200601;160000;32270.0000000;32270.0000000;32198.0000000;32198.0000000;13
SPFB.MTSI-6.20;60;20200601;170000;32198.0000000;32198.0000000;31710.0000000;31815.0000000;149
SPFB.MTSI-6.20;60;20200601;180000;31841.0000000;31950.0000000;31770.0000000;31901.0000000;63
SPFB.MTSI-6.20;60;20200601;190000;31992.0000000;32068.0000000;31945.0000000;32015.0000000;66
SPFB.MTSI-6.20;60;20200601;200000;32282.0000000;32284.0000000;32099.0000000;32099.0000000;9
SPFB.MTSI-6.20;60;20200601;210000;32074.0000000;32083.0000000;32074.0000000;32083.0000000;3
SPFB.MTSI-6.20;60;20200601;220000;32090.0000000;32090.0000000;32090.0000000;32090.0000000;7
SPFB.MTSI-6.20;60;20200601;230000;32025.0000000;32097.0000000;32025.0000000;32097.0000000;2
SPFB.MTSI-6.20;60;20200602;000000;32098.0000000;32118.0000000;32098.0000000;32118.0000000;3
SPFB.MTSI-6.20;60;20200602;110000;32163.0000000;32300.0000000;32108.0000000;32289.0000000;34
SPFB.MTSI-6.20;60;20200602;120000;32350.0000000;32390.0000000;32310.0000000;32321.0000000;86
SPFB.MTSI-6.20;60;20200602;130000;32289.0000000;32421.0000000;32272.0000000;32421.0000000;10
SPFB.MTSI-6.20;60;20200602;140000;32400.0000000;32500.0000000;32400.0000000;32464.0000000;148
SPFB.MTSI-6.20;60;20200602;150000;32474.0000000;32717.0000000;32470.0000000;32712.0000000;135
SPFB.MTSI-6.20;60;20200602;160000;32676.0000000;32740.0000000;32600.0000000;32700.0000000;70
SPFB.MTSI-6.20;60;20200602;170000;32756.0000000;32757.0000000;32390.0000000;32550.0000000;72
SPFB.MTSI-6.20;60;20200602;180000;32672.0000000;32800.0000000;32672.0000000;32673.0000000;28
SPFB.MTSI-6.20;60;20200602;190000;32640.0000000;32815.0000000;32640.0000000;32789.0000000;39
SPFB.MTSI-6.20;60;20200602;200000;32574.0000000;32786.0000000;32511.0000000;32674.0000000;45
SPFB.MTSI-6.20;60;20200603;000000;32900.0000000;32950.0000000;32899.0000000;32899.0000000;12
SPFB.MTSI-6.20;60;20200603;110000;32957.0000000;32980.0000000;32788.0000000;32926.0000000;48
SPFB.MTSI-6.20;60;20200603;120000;32946.0000000;32946.0000000;32773.0000000;32936.0000000;17
SPFB.MTSI-6.20;60;20200603;130000;32955.0000000;32955.0000000;32955.0000000;32955.0000000;4
SPFB.MTSI-6.20;60;20200603;140000;32900.0000000;33049.0000000;32900.0000000;33049.0000000;78
SPFB.MTSI-6.20;60;20200603;150000;32995.0000000;33424.0000000;32950.0000000;32970.0000000;51
SPFB.MTSI-6.20;60;20200603;160000;33015.0000000;33030.0000000;33015.0000000;33025.0000000;4
SPFB.MTSI-6.20;60;20200603;170000;33002.0000000;33356.0000000;33002.0000000;33348.0000000;30
SPFB.MTSI-6.20;60;20200603;180000;33283.0000000;33283.0000000;33131.0000000;33134.0000000;7
SPFB.MTSI-6.20;60;20200603;190000;33142.0000000;33220.0000000;33050.0000000;33117.0000000;90
SPFB.MTSI-6.20;60;20200603;200000;32814.0000000;32900.0000000;32814.0000000;32816.0000000;6
SPFB.MTSI-6.20;60;20200603;210000;32830.0000000;32830.0000000;32827.0000000;32827.0000000;2
SPFB.MTSI-6.20;60;20200603;220000;33005.0000000;33005.0000000;33005.0000000;33005.0000000;2
SPFB.MTSI-6.20;60;20200604;110000;33029.0000000;33029.0000000;32625.0000000;32824.0000000;80
SPFB.MTSI-6.20;60;20200604;120000;32878.0000000;33025.0000000;32878.0000000;32969.0000000;53
SPFB.MTSI-6.20;60;20200604;130000;32750.0000000;32789.0000000;32500.0000000;32561.0000000;43
SPFB.MTSI-6.20;60;20200604;140000;32676.0000000;32799.0000000;32676.0000000;32744.0000000;27
SPFB.MTSI-6.20;60;20200604;150000;32800.0000000;32800.0000000;32784.0000000;32784.0000000;2
SPFB.MTSI-6.20;60;20200604;170000;32551.0000000;32551.0000000;32200.0000000;32240.0000000;64
SPFB.MTSI-6.20;60;20200604;180000;32288.0000000;32402.0000000;32223.0000000;32353.0000000;25
SPFB.MTSI-6.20;60;20200604;190000;32316.0000000;32455.0000000;32195.0000000;32335.0000000;103
SPFB.MTSI-6.20;60;20200604;200000;32048.0000000;32172.0000000;32048.0000000;32080.0000000;10
SPFB.MTSI-6.20;60;20200604;210000;32082.0000000;32209.0000000;32078.0000000;32085.0000000;9
SPFB.MTSI-6.20;60;20200604;220000;32099.0000000;32337.0000000;32050.0000000;32056.0000000;51
SPFB.MTSI-6.20;60;20200605;000000;32056.0000000;32056.0000000;32056.0000000;32056.0000000;3
SPFB.MTSI-6.20;60;20200605;110000;32333.0000000;32490.0000000;32186.0000000;32450.0000000;50
SPFB.MTSI-6.20;60;20200605;120000;32520.0000000;32620.0000000;32507.0000000;32620.0000000;17
SPFB.MTSI-6.20;60;20200605;130000;32412.0000000;32500.0000000;32400.0000000;32500.0000000;7
SPFB.MTSI-6.20;60;20200605;140000;32490.0000000;32580.0000000;32458.0000000;32580.0000000;14
SPFB.MTSI-6.20;60;20200605;160000;32636.0000000;32784.0000000;32636.0000000;32784.0000000;10
SPFB.MTSI-6.20;60;20200605;170000;32655.0000000;32874.0000000;32514.0000000;32874.0000000;37
SPFB.MTSI-6.20;60;20200605;180000;32765.0000000;32765.0000000;32598.0000000;32695.0000000;60
SPFB.MTSI-6.20;60;20200605;190000;32739.0000000;32816.0000000;32623.0000000;32764.0000000;141
SPFB.MTSI-6.20;60;20200605;210000;32701.0000000;32701.0000000;32701.0000000;32701.0000000;1
SPFB.MTSI-6.20;60;20200605;220000;32705.0000000;32705.0000000;32705.0000000;32705.0000000;2
SPFB.MTSI-6.20;60;20200605;230000;32800.0000000;32800.0000000;32800.0000000;32800.0000000;1
SPFB.MTSI-6.20;60;20200606;000000;32777.0000000;32800.0000000;32777.0000000;32800.0000000;4
SPFB.MTSI-6.20;60;20200608;110000;32797.0000000;32797.0000000;32463.0000000;32510.0000000;44
SPFB.MTSI-6.20;60;20200608;120000;32652.0000000;32910.0000000;32652.0000000;32910.0000000;33
SPFB.MTSI-6.20;60;20200608;130000;33057.0000000;33108.0000000;33057.0000000;33100.0000000;45
SPFB.MTSI-6.20;60;20200608;140000;33145.0000000;33145.0000000;32947.0000000;32993.0000000;11
SPFB.MTSI-6.20;60;20200608;150000;32930.0000000;33033.0000000;32925.0000000;33033.0000000;27
SPFB.MTSI-6.20;60;20200608;160000;32991.0000000;33050.0000000;32946.0000000;32946.0000000;11
SPFB.MTSI-6.20;60;20200608;170000;33046.0000000;33046.0000000;32671.0000000;32671.0000000;10
SPFB.MTSI-6.20;60;20200608;180000;32695.0000000;32705.0000000;32668.0000000;32691.0000000;7
SPFB.MTSI-6.20;60;20200608;190000;32668.0000000;32711.0000000;32536.0000000;32618.0000000;51
SPFB.MTSI-6.20;60;20200608;200000;32612.0000000;32613.0000000;32612.0000000;32613.0000000;3
SPFB.MTSI-6.20;60;20200608;210000;32504.0000000;32504.0000000;32504.0000000;32504.0000000;1
SPFB.MTSI-6.20;60;20200608;230000;32690.0000000;32704.0000000;32690.0000000;32704.0000000;3
SPFB.MTSI-6.20;60;20200609;110000;32811.0000000;32811.0000000;32371.0000000;32637.0000000;81
SPFB.MTSI-6.20;60;20200609;120000;32780.0000000;33047.0000000;32637.0000000;32926.0000000;32
SPFB.MTSI-6.20;60;20200609;130000;32832.0000000;32889.0000000;32673.0000000;32673.0000000;7
SPFB.MTSI-6.20;60;20200609;150000;32835.0000000;32899.0000000;32835.0000000;32899.0000000;7
SPFB.MTSI-6.20;60;20200609;160000;32860.0000000;32900.0000000;32845.0000000;32900.0000000;14
SPFB.MTSI-6.20;60;20200609;170000;32950.0000000;32986.0000000;32780.0000000;32835.0000000;16
SPFB.MTSI-6.20;60;20200609;180000;32840.0000000;32905.0000000;32760.0000000;32880.0000000;13
SPFB.MTSI-6.20;60;20200609;190000;32964.0000000;32964.0000000;32835.0000000;32949.0000000;29
SPFB.MTSI-6.20;60;20200609;200000;32851.0000000;32851.0000000;32851.0000000;32851.0000000;1
SPFB.MTSI-6.20;60;20200609;210000;32867.0000000;32867.0000000;32867.0000000;32867.0000000;1
SPFB.MTSI-6.20;60;20200609;220000;32852.0000000;32852.0000000;32851.0000000;32851.0000000;2
SPFB.MTSI-6.20;60;20200610;110000;32986.0000000;32986.0000000;32757.0000000;32757.0000000;85
SPFB.MTSI-6.20;60;20200610;120000;32750.0000000;32826.0000000;32740.0000000;32826.0000000;6
SPFB.MTSI-6.20;60;20200610;130000;32807.0000000;32962.0000000;32806.0000000;32900.0000000;24
SPFB.MTSI-6.20;60;20200610;140000;32857.0000000;32940.0000000;32857.0000000;32940.0000000;8
SPFB.MTSI-6.20;60;20200610;150000;32989.0000000;33040.0000000;32989.0000000;33027.0000000;28
SPFB.MTSI-6.20;60;20200610;160000;33055.0000000;33124.0000000;33028.0000000;33055.0000000;74
SPFB.MTSI-6.20;60;20200610;170000;33043.0000000;33043.0000000;32516.0000000;32666.0000000;206
SPFB.MTSI-6.20;60;20200610;180000;32660.0000000;32783.0000000;32639.0000000;32639.0000000;15
SPFB.MTSI-6.20;60;20200610;190000;32780.0000000;32780.0000000;32660.0000000;32686.0000000;36
SPFB.MTSI-6.20;60;20200610;220000;32999.0000000;32999.0000000;32605.0000000;32605.0000000;3
SPFB.MTSI-6.20;60;20200610;230000;32655.0000000;32655.0000000;32655.0000000;32655.0000000;1
SPFB.MTSI-6.20;60;20200611;000000;32659.0000000;32659.0000000;32659.0000000;32659.0000000;1
SPFB.MTSI-6.20;60;20200611;110000;32630.0000000;32630.0000000;32300.0000000;32424.0000000;108
SPFB.MTSI-6.20;60;20200611;120000;32391.0000000;32648.0000000;32391.0000000;32648.0000000;15
SPFB.MTSI-6.20;60;20200611;140000;32563.0000000;32563.0000000;32563.0000000;32563.0000000;1
SPFB.MTSI-6.20;60;20200611;150000;32600.0000000;32600.0000000;32481.0000000;32584.0000000;5
SPFB.MTSI-6.20;60;20200611;160000;32478.0000000;32480.0000000;32420.0000000;32420.0000000;3
SPFB.MTSI-6.20;60;20200611;170000;32480.0000000;32500.0000000;32400.0000000;32400.0000000;36
SPFB.MTSI-6.20;60;20200611;180000;32380.0000000;32439.0000000;32257.0000000;32257.0000000;22
SPFB.MTSI-6.20;60;20200611;190000;32334.0000000;32413.0000000;32295.0000000;32364.0000000;20
SPFB.MTSI-6.20;60;20200611;200000;32279.0000000;32311.0000000;32201.0000000;32255.0000000;4
SPFB.MTSI-6.20;60;20200611;220000;32323.0000000;32323.0000000;32208.0000000;32210.0000000;10
SPFB.MTSI-6.20;60;20200611;230000;32205.0000000;32205.0000000;32099.0000000;32099.0000000;8
SPFB.MTSI-6.20;60;20200612;000000;32100.0000000;32100.0000000;32098.0000000;32098.0000000;5
SPFB.MTSI-6.20;60;20200615;110000;32050.0000000;32248.0000000;31131.0000000;32248.0000000;185
SPFB.MTSI-6.20;60;20200615;120000;32248.0000000;32449.0000000;32232.0000000;32436.0000000;65
SPFB.MTSI-6.20;60;20200615;130000;32332.0000000;32490.0000000;32332.0000000;32490.0000000;5
SPFB.MTSI-6.20;60;20200615;140000;32523.0000000;32523.0000000;32232.0000000;32232.0000000;54
SPFB.MTSI-6.20;60;20200615;150000;32283.0000000;32454.0000000;32269.0000000;32363.0000000;15
SPFB.MTSI-6.20;60;20200615;160000;32358.0000000;32358.0000000;32311.0000000;32311.0000000;3
SPFB.MTSI-6.20;60;20200615;170000;32325.0000000;32380.0000000;32090.0000000;32090.0000000;25
SPFB.MTSI-6.20;60;20200615;180000;32259.0000000;32477.0000000;32259.0000000;32415.0000000;38
SPFB.MTSI-6.20;60;20200615;190000;32487.0000000;32503.0000000;32232.0000000;32365.0000000;107
SPFB.MTSI-6.20;60;20200615;220000;32496.0000000;32496.0000000;32496.0000000;32496.0000000;1
SPFB.MTSI-6.20;60;20200616;000000;32350.0000000;32397.0000000;32350.0000000;32397.0000000;5
SPFB.MTSI-6.20;60;20200616;110000;32600.0000000;32800.0000000;32600.0000000;32800.0000000;84
SPFB.MTSI-6.20;60;20200616;120000;32800.0000000;32800.0000000;32709.0000000;32735.0000000;69
SPFB.MTSI-6.20;60;20200616;130000;32760.0000000;32760.0000000;32648.0000000;32740.0000000;4
SPFB.MTSI-6.20;60;20200616;140000;32731.0000000;32787.0000000;32723.0000000;32787.0000000;14
SPFB.MTSI-6.20;60;20200616;150000;32766.0000000;32798.0000000;32765.0000000;32798.0000000;10
SPFB.MTSI-6.20;60;20200616;160000;32776.0000000;32795.0000000;32753.0000000;32794.0000000;43
SPFB.MTSI-6.20;60;20200616;170000;32768.0000000;32786.0000000;32721.0000000;32758.0000000;27
SPFB.MTSI-6.20;60;20200616;180000;32708.0000000;32792.0000000;32578.0000000;32578.0000000;40
SPFB.MTSI-6.20;60;20200616;190000;32693.0000000;32734.0000000;32626.0000000;32681.0000000;24
SPFB.MTSI-6.20;60;20200616;200000;32795.0000000;32800.0000000;32795.0000000;32800.0000000;6
SPFB.MTSI-6.20;60;20200616;230000;32700.0000000;32700.0000000;32700.0000000;32700.0000000;3
SPFB.MTSI-6.20;60;20200617;000000;32729.0000000;32816.0000000;32729.0000000;32800.0000000;64
SPFB.MTSI-6.20;60;20200617;110000;32791.0000000;32869.0000000;32700.0000000;32853.0000000;81
SPFB.MTSI-6.20;60;20200617;120000;32795.0000000;32814.0000000;32780.0000000;32780.0000000;32
SPFB.MTSI-6.20;60;20200617;130000;32750.0000000;32803.0000000;32594.0000000;32783.0000000;77
SPFB.MTSI-6.20;60;20200617;140000;32734.0000000;32741.0000000;32714.0000000;32741.0000000;41
SPFB.MTSI-6.20;60;20200617;150000;32720.0000000;32724.0000000;32650.0000000;32724.0000000;64
SPFB.MTSI-6.20;60;20200617;160000;32732.0000000;32763.0000000;32700.0000000;32731.0000000;26
SPFB.MTSI-6.20;60;20200617;170000;32730.0000000;32730.0000000;32450.0000000;32450.0000000;42
SPFB.MTSI-6.20;60;20200617;180000;32470.0000000;32524.0000000;32380.0000000;32442.0000000;38
SPFB.MTSI-6.20;60;20200617;190000;32520.0000000;32545.0000000;32448.0000000;32448.0000000;40
SPFB.MTSI-6.20;60;20200617;220000;32200.0000000;32200.0000000;32102.0000000;32102.0000000;2
SPFB.MTSI-6.20;60;20200617;230000;32209.0000000;32209.0000000;32209.0000000;32209.0000000;1
SPFB.MTSI-6.20;60;20200618;000000;32250.0000000;32430.0000000;32209.0000000;32209.0000000;18
SPFB.MTSI-6.20;60;20200618;110000;32600.0000000;32720.0000000;32599.0000000;32720.0000000;45
SPFB.MTSI-6.20;60;20200618;120000;32526.0000000;32641.0000000;32450.0000000;32641.0000000;56
SPFB.MTSI-6.20;60;20200618;130000;32630.0000000;32630.0000000;32555.0000000;32555.0000000;44
SPFB.MTSI-6.20;60;20200618;140000;32570.0000000;32641.0000000;32451.0000000;32610.0000000;81
SPFB.MTSI-6.20;60;20200618;150000;32605.0000000;32641.0000000;32450.0000000;32499.0000000;109
SPFB.MTSI-6.20;60;20200618;160000;32510.0000000;32644.0000000;32490.0000000;32634.0000000;207
SPFB.MTSI-6.20;60;20200618;170000;32644.0000000;32683.0000000;32010.0000000;32394.0000000;129
SPFB.MTSI-6.20;60;20200618;180000;32602.0000000;32727.0000000;32423.0000000;32620.0000000;136
SPFB.MTSI-6.20;60;20200618;190000;32598.0000000;32636.0000000;32593.0000000;32636.0000000;42
