<TICKER>;<PER>;<DATE>;<TIME>;<OPEN>;<HIGH>;<LOW>;<CLOSE>;<VOL>
SPFB.MTSI-6.19;60;20190110;190000;25850.0000000;25850.0000000;25850.0000000;25850.0000000;1
SPFB.MTSI-6.19;60;20190114;110000;25002.0000000;25450.0000000;25001.0000000;25450.0000000;9
SPFB.MTSI-6.19;60;20190114;130000;25864.0000000;27399.0000000;25864.0000000;27399.0000000;7
SPFB.MTSI-6.19;60;20190121;170000;26499.0000000;26499.0000000;26499.0000000;26499.0000000;1
SPFB.MTSI-6.19;60;20190121;200000;26593.0000000;26593.0000000;26593.0000000;26593.0000000;1
SPFB.MTSI-6.19;60;20190122;110000;26335.0000000;26335.0000000;26335.0000000;26335.0000000;2
SPFB.MTSI-6.19;60;20190124;120000;27212.0000000;27212.0000000;27212.0000000;27212.0000000;1
SPFB.MTSI-6.19;60;20190129;180000;26690.0000000;26692.0000000;26690.0000000;26692.0000000;2
SPFB.MTSI-6.19;60;20190129;190000;26680.0000000;26680.0000000;26680.0000000;26680.0000000;1
SPFB.MTSI-6.19;60;20190207;140000;26704.0000000;26704.0000000;26704.0000000;26704.0000000;1
SPFB.MTSI-6.19;60;20190207;200000;26604.0000000;26604.0000000;26604.0000000;26604.0000000;1
SPFB.MTSI-6.19;60;20190208;160000;26550.0000000;26550.0000000;26504.0000000;26504.0000000;2
SPFB.MTSI-6.19;60;20190208;170000;26016.0000000;26330.0000000;26016.0000000;26159.0000000;3
SPFB.MTSI-6.19;60;20190208;200000;26032.0000000;26032.0000000;26032.0000000;26032.0000000;3
SPFB.MTSI-6.19;60;20190208;210000;25566.0000000;25566.0000000;25566.0000000;25566.0000000;1
SPFB.MTSI-6.19;60;20190208;230000;25179.0000000;25179.0000000;24570.0000000;24570.0000000;22
SPFB.MTSI-6.19;60;20190214;180000;26200.0000000;26200.0000000;26200.0000000;26200.0000000;1
SPFB.MTSI-6.19;60;20190218;130000;26050.0000000;26050.0000000;26050.0000000;26050.0000000;1
SPFB.MTSI-6.19;60;20190218;160000;26196.0000000;26196.0000000;26196.0000000;26196.0000000;1
SPFB.MTSI-6.19;60;20190220;120000;26175.0000000;26175.0000000;26175.0000000;26175.0000000;1
SPFB.MTSI-6.19;60;20190220;190000;25700.0000000;25700.0000000;25700.0000000;25700.0000000;3
SPFB.MTSI-6.19;60;20190221;180000;25300.0000000;25300.0000000;25300.0000000;25300.0000000;3
SPFB.MTSI-6.19;60;20190226;110000;25934.0000000;25934.0000000;25837.0000000;25837.0000000;2
SPFB.MTSI-6.19;60;20190227;170000;26084.0000000;26084.0000000;26084.0000000;26084.0000000;5
SPFB.MTSI-6.19;60;20190227;190000;25750.0000000;25750.0000000;25750.0000000;25750.0000000;1
SPFB.MTSI-6.19;60;20190228;130000;25502.0000000;25502.0000000;25502.0000000;25502.0000000;1
SPFB.MTSI-6.19;60;20190301;120000;26059.0000000;26062.0000000;26059.0000000;26062.0000000;3
SPFB.MTSI-6.19;60;20190301;170000;25825.0000000;25825.0000000;25825.0000000;25825.0000000;1
SPFB.MTSI-6.19;60;20190301;210000;26184.0000000;26333.0000000;26184.0000000;26333.0000000;10
SPFB.MTSI-6.19;60;20190305;170000;26193.0000000;26225.0000000;26193.0000000;26225.0000000;3
SPFB.MTSI-6.19;60;20190307;110000;25726.0000000;25726.0000000;25726.0000000;25726.0000000;2
SPFB.MTSI-6.19;60;20190307;180000;25777.0000000;25777.0000000;25777.0000000;25777.0000000;1
SPFB.MTSI-6.19;60;20190311;130000;26110.0000000;26121.0000000;26110.0000000;26113.0000000;6
SPFB.MTSI-6.19;60;20190311;140000;25901.0000000;25901.0000000;25901.0000000;25901.0000000;2
SPFB.MTSI-6.19;60;20190311;230000;26673.0000000;26673.0000000;26673.0000000;26673.0000000;1
SPFB.MTSI-6.19;60;20190312;130000;26347.0000000;26347.0000000;26347.0000000;26347.0000000;1
SPFB.MTSI-6.19;60;20190312;140000;26340.0000000;26343.0000000;26340.0000000;26343.0000000;3
SPFB.MTSI-6.19;60;20190313;120000;26257.0000000;26257.0000000;26206.0000000;26246.0000000;109
SPFB.MTSI-6.19;60;20190313;140000;26052.0000000;26052.0000000;26052.0000000;26052.0000000;1
SPFB.MTSI-6.19;60;20190313;160000;26051.0000000;26051.0000000;26050.0000000;26050.0000000;3
SPFB.MTSI-6.19;60;20190314;000000;26500.0000000;26500.0000000;26500.0000000;26500.0000000;2
SPFB.MTSI-6.19;60;20190314;120000;26226.0000000;26226.0000000;26220.0000000;26220.0000000;4
SPFB.MTSI-6.19;60;20190314;140000;26002.0000000;26002.0000000;26000.0000000;26000.0000000;4
SPFB.MTSI-6.19;60;20190315;000000;26639.0000000;26639.0000000;26639.0000000;26639.0000000;1
SPFB.MTSI-6.19;60;20190315;120000;26514.0000000;26514.0000000;26332.0000000;26390.0000000;43
SPFB.MTSI-6.19;60;20190315;130000;26408.0000000;26420.0000000;26355.0000000;26420.0000000;7
SPFB.MTSI-6.19;60;20190315;140000;26345.0000000;26345.0000000;26345.0000000;26345.0000000;1
SPFB.MTSI-6.19;60;20190315;160000;26382.0000000;26412.0000000;26382.0000000;26402.0000000;36
SPFB.MTSI-6.19;60;20190315;170000;26402.0000000;26402.0000000;26402.0000000;26402.0000000;9
SPFB.MTSI-6.19;60;20190315;180000;26392.0000000;26392.0000000;26392.0000000;26392.0000000;19
SPFB.MTSI-6.19;60;20190315;190000;26370.0000000;26370.0000000;26345.0000000;26345.0000000;5
SPFB.MTSI-6.19;60;20190318;110000;26210.0000000;26278.0000000;26193.0000000;26263.0000000;21
SPFB.MTSI-6.19;60;20190318;120000;26201.0000000;26327.0000000;26160.0000000;26326.0000000;54
SPFB.MTSI-6.19;60;20190318;130000;26317.0000000;26317.0000000;26293.0000000;26293.0000000;13
SPFB.MTSI-6.19;60;20190318;140000;26288.0000000;26288.0000000;26275.0000000;26275.0000000;11
SPFB.MTSI-6.19;60;20190318;150000;26268.0000000;26277.0000000;26268.0000000;26277.0000000;7
SPFB.MTSI-6.19;60;20190318;160000;26280.0000000;26280.0000000;26280.0000000;26280.0000000;10
SPFB.MTSI-6.19;60;20190318;170000;26217.0000000;26350.0000000;26217.0000000;26342.0000000;1043
SPFB.MTSI-6.19;60;20190318;180000;26453.0000000;26679.0000000;26428.0000000;26603.0000000;20
SPFB.MTSI-6.19;60;20190318;190000;26631.0000000;26700.0000000;26631.0000000;26700.0000000;8
SPFB.MTSI-6.19;60;20190318;220000;26850.0000000;26949.0000000;26750.0000000;26762.0000000;111
SPFB.MTSI-6.19;60;20190319;000000;26750.0000000;26750.0000000;26750.0000000;26750.0000000;3
SPFB.MTSI-6.19;60;20190319;110000;26713.0000000;26713.0000000;26549.0000000;26704.0000000;524
SPFB.MTSI-6.19;60;20190319;120000;26694.0000000;26704.0000000;26669.0000000;26700.0000000;49
SPFB.MTSI-6.19;60;20190319;130000;26714.0000000;26714.0000000;26613.0000000;26695.0000000;73
SPFB.MTSI-6.19;60;20190319;140000;26684.0000000;26736.0000000;26679.0000000;26702.0000000;37
SPFB.MTSI-6.19;60;20190319;150000;26760.0000000;26860.0000000;26760.0000000;26850.0000000;24
SPFB.MTSI-6.19;60;20190319;160000;26890.0000000;26920.0000000;26890.0000000;26919.0000000;26
SPFB.MTSI-6.19;60;20190319;170000;26886.0000000;26886.0000000;26457.0000000;26457.0000000;81
SPFB.MTSI-6.19;60;20190319;180000;26457.0000000;26603.0000000;26457.0000000;26501.0000000;51
SPFB.MTSI-6.19;60;20190319;190000;26461.0000000;26461.0000000;26428.0000000;26428.0000000;6
SPFB.MTSI-6.19;60;20190319;200000;26617.0000000;26687.0000000;26501.0000000;26532.0000000;158
SPFB.MTSI-6.19;60;20190319;210000;26524.0000000;26612.0000000;26500.0000000;26540.0000000;146
SPFB.MTSI-6.19;60;20190319;220000;26601.0000000;26796.0000000;26499.0000000;26651.0000000;60
SPFB.MTSI-6.19;60;20190319;230000;26650.0000000;26650.0000000;26470.0000000;26570.0000000;14
SPFB.MTSI-6.19;60;20190320;110000;26570.0000000;26623.0000000;26458.0000000;26623.0000000;27
SPFB.MTSI-6.19;60;20190320;120000;26534.0000000;26566.0000000;26476.0000000;26522.0000000;25
SPFB.MTSI-6.19;60;20190320;130000;26600.0000000;26600.0000000;26591.0000000;26600.0000000;44
SPFB.MTSI-6.19;60;20190320;140000;26590.0000000;26590.0000000;26562.0000000;26566.0000000;18
SPFB.MTSI-6.19;60;20190320;150000;26575.0000000;26620.0000000;26575.0000000;26613.0000000;4
SPFB.MTSI-6.19;60;20190320;170000;26697.0000000;26726.0000000;26400.0000000;26400.0000000;103
SPFB.MTSI-6.19;60;20190320;180000;26340.0000000;26340.0000000;26111.0000000;26182.0000000;214
SPFB.MTSI-6.19;60;20190320;190000;26164.0000000;26219.0000000;26065.0000000;26077.0000000;178
SPFB.MTSI-6.19;60;20190320;200000;25895.0000000;26252.0000000;25803.0000000;25850.0000000;174
SPFB.MTSI-6.19;60;20190320;210000;25969.0000000;25969.0000000;25755.0000000;25755.0000000;31
SPFB.MTSI-6.19;60;20190320;220000;25942.0000000;25964.0000000;25756.0000000;25900.0000000;129
SPFB.MTSI-6.19;60;20190320;230000;25900.0000000;25900.0000000;25831.0000000;25869.0000000;13
SPFB.MTSI-6.19;60;20190321;000000;25900.0000000;25947.0000000;25900.0000000;25947.0000000;5
SPFB.MTSI-6.19;60;20190321;110000;25963.0000000;26170.0000000;25915.0000000;25982.0000000;244
SPFB.MTSI-6.19;60;20190321;120000;26009.0000000;26180.0000000;26009.0000000;26140.0000000;57
SPFB.MTSI-6.19;60;20190321;130000;26130.0000000;26130.0000000;26068.0000000;26069.0000000;14
SPFB.MTSI-6.19;60;20190321;140000;26086.0000000;26119.0000000;26083.0000000;26119.0000000;8
SPFB.MTSI-6.19;60;20190321;150000;26119.0000000;26119.0000000;26045.0000000;26045.0000000;6
SPFB.MTSI-6.19;60;20190321;160000;26040.0000000;27688.0000000;26040.0000000;27399.0000000;912
SPFB.MTSI-6.19;60;20190321;170000;27413.0000000;27413.0000000;27048.0000000;27183.0000000;847
SPFB.MTSI-6.19;60;20190321;180000;27144.0000000;27184.0000000;27131.0000000;27162.0000000;30
SPFB.MTSI-6.19;60;20190321;190000;27194.0000000;27208.0000000;26978.0000000;26978.0000000;159
SPFB.MTSI-6.19;60;20190321;200000;27000.0000000;27000.0000000;26755.0000000;26805.0000000;113
SPFB.MTSI-6.19;60;20190321;210000;26966.0000000;26966.0000000;26944.0000000;26944.0000000;10
SPFB.MTSI-6.19;60;20190321;220000;26972.0000000;26985.0000000;26972.0000000;26985.0000000;3
SPFB.MTSI-6.19;60;20190322;110000;26900.0000000;27095.0000000;26900.0000000;27038.0000000;174
SPFB.MTSI-6.19;60;20190322;120000;27009.0000000;27009.0000000;26900.0000000;26940.0000000;59
SPFB.MTSI-6.19;60;20190322;130000;26900.0000000;26974.0000000;26900.0000000;26963.0000000;13
SPFB.MTSI-6.19;60;20190322;140000;26867.0000000;26963.0000000;26867.0000000;26950.0000000;17
SPFB.MTSI-6.19;60;20190322;150000;26949.0000000;27016.0000000;26948.0000000;26948.0000000;9
SPFB.MTSI-6.19;60;20190322;160000;27035.0000000;27035.0000000;27015.0000000;27015.0000000;3
SPFB.MTSI-6.19;60;20190322;170000;27019.0000000;27044.0000000;26976.0000000;26996.0000000;11
SPFB.MTSI-6.19;60;20190322;180000;26951.0000000;26965.0000000;26790.0000000;26790.0000000;85
SPFB.MTSI-6.19;60;20190322;190000;26790.0000000;26849.0000000;26718.0000000;26845.0000000;64
SPFB.MTSI-6.19;60;20190322;200000;26710.0000000;26728.0000000;26550.0000000;26595.0000000;39
SPFB.MTSI-6.19;60;20190322;210000;26591.0000000;26591.0000000;26582.0000000;26582.0000000;4
SPFB.MTSI-6.19;60;20190322;220000;26599.0000000;26623.0000000;26565.0000000;26623.0000000;29
SPFB.MTSI-6.19;60;20190322;230000;26560.0000000;26607.0000000;26370.0000000;26556.0000000;220
SPFB.MTSI-6.19;60;20190323;000000;26550.0000000;26550.0000000;26510.0000000;26520.0000000;9
SPFB.MTSI-6.19;60;20190325;110000;26549.0000000;26647.0000000;26507.0000000;26586.0000000;405
SPFB.MTSI-6.19;60;20190325;120000;26589.0000000;26747.0000000;26589.0000000;26747.0000000;49
SPFB.MTSI-6.19;60;20190325;130000;26716.0000000;26755.0000000;26606.0000000;26606.0000000;38
SPFB.MTSI-6.19;60;20190325;140000;26624.0000000;26696.0000000;26589.0000000;26696.0000000;24
SPFB.MTSI-6.19;60;20190325;150000;26688.0000000;26780.0000000;26633.0000000;26770.0000000;29
SPFB.MTSI-6.19;60;20190325;160000;26836.0000000;26836.0000000;26701.0000000;26701.0000000;10
SPFB.MTSI-6.19;60;20190325;170000;26676.0000000;26681.0000000;26490.0000000;26490.0000000;36
SPFB.MTSI-6.19;60;20190325;180000;26490.0000000;26490.0000000;26275.0000000;26340.0000000;90
SPFB.MTSI-6.19;60;20190325;190000;26381.0000000;26413.0000000;26363.0000000;26370.0000000;25
SPFB.MTSI-6.19;60;20190325;200000;26340.0000000;26352.0000000;26202.0000000;26319.0000000;107
SPFB.MTSI-6.19;60;20190325;220000;26300.0000000;26300.0000000;26300.0000000;26300.0000000;1
SPFB.MTSI-6.19;60;20190325;230000;26250.0000000;26250.0000000;26250.0000000;26250.0000000;1
SPFB.MTSI-6.19;60;20190326;110000;26296.0000000;26608.0000000;26272.0000000;26608.0000000;105
SPFB.MTSI-6.19;60;20190326;120000;26615.0000000;26615.0000000;26495.0000000;26543.0000000;10
SPFB.MTSI-6.19;60;20190326;130000;26578.0000000;26728.0000000;26578.0000000;26728.0000000;21
SPFB.MTSI-6.19;60;20190326;140000;26670.0000000;26697.0000000;26665.0000000;26672.0000000;4
SPFB.MTSI-6.19;60;20190326;150000;26696.0000000;26696.0000000;26696.0000000;26696.0000000;1
SPFB.MTSI-6.19;60;20190326;160000;26590.0000000;26624.0000000;26590.0000000;26612.0000000;4
SPFB.MTSI-6.19;60;20190326;170000;26602.0000000;26610.0000000;26500.0000000;26541.0000000;40
SPFB.MTSI-6.19;60;20190326;180000;26502.0000000;26566.0000000;26426.0000000;26526.0000000;202
SPFB.MTSI-6.19;60;20190326;190000;26533.0000000;26533.0000000;26354.0000000;26354.0000000;44
SPFB.MTSI-6.19;60;20190326;200000;26357.0000000;26409.0000000;26357.0000000;26400.0000000;6
SPFB.MTSI-6.19;60;20190326;210000;26388.0000000;26498.0000000;26380.0000000;26459.0000000;179
SPFB.MTSI-6.19;60;20190326;220000;26468.0000000;26468.0000000;26464.0000000;26464.0000000;3
SPFB.MTSI-6.19;60;20190327;110000;26488.0000000;26505.0000000;26432.0000000;26436.0000000;30
SPFB.MTSI-6.19;60;20190327;120000;26380.0000000;26395.0000000;26334.0000000;26354.0000000;41
SPFB.MTSI-6.19;60;20190327;130000;26381.0000000;26381.0000000;26381.0000000;26381.0000000;1
SPFB.MTSI-6.19;60;20190327;140000;26455.0000000;26467.0000000;26455.0000000;26467.0000000;3
SPFB.MTSI-6.19;60;20190327;150000;26456.0000000;26520.0000000;26450.0000000;26481.0000000;4
SPFB.MTSI-6.19;60;20190327;170000;26480.0000000;26480.0000000;26291.0000000;26291.0000000;59
SPFB.MTSI-6.19;60;20190327;180000;26223.0000000;26223.0000000;26114.0000000;26122.0000000;23
SPFB.MTSI-6.19;60;20190327;190000;26123.0000000;26124.0000000;26011.0000000;26012.0000000;122
SPFB.MTSI-6.19;60;20190328;000000;26079.0000000;26079.0000000;26079.0000000;26079.0000000;1
SPFB.MTSI-6.19;60;20190328;110000;26050.0000000;26079.0000000;25826.0000000;25826.0000000;185
SPFB.MTSI-6.19;60;20190328;120000;25902.0000000;25933.0000000;25900.0000000;25900.0000000;6
SPFB.MTSI-6.19;60;20190328;130000;25987.0000000;26325.0000000;25987.0000000;26133.0000000;134
SPFB.MTSI-6.19;60;20190328;150000;26104.0000000;26178.0000000;26087.0000000;26101.0000000;7
SPFB.MTSI-6.19;60;20190328;160000;26101.0000000;26127.0000000;26021.0000000;26127.0000000;112
SPFB.MTSI-6.19;60;20190328;170000;26000.0000000;26000.0000000;25643.0000000;25650.0000000;194
SPFB.MTSI-6.19;60;20190328;180000;25700.0000000;25719.0000000;25661.0000000;25661.0000000;245
SPFB.MTSI-6.19;60;20190328;190000;25660.0000000;25660.0000000;25658.0000000;25658.0000000;4
SPFB.MTSI-6.19;60;20190328;200000;25711.0000000;25711.0000000;25711.0000000;25711.0000000;2
SPFB.MTSI-6.19;60;20190328;210000;25670.0000000;25670.0000000;25652.0000000;25652.0000000;7
SPFB.MTSI-6.19;60;20190329;110000;25692.0000000;25700.0000000;25530.0000000;25597.0000000;39
SPFB.MTSI-6.19;60;20190329;120000;25597.0000000;25600.0000000;25507.0000000;25575.0000000;125
SPFB.MTSI-6.19;60;20190329;130000;25590.0000000;25645.0000000;25590.0000000;25617.0000000;24
SPFB.MTSI-6.19;60;20190329;140000;25616.0000000;25664.0000000;25616.0000000;25664.0000000;7
SPFB.MTSI-6.19;60;20190329;150000;25686.0000000;25836.0000000;25686.0000000;25832.0000000;103
SPFB.MTSI-6.19;60;20190329;160000;25765.0000000;25765.0000000;25765.0000000;25765.0000000;1
SPFB.MTSI-6.19;60;20190329;170000;25811.0000000;25812.0000000;25394.0000000;25465.0000000;357
SPFB.MTSI-6.19;60;20190329;180000;25436.0000000;25512.0000000;25300.0000000;25351.0000000;344
SPFB.MTSI-6.19;60;20190329;190000;25376.0000000;25457.0000000;25313.0000000;25457.0000000;25
SPFB.MTSI-6.19;60;20190329;200000;25396.0000000;25449.0000000;25332.0000000;25363.0000000;189
SPFB.MTSI-6.19;60;20190329;210000;25363.0000000;25420.0000000;25291.0000000;25350.0000000;28
SPFB.MTSI-6.19;60;20190329;230000;25350.0000000;25350.0000000;25350.0000000;25350.0000000;1
SPFB.MTSI-6.19;60;20190330;000000;25358.0000000;25491.0000000;25318.0000000;25487.0000000;111
SPFB.MTSI-6.19;60;20190401;110000;25500.0000000;25505.0000000;25396.0000000;25473.0000000;56
SPFB.MTSI-6.19;60;20190401;120000;25510.0000000;25588.0000000;25510.0000000;25518.0000000;17
SPFB.MTSI-6.19;60;20190401;130000;25526.0000000;25540.0000000;25516.0000000;25536.0000000;10
SPFB.MTSI-6.19;60;20190401;140000;25572.0000000;25572.0000000;25456.0000000;25472.0000000;77
SPFB.MTSI-6.19;60;20190401;150000;25499.0000000;25572.0000000;25499.0000000;25572.0000000;12
SPFB.MTSI-6.19;60;20190401;160000;25568.0000000;25583.0000000;25560.0000000;25565.0000000;145
SPFB.MTSI-6.19;60;20190401;170000;25558.0000000;25613.0000000;25368.0000000;25405.0000000;304
SPFB.MTSI-6.19;60;20190401;180000;25419.0000000;25462.0000000;25349.0000000;25441.0000000;58
SPFB.MTSI-6.19;60;20190401;190000;25470.0000000;25531.0000000;25468.0000000;25515.0000000;32
SPFB.MTSI-6.19;60;20190401;200000;25441.0000000;25545.0000000;25441.0000000;25537.0000000;37
SPFB.MTSI-6.19;60;20190401;210000;25503.0000000;25541.0000000;25499.0000000;25524.0000000;66
SPFB.MTSI-6.19;60;20190401;220000;25533.0000000;25533.0000000;25533.0000000;25533.0000000;1
SPFB.MTSI-6.19;60;20190401;230000;25531.0000000;25699.0000000;25531.0000000;25699.0000000;34
SPFB.MTSI-6.19;60;20190402;110000;25580.0000000;25780.0000000;25580.0000000;25779.0000000;630
SPFB.MTSI-6.19;60;20190402;120000;25765.0000000;25778.0000000;25715.0000000;25761.0000000;1258
SPFB.MTSI-6.19;60;20190402;130000;25721.0000000;25751.0000000;25715.0000000;25739.0000000;243
SPFB.MTSI-6.19;60;20190402;140000;25740.0000000;25759.0000000;25735.0000000;25759.0000000;169
SPFB.MTSI-6.19;60;20190402;150000;25766.0000000;25766.0000000;25740.0000000;25740.0000000;4
SPFB.MTSI-6.19;60;20190402;160000;25736.0000000;25740.0000000;25720.0000000;25720.0000000;8
SPFB.MTSI-6.19;60;20190402;170000;25740.0000000;26053.0000000;25740.0000000;25975.0000000;133
SPFB.MTSI-6.19;60;20190402;180000;25948.0000000;25973.0000000;25827.0000000;25962.0000000;62
SPFB.MTSI-6.19;60;20190402;190000;25962.0000000;25962.0000000;25875.0000000;25920.0000000;24
SPFB.MTSI-6.19;60;20190402;200000;25885.0000000;25892.0000000;25865.0000000;25892.0000000;15
SPFB.MTSI-6.19;60;20190402;210000;25999.0000000;26034.0000000;25950.0000000;25952.0000000;8
SPFB.MTSI-6.19;60;20190402;220000;25968.0000000;26053.0000000;25950.0000000;26053.0000000;43
SPFB.MTSI-6.19;60;20190402;230000;26129.0000000;26130.0000000;26087.0000000;26128.0000000;7
SPFB.MTSI-6.19;60;20190403;110000;26099.0000000;26111.0000000;26041.0000000;26103.0000000;86
SPFB.MTSI-6.19;60;20190403;120000;26177.0000000;26180.0000000;26125.0000000;26125.0000000;20
SPFB.MTSI-6.19;60;20190403;130000;26109.0000000;26114.0000000;26000.0000000;26000.0000000;42
SPFB.MTSI-6.19;60;20190403;140000;26100.0000000;26205.0000000;26100.0000000;26100.0000000;98
SPFB.MTSI-6.19;60;20190403;150000;26123.0000000;26221.0000000;26123.0000000;26181.0000000;30
SPFB.MTSI-6.19;60;20190403;160000;26195.0000000;26200.0000000;26155.0000000;26155.0000000;21
SPFB.MTSI-6.19;60;20190403;170000;26165.0000000;26249.0000000;26051.0000000;26098.0000000;130
SPFB.MTSI-6.19;60;20190403;180000;26014.0000000;26151.0000000;25999.0000000;26048.0000000;29
SPFB.MTSI-6.19;60;20190403;190000;26003.0000000;26120.0000000;26003.0000000;26065.0000000;14
SPFB.MTSI-6.19;60;20190403;200000;26110.0000000;26111.0000000;26049.0000000;26088.0000000;73
SPFB.MTSI-6.19;60;20190403;210000;26096.0000000;26097.0000000;26055.0000000;26073.0000000;42
SPFB.MTSI-6.19;60;20190403;220000;25988.0000000;26056.0000000;25890.0000000;26021.0000000;30
SPFB.MTSI-6.19;60;20190403;230000;26012.0000000;26053.0000000;25982.0000000;26048.0000000;51
SPFB.MTSI-6.19;60;20190404;000000;26046.0000000;26058.0000000;26005.0000000;26029.0000000;137
SPFB.MTSI-6.19;60;20190404;110000;26096.0000000;26206.0000000;26087.0000000;26179.0000000;90
SPFB.MTSI-6.19;60;20190404;120000;26161.0000000;26161.0000000;26105.0000000;26145.0000000;44
SPFB.MTSI-6.19;60;20190404;130000;26150.0000000;26150.0000000;26070.0000000;26088.0000000;38
SPFB.MTSI-6.19;60;20190404;140000;26095.0000000;26156.0000000;26095.0000000;26156.0000000;28
SPFB.MTSI-6.19;60;20190404;150000;26162.0000000;26210.0000000;26145.0000000;26210.0000000;14
SPFB.MTSI-6.19;60;20190404;160000;26185.0000000;26186.0000000;26155.0000000;26155.0000000;13
SPFB.MTSI-6.19;60;20190404;170000;26170.0000000;26230.0000000;26130.0000000;26230.0000000;43
SPFB.MTSI-6.19;60;20190404;180000;26230.0000000;26400.0000000;26230.0000000;26400.0000000;109
SPFB.MTSI-6.19;60;20190404;190000;26373.0000000;26373.0000000;26315.0000000;26367.0000000;29
SPFB.MTSI-6.19;60;20190404;200000;26376.0000000;26500.0000000;26302.0000000;26500.0000000;69
SPFB.MTSI-6.19;60;20190404;210000;26480.0000000;26610.0000000;26480.0000000;26610.0000000;172
SPFB.MTSI-6.19;60;20190404;220000;26536.0000000;26635.0000000;26534.0000000;26633.0000000;101
SPFB.MTSI-6.19;60;20190404;230000;26599.0000000;26599.0000000;26565.0000000;26598.0000000;64
SPFB.MTSI-6.19;60;20190405;000000;26590.0000000;26590.0000000;26590.0000000;26590.0000000;1
SPFB.MTSI-6.19;60;20190405;110000;26565.0000000;26673.0000000;26507.0000000;26595.0000000;248
SPFB.MTSI-6.19;60;20190405;120000;26550.0000000;26601.0000000;26477.0000000;26506.0000000;88
SPFB.MTSI-6.19;60;20190405;130000;26489.0000000;26501.0000000;26448.0000000;26450.0000000;20
SPFB.MTSI-6.19;60;20190405;140000;26465.0000000;26486.0000000;26430.0000000;26486.0000000;8
SPFB.MTSI-6.19;60;20190405;150000;26454.0000000;26490.0000000;26450.0000000;26485.0000000;28
SPFB.MTSI-6.19;60;20190405;160000;26510.0000000;26583.0000000;26510.0000000;26547.0000000;26
SPFB.MTSI-6.19;60;20190405;170000;26550.0000000;26611.0000000;26550.0000000;26600.0000000;36
SPFB.MTSI-6.19;60;20190405;180000;26601.0000000;26673.0000000;26601.0000000;26618.0000000;21
SPFB.MTSI-6.19;60;20190405;190000;26618.0000000;26620.0000000;26537.0000000;26537.0000000;28
SPFB.MTSI-6.19;60;20190405;200000;26670.0000000;26724.0000000;26620.0000000;26724.0000000;30
SPFB.MTSI-6.19;60;20190405;210000;26699.0000000;26752.0000000;26695.0000000;26748.0000000;94
SPFB.MTSI-6.19;60;20190405;220000;26749.0000000;26749.0000000;26749.0000000;26749.0000000;3
SPFB.MTSI-6.19;60;20190405;230000;26749.0000000;26754.0000000;26722.0000000;26754.0000000;16
SPFB.MTSI-6.19;60;20190406;000000;26733.0000000;26755.0000000;26703.0000000;26703.0000000;31
SPFB.MTSI-6.19;60;20190408;110000;26697.0000000;26699.0000000;26645.0000000;26654.0000000;55
SPFB.MTSI-6.19;60;20190408;120000;26654.0000000;26657.0000000;26578.0000000;26624.0000000;47
SPFB.MTSI-6.19;60;20190408;130000;26632.0000000;26632.0000000;26632.0000000;26632.0000000;1
SPFB.MTSI-6.19;60;20190408;140000;26622.0000000;26632.0000000;26540.0000000;26577.0000000;374
SPFB.MTSI-6.19;60;20190408;150000;26577.0000000;26599.0000000;26478.0000000;26492.0000000;160
SPFB.MTSI-6.19;60;20190408;160000;26486.0000000;26486.0000000;26237.0000000;26248.0000000;151
SPFB.MTSI-6.19;60;20190408;170000;26221.0000000;26415.0000000;26200.0000000;26352.0000000;88
SPFB.MTSI-6.19;60;20190408;180000;26389.0000000;26446.0000000;26326.0000000;26339.0000000;52
SPFB.MTSI-6.19;60;20190408;190000;26328.0000000;26328.0000000;26245.0000000;26258.0000000;24
SPFB.MTSI-6.19;60;20190408;200000;26255.0000000;26334.0000000;26255.0000000;26334.0000000;20
SPFB.MTSI-6.19;60;20190408;210000;26338.0000000;26428.0000000;26338.0000000;26428.0000000;6
SPFB.MTSI-6.19;60;20190408;220000;26420.0000000;26538.0000000;26359.0000000;26538.0000000;122
SPFB.MTSI-6.19;60;20190408;230000;26490.0000000;26535.0000000;26480.0000000;26500.0000000;65
SPFB.MTSI-6.19;60;20190409;000000;26473.0000000;26479.0000000;26467.0000000;26467.0000000;19
SPFB.MTSI-6.19;60;20190409;110000;26432.0000000;26570.0000000;26405.0000000;26553.0000000;165
SPFB.MTSI-6.19;60;20190409;120000;26544.0000000;26544.0000000;26478.0000000;26487.0000000;5
SPFB.MTSI-6.19;60;20190409;130000;26462.0000000;26462.0000000;26432.0000000;26432.0000000;20
SPFB.MTSI-6.19;60;20190409;140000;26490.0000000;26490.0000000;26352.0000000;26390.0000000;15
SPFB.MTSI-6.19;60;20190409;150000;26410.0000000;26412.0000000;26382.0000000;26382.0000000;14
SPFB.MTSI-6.19;60;20190409;160000;26390.0000000;26390.0000000;26321.0000000;26384.0000000;24
SPFB.MTSI-6.19;60;20190409;170000;26420.0000000;26455.0000000;26325.0000000;26455.0000000;33
SPFB.MTSI-6.19;60;20190409;180000;26419.0000000;26500.0000000;26367.0000000;26428.0000000;69
SPFB.MTSI-6.19;60;20190409;190000;26420.0000000;26431.0000000;26305.0000000;26310.0000000;10
SPFB.MTSI-6.19;60;20190409;200000;26284.0000000;26466.0000000;26081.0000000;26174.0000000;104
SPFB.MTSI-6.19;60;20190409;210000;26174.0000000;26190.0000000;26174.0000000;26190.0000000;11
SPFB.MTSI-6.19;60;20190409;220000;26189.0000000;26290.0000000;26189.0000000;26218.0000000;4
SPFB.MTSI-6.19;60;20190409;230000;26218.0000000;26218.0000000;26191.0000000;26191.0000000;2
SPFB.MTSI-6.19;60;20190410;110000;26228.0000000;26304.0000000;26135.0000000;26154.0000000;95
SPFB.MTSI-6.19;60;20190410;120000;26158.0000000;26196.0000000;26110.0000000;26110.0000000;75
SPFB.MTSI-6.19;60;20190410;130000;26102.0000000;26114.0000000;26068.0000000;26114.0000000;18
SPFB.MTSI-6.19;60;20190410;140000;26086.0000000;26140.0000000;26050.0000000;26065.0000000;155
SPFB.MTSI-6.19;60;20190410;150000;26065.0000000;26140.0000000;26051.0000000;26116.0000000;68
SPFB.MTSI-6.19;60;20190410;160000;26121.0000000;26121.0000000;26100.0000000;26102.0000000;17
SPFB.MTSI-6.19;60;20190410;170000;26116.0000000;26116.0000000;25997.0000000;26010.0000000;78
SPFB.MTSI-6.19;60;20190410;180000;26010.0000000;26510.0000000;26010.0000000;26050.0000000;67
SPFB.MTSI-6.19;60;20190410;190000;26066.0000000;26140.0000000;26050.0000000;26140.0000000;11
SPFB.MTSI-6.19;60;20190410;200000;26263.0000000;26324.0000000;26238.0000000;26324.0000000;15
SPFB.MTSI-6.19;60;20190410;210000;26319.0000000;26327.0000000;26202.0000000;26202.0000000;19
SPFB.MTSI-6.19;60;20190410;220000;26203.0000000;26271.0000000;26199.0000000;26207.0000000;54
SPFB.MTSI-6.19;60;20190410;230000;26265.0000000;26328.0000000;26144.0000000;26144.0000000;43
SPFB.MTSI-6.19;60;20190411;000000;26151.0000000;26210.0000000;26145.0000000;26210.0000000;9
SPFB.MTSI-6.19;60;20190411;110000;26170.0000000;26276.0000000;26088.0000000;26269.0000000;148
SPFB.MTSI-6.19;60;20190411;120000;26267.0000000;26364.0000000;26217.0000000;26327.0000000;105
SPFB.MTSI-6.19;60;20190411;130000;26315.0000000;26440.0000000;26296.0000000;26379.0000000;166
SPFB.MTSI-6.19;60;20190411;140000;26350.0000000;26383.0000000;26305.0000000;26340.0000000;20
SPFB.MTSI-6.19;60;20190411;150000;26335.0000000;26362.0000000;26334.0000000;26354.0000000;39
SPFB.MTSI-6.19;60;20190411;160000;26349.0000000;26421.0000000;26349.0000000;26420.0000000;28
SPFB.MTSI-6.19;60;20190411;170000;26420.0000000;26460.0000000;26106.0000000;26349.0000000;72
SPFB.MTSI-6.19;60;20190411;180000;26246.0000000;26258.0000000;26110.0000000;26123.0000000;103
SPFB.MTSI-6.19;60;20190411;190000;26140.0000000;26264.0000000;26123.0000000;26123.0000000;30
SPFB.MTSI-6.19;60;20190411;220000;26197.0000000;26257.0000000;26194.0000000;26199.0000000;22
SPFB.MTSI-6.19;60;20190412;000000;26295.0000000;26295.0000000;26290.0000000;26290.0000000;2
SPFB.MTSI-6.19;60;20190412;110000;26399.0000000;26479.0000000;26349.0000000;26351.0000000;58
SPFB.MTSI-6.19;60;20190412;120000;26454.0000000;26454.0000000;26205.0000000;26375.0000000;24
SPFB.MTSI-6.19;60;20190412;130000;26344.0000000;26344.0000000;26300.0000000;26300.0000000;2
SPFB.MTSI-6.19;60;20190412;140000;26295.0000000;26308.0000000;26287.0000000;26289.0000000;8
SPFB.MTSI-6.19;60;20190412;150000;26290.0000000;26349.0000000;26290.0000000;26290.0000000;15
SPFB.MTSI-6.19;60;20190412;160000;26414.0000000;26469.0000000;26414.0000000;26469.0000000;11
SPFB.MTSI-6.19;60;20190412;170000;26274.0000000;26450.0000000;26132.0000000;26162.0000000;53
SPFB.MTSI-6.19;60;20190412;180000;26132.0000000;26190.0000000;25932.0000000;25950.0000000;156
SPFB.MTSI-6.19;60;20190412;190000;25970.0000000;26011.0000000;25821.0000000;25905.0000000;289
SPFB.MTSI-6.19;60;20190412;200000;25944.0000000;25944.0000000;25801.0000000;25820.0000000;24
SPFB.MTSI-6.19;60;20190412;210000;25853.0000000;25853.0000000;25853.0000000;25853.0000000;1
SPFB.MTSI-6.19;60;20190412;220000;25861.0000000;25944.0000000;25861.0000000;25944.0000000;6
SPFB.MTSI-6.19;60;20190412;230000;25888.0000000;25902.0000000;25858.0000000;25858.0000000;12
SPFB.MTSI-6.19;60;20190415;110000;25944.0000000;26106.0000000;25943.0000000;26050.0000000;112
SPFB.MTSI-6.19;60;20190415;120000;26039.0000000;26132.0000000;26037.0000000;26094.0000000;50
SPFB.MTSI-6.19;60;20190415;130000;26132.0000000;26272.0000000;26112.0000000;26272.0000000;29
SPFB.MTSI-6.19;60;20190415;140000;26217.0000000;26350.0000000;26217.0000000;26297.0000000;144
SPFB.MTSI-6.19;60;20190415;150000;26270.0000000;26283.0000000;26175.0000000;26283.0000000;73
SPFB.MTSI-6.19;60;20190415;160000;26211.0000000;26211.0000000;26210.0000000;26210.0000000;5
SPFB.MTSI-6.19;60;20190415;170000;26292.0000000;26292.0000000;26000.0000000;26130.0000000;281
SPFB.MTSI-6.19;60;20190415;180000;26090.0000000;26159.0000000;26030.0000000;26065.0000000;250
SPFB.MTSI-6.19;60;20190415;190000;26050.0000000;26076.0000000;26050.0000000;26050.0000000;37
SPFB.MTSI-6.19;60;20190415;200000;26048.0000000;26048.0000000;25821.0000000;25900.0000000;114
SPFB.MTSI-6.19;60;20190415;220000;25948.0000000;25991.0000000;25948.0000000;25989.0000000;12
SPFB.MTSI-6.19;60;20190415;230000;25957.0000000;25965.0000000;25957.0000000;25965.0000000;8
SPFB.MTSI-6.19;60;20190416;000000;25990.0000000;26035.0000000;25990.0000000;26035.0000000;13
SPFB.MTSI-6.19;60;20190416;110000;26058.0000000;26142.0000000;26030.0000000;26087.0000000;41
SPFB.MTSI-6.19;60;20190416;120000;26137.0000000;26137.0000000;25980.0000000;26112.0000000;101
SPFB.MTSI-6.19;60;20190416;130000;26065.0000000;26132.0000000;26061.0000000;26132.0000000;157
SPFB.MTSI-6.19;60;20190416;140000;26092.0000000;26141.0000000;26061.0000000;26061.0000000;57
SPFB.MTSI-6.19;60;20190416;150000;26065.0000000;26172.0000000;26050.0000000;26172.0000000;133
SPFB.MTSI-6.19;60;20190416;160000;26173.0000000;26173.0000000;26050.0000000;26154.0000000;94
SPFB.MTSI-6.19;60;20190416;170000;26128.0000000;26140.0000000;25560.0000000;25668.0000000;1490
SPFB.MTSI-6.19;60;20190416;180000;25670.0000000;25777.0000000;25605.0000000;25716.0000000;104
SPFB.MTSI-6.19;60;20190416;190000;25715.0000000;25789.0000000;25670.0000000;25738.0000000;34
SPFB.MTSI-6.19;60;20190416;200000;25885.0000000;25885.0000000;25645.0000000;25746.0000000;41
SPFB.MTSI-6.19;60;20190416;210000;25749.0000000;25749.0000000;25749.0000000;25749.0000000;1
SPFB.MTSI-6.19;60;20190416;220000;25709.0000000;25709.0000000;25662.0000000;25662.0000000;2
SPFB.MTSI-6.19;60;20190416;230000;25708.0000000;25732.0000000;25684.0000000;25684.0000000;7
SPFB.MTSI-6.19;60;20190417;110000;25776.0000000;25835.0000000;25776.0000000;25829.0000000;57
SPFB.MTSI-6.19;60;20190417;120000;25852.0000000;25852.0000000;25822.0000000;25822.0000000;10
SPFB.MTSI-6.19;60;20190417;130000;25850.0000000;25870.0000000;25850.0000000;25870.0000000;9
SPFB.MTSI-6.19;60;20190417;140000;25836.0000000;25836.0000000;25825.0000000;25825.0000000;24
SPFB.MTSI-6.19;60;20190417;150000;25858.0000000;25867.0000000;25828.0000000;25828.0000000;16
SPFB.MTSI-6.19;60;20190417;160000;25825.0000000;25825.0000000;25761.0000000;25786.0000000;11
SPFB.MTSI-6.19;60;20190417;170000;25768.0000000;25800.0000000;25600.0000000;25676.0000000;168
SPFB.MTSI-6.19;60;20190417;180000;25673.0000000;25814.0000000;25600.0000000;25697.0000000;173
SPFB.MTSI-6.19;60;20190417;190000;25690.0000000;25712.0000000;25671.0000000;25671.0000000;79
SPFB.MTSI-6.19;60;20190417;200000;25687.0000000;25687.0000000;25687.0000000;25687.0000000;1
SPFB.MTSI-6.19;60;20190417;210000;25722.0000000;25737.0000000;25718.0000000;25734.0000000;11
SPFB.MTSI-6.19;60;20190417;220000;25675.0000000;25780.0000000;25636.0000000;25660.0000000;52
SPFB.MTSI-6.19;60;20190417;230000;25665.0000000;25665.0000000;25665.0000000;25665.0000000;2
SPFB.MTSI-6.19;60;20190418;000000;25660.0000000;25660.0000000;25660.0000000;25660.0000000;2
SPFB.MTSI-6.19;60;20190418;110000;25588.0000000;25749.0000000;25588.0000000;25722.0000000;18
SPFB.MTSI-6.19;60;20190418;120000;25745.0000000;25804.0000000;25745.0000000;25804.0000000;13
SPFB.MTSI-6.19;60;20190418;130000;25766.0000000;25768.0000000;25748.0000000;25748.0000000;3
SPFB.MTSI-6.19;60;20190418;140000;25799.0000000;25799.0000000;25748.0000000;25748.0000000;10
SPFB.MTSI-6.19;60;20190418;150000;25771.0000000;25819.0000000;25771.0000000;25819.0000000;6
SPFB.MTSI-6.19;60;20190418;160000;25815.0000000;25894.0000000;25813.0000000;25829.0000000;27
SPFB.MTSI-6.19;60;20190418;170000;25820.0000000;25820.0000000;25670.0000000;25698.0000000;30
SPFB.MTSI-6.19;60;20190418;180000;25673.0000000;25700.0000000;25609.0000000;25700.0000000;40
SPFB.MTSI-6.19;60;20190418;190000;25748.0000000;25795.0000000;25728.0000000;25794.0000000;11
SPFB.MTSI-6.19;60;20190418;200000;25888.0000000;25890.0000000;25829.0000000;25890.0000000;3
SPFB.MTSI-6.19;60;20190418;210000;25939.0000000;26042.0000000;25893.0000000;25951.0000000;73
SPFB.MTSI-6.19;60;20190418;220000;25989.0000000;26036.0000000;25950.0000000;26036.0000000;39
SPFB.MTSI-6.19;60;20190419;000000;26005.0000000;26005.0000000;26005.0000000;26005.0000000;1
SPFB.MTSI-6.19;60;20190419;110000;25956.0000000;25971.0000000;25898.0000000;25969.0000000;56
SPFB.MTSI-6.19;60;20190419;120000;25945.0000000;25962.0000000;25934.0000000;25936.0000000;9
SPFB.MTSI-6.19;60;20190419;130000;25904.0000000;25904.0000000;25846.0000000;25846.0000000;59
SPFB.MTSI-6.19;60;20190419;140000;25924.0000000;25924.0000000;25820.0000000;25820.0000000;3
SPFB.MTSI-6.19;60;20190419;150000;25841.0000000;25858.0000000;25820.0000000;25858.0000000;7
SPFB.MTSI-6.19;60;20190419;160000;25860.0000000;25877.0000000;25860.0000000;25875.0000000;5
SPFB.MTSI-6.19;60;20190419;170000;25878.0000000;25878.0000000;25857.0000000;25870.0000000;4
SPFB.MTSI-6.19;60;20190419;190000;25858.0000000;25858.0000000;25840.0000000;25840.0000000;2
SPFB.MTSI-6.19;60;20190422;110000;26000.0000000;26000.0000000;25900.0000000;25999.0000000;13
SPFB.MTSI-6.19;60;20190422;120000;25980.0000000;26000.0000000;25978.0000000;25978.0000000;6
SPFB.MTSI-6.19;60;20190422;140000;25943.0000000;25943.0000000;25943.0000000;25943.0000000;1
SPFB.MTSI-6.19;60;20190422;150000;25937.0000000;26018.0000000;25937.0000000;26018.0000000;5
SPFB.MTSI-6.19;60;20190422;160000;26018.0000000;26035.0000000;26018.0000000;26035.0000000;5
SPFB.MTSI-6.19;60;20190422;170000;26012.0000000;26016.0000000;25910.0000000;25956.0000000;18
SPFB.MTSI-6.19;60;20190422;180000;25967.0000000;25967.0000000;25941.0000000;25950.0000000;7
SPFB.MTSI-6.19;60;20190422;190000;25934.0000000;26015.0000000;25900.0000000;26015.0000000;12
SPFB.MTSI-6.19;60;20190422;230000;25901.0000000;25901.0000000;25900.0000000;25900.0000000;4
SPFB.MTSI-6.19;60;20190423;000000;25949.0000000;25949.0000000;25948.0000000;25948.0000000;2
SPFB.MTSI-6.19;60;20190423;110000;25920.0000000;25949.0000000;25773.0000000;25949.0000000;7
SPFB.MTSI-6.19;60;20190423;120000;25904.0000000;25975.0000000;25904.0000000;25949.0000000;11
SPFB.MTSI-6.19;60;20190423;130000;25930.0000000;25930.0000000;25898.0000000;25898.0000000;4
SPFB.MTSI-6.19;60;20190423;140000;25878.0000000;25887.0000000;25846.0000000;25846.0000000;24
SPFB.MTSI-6.19;60;20190423;150000;25905.0000000;25957.0000000;25900.0000000;25900.0000000;14
SPFB.MTSI-6.19;60;20190423;160000;25889.0000000;25889.0000000;25873.0000000;25873.0000000;4
SPFB.MTSI-6.19;60;20190423;170000;25840.0000000;25877.0000000;25840.0000000;25850.0000000;7
SPFB.MTSI-6.19;60;20190423;180000;25873.0000000;25877.0000000;25872.0000000;25877.0000000;5
SPFB.MTSI-6.19;60;20190423;190000;25873.0000000;25874.0000000;25793.0000000;25810.0000000;52
SPFB.MTSI-6.19;60;20190423;200000;25876.0000000;25876.0000000;25836.0000000;25836.0000000;2
SPFB.MTSI-6.19;60;20190423;220000;25883.0000000;25883.0000000;25883.0000000;25883.0000000;1
SPFB.MTSI-6.19;60;20190423;230000;25884.0000000;25884.0000000;25884.0000000;25884.0000000;1
SPFB.MTSI-6.19;60;20190424;000000;25836.0000000;25848.0000000;25804.0000000;25819.0000000;33
SPFB.MTSI-6.19;60;20190424;110000;25777.0000000;25831.0000000;25738.0000000;25826.0000000;20
SPFB.MTSI-6.19;60;20190424;120000;25850.0000000;25850.0000000;25850.0000000;25850.0000000;3
SPFB.MTSI-6.19;60;20190424;130000;25875.0000000;25900.0000000;25875.0000000;25880.0000000;11
SPFB.MTSI-6.19;60;20190424;140000;25900.0000000;25900.0000000;25799.0000000;25799.0000000;13
SPFB.MTSI-6.19;60;20190424;150000;25834.0000000;25864.0000000;25834.0000000;25839.0000000;29
SPFB.MTSI-6.19;60;20190424;160000;25874.0000000;25875.0000000;25819.0000000;25833.0000000;42
SPFB.MTSI-6.19;60;20190424;170000;25845.0000000;25920.0000000;25746.0000000;25751.0000000;98
SPFB.MTSI-6.19;60;20190424;180000;25732.0000000;25732.0000000;25657.0000000;25694.0000000;46
SPFB.MTSI-6.19;60;20190424;190000;25658.0000000;25697.0000000;25651.0000000;25694.0000000;58
SPFB.MTSI-6.19;60;20190424;200000;25627.0000000;25700.0000000;25426.0000000;25500.0000000;62
SPFB.MTSI-6.19;60;20190424;210000;25531.0000000;25551.0000000;25436.0000000;25541.0000000;49
SPFB.MTSI-6.19;60;20190424;220000;25449.0000000;25498.0000000;25371.0000000;25371.0000000;77
SPFB.MTSI-6.19;60;20190424;230000;25400.0000000;25449.0000000;25387.0000000;25387.0000000;14
SPFB.MTSI-6.19;60;20190425;000000;25456.0000000;25478.0000000;25456.0000000;25468.0000000;10
SPFB.MTSI-6.19;60;20190425;110000;25429.0000000;25517.0000000;25371.0000000;25371.0000000;100
SPFB.MTSI-6.19;60;20190425;120000;25406.0000000;25550.0000000;25405.0000000;25450.0000000;181
SPFB.MTSI-6.19;60;20190425;130000;25530.0000000;25670.0000000;25507.0000000;25507.0000000;46
SPFB.MTSI-6.19;60;20190425;140000;25525.0000000;25644.0000000;25525.0000000;25605.0000000;17
SPFB.MTSI-6.19;60;20190425;150000;25464.0000000;25726.0000000;25464.0000000;25695.0000000;69
SPFB.MTSI-6.19;60;20190425;160000;25629.0000000;25700.0000000;25468.0000000;25544.0000000;60
SPFB.MTSI-6.19;60;20190425;170000;25544.0000000;25555.0000000;25317.0000000;25317.0000000;86
SPFB.MTSI-6.19;60;20190425;180000;25299.0000000;25299.0000000;25170.0000000;25263.0000000;83
SPFB.MTSI-6.19;60;20190425;190000;25210.0000000;25305.0000000;25210.0000000;25305.0000000;16
SPFB.MTSI-6.19;60;20190425;200000;25309.0000000;25310.0000000;25199.0000000;25294.0000000;15
SPFB.MTSI-6.19;60;20190425;210000;25291.0000000;25359.0000000;25188.0000000;25273.0000000;35
SPFB.MTSI-6.19;60;20190425;220000;25279.0000000;25279.0000000;25264.0000000;25264.0000000;7
SPFB.MTSI-6.19;60;20190425;230000;25228.0000000;25228.0000000;25195.0000000;25195.0000000;18
SPFB.MTSI-6.19;60;20190426;110000;25188.0000000;25495.0000000;25188.0000000;25268.0000000;20
SPFB.MTSI-6.19;60;20190426;120000;25338.0000000;25375.0000000;25304.0000000;25358.0000000;24
SPFB.MTSI-6.19;60;20190426;130000;25359.0000000;25375.0000000;25293.0000000;25298.0000000;26
SPFB.MTSI-6.19;60;20190426;140000;25325.0000000;25405.0000000;25325.0000000;25400.0000000;9
SPFB.MTSI-6.19;60;20190426;160000;25400.0000000;25440.0000000;25400.0000000;25440.0000000;18
SPFB.MTSI-6.19;60;20190426;170000;25430.0000000;25495.0000000;25305.0000000;25310.0000000;113
SPFB.MTSI-6.19;60;20190426;180000;25385.0000000;25533.0000000;25378.0000000;25526.0000000;41
SPFB.MTSI-6.19;60;20190426;190000;25523.0000000;25578.0000000;25469.0000000;25527.0000000;50
SPFB.MTSI-6.19;60;20190426;220000;25447.0000000;25447.0000000;25406.0000000;25406.0000000;6
SPFB.MTSI-6.19;60;20190426;230000;25540.0000000;25540.0000000;25540.0000000;25540.0000000;2
SPFB.MTSI-6.19;60;20190429;110000;25578.0000000;25636.0000000;25572.0000000;25585.0000000;47
SPFB.MTSI-6.19;60;20190429;120000;25620.0000000;25624.0000000;25590.0000000;25590.0000000;20
SPFB.MTSI-6.19;60;20190429;130000;25530.0000000;25551.0000000;25514.0000000;25531.0000000;49
SPFB.MTSI-6.19;60;20190429;140000;25522.0000000;25522.0000000;25445.0000000;25456.0000000;165
SPFB.MTSI-6.19;60;20190429;150000;25462.0000000;25462.0000000;25443.0000000;25443.0000000;2
SPFB.MTSI-6.19;60;20190429;160000;25454.0000000;25566.0000000;25454.0000000;25503.0000000;83
SPFB.MTSI-6.19;60;20190429;170000;25466.0000000;25470.0000000;25430.0000000;25430.0000000;47
SPFB.MTSI-6.19;60;20190429;180000;25460.0000000;25460.0000000;25430.0000000;25430.0000000;19
SPFB.MTSI-6.19;60;20190429;190000;25430.0000000;25499.0000000;25430.0000000;25499.0000000;13
SPFB.MTSI-6.19;60;20190429;210000;25442.0000000;25442.0000000;25400.0000000;25400.0000000;23
SPFB.MTSI-6.19;60;20190429;220000;25365.0000000;25365.0000000;25365.0000000;25365.0000000;10
SPFB.MTSI-6.19;60;20190430;000000;25350.0000000;25374.0000000;25350.0000000;25374.0000000;3
SPFB.MTSI-6.19;60;20190430;110000;25395.0000000;25508.0000000;25361.0000000;25499.0000000;37
SPFB.MTSI-6.19;60;20190430;120000;25481.0000000;25481.0000000;25449.0000000;25449.0000000;2
SPFB.MTSI-6.19;60;20190430;140000;25447.0000000;25466.0000000;25447.0000000;25466.0000000;5
SPFB.MTSI-6.19;60;20190430;150000;25447.0000000;25475.0000000;25442.0000000;25456.0000000;401
SPFB.MTSI-6.19;60;20190430;160000;25471.0000000;25481.0000000;25471.0000000;25481.0000000;5
SPFB.MTSI-6.19;60;20190430;170000;25465.0000000;25475.0000000;25380.0000000;25418.0000000;390
SPFB.MTSI-6.19;60;20190430;180000;25393.0000000;25440.0000000;25392.0000000;25437.0000000;13
SPFB.MTSI-6.19;60;20190430;190000;25430.0000000;25430.0000000;25397.0000000;25415.0000000;3
SPFB.MTSI-6.19;60;20190430;210000;25599.0000000;25600.0000000;25571.0000000;25600.0000000;10
SPFB.MTSI-6.19;60;20190430;220000;25600.0000000;25600.0000000;25590.0000000;25590.0000000;7
SPFB.MTSI-6.19;60;20190430;230000;25568.0000000;25568.0000000;25568.0000000;25568.0000000;1
SPFB.MTSI-6.19;60;20190501;000000;25535.0000000;25535.0000000;25534.0000000;25534.0000000;2
SPFB.MTSI-6.19;60;20190502;110000;25574.0000000;25610.0000000;25523.0000000;25561.0000000;81
SPFB.MTSI-6.19;60;20190502;120000;25580.0000000;25615.0000000;25580.0000000;25615.0000000;15
SPFB.MTSI-6.19;60;20190502;130000;25600.0000000;25700.0000000;25600.0000000;25695.0000000;57
SPFB.MTSI-6.19;60;20190502;140000;25700.0000000;25722.0000000;25700.0000000;25715.0000000;11
SPFB.MTSI-6.19;60;20190502;160000;25725.0000000;25740.0000000;25725.0000000;25740.0000000;4
SPFB.MTSI-6.19;60;20190502;170000;25762.0000000;26007.0000000;25762.0000000;26007.0000000;146
SPFB.MTSI-6.19;60;20190502;180000;26000.0000000;26114.0000000;25980.0000000;26114.0000000;95
SPFB.MTSI-6.19;60;20190502;190000;26086.0000000;26180.0000000;26086.0000000;26117.0000000;49
SPFB.MTSI-6.19;60;20190502;200000;26113.0000000;26113.0000000;26065.0000000;26100.0000000;104
SPFB.MTSI-6.19;60;20190502;210000;26174.0000000;26200.0000000;26137.0000000;26165.0000000;37
SPFB.MTSI-6.19;60;20190502;220000;26178.0000000;26178.0000000;26154.0000000;26156.0000000;28
SPFB.MTSI-6.19;60;20190502;230000;26189.0000000;26235.0000000;26177.0000000;26235.0000000;72
SPFB.MTSI-6.19;60;20190503;110000;26208.0000000;26208.0000000;26153.0000000;26153.0000000;64
SPFB.MTSI-6.19;60;20190503;130000;26197.0000000;26278.0000000;26190.0000000;26270.0000000;28
SPFB.MTSI-6.19;60;20190503;140000;26271.0000000;26272.0000000;26240.0000000;26240.0000000;26
SPFB.MTSI-6.19;60;20190503;150000;26200.0000000;26272.0000000;26200.0000000;26211.0000000;10
SPFB.MTSI-6.19;60;20190503;160000;26213.0000000;26213.0000000;26213.0000000;26213.0000000;2
SPFB.MTSI-6.19;60;20190503;170000;26231.0000000;26247.0000000;26149.0000000;26149.0000000;13
SPFB.MTSI-6.19;60;20190503;180000;26111.0000000;26272.0000000;26110.0000000;26272.0000000;17
SPFB.MTSI-6.19;60;20190503;210000;26300.0000000;26400.0000000;26300.0000000;26315.0000000;105
SPFB.MTSI-6.19;60;20190506;110000;26290.0000000;26342.0000000;26198.0000000;26229.0000000;68
SPFB.MTSI-6.19;60;20190506;120000;26128.0000000;26144.0000000;26115.0000000;26115.0000000;9
SPFB.MTSI-6.19;60;20190506;130000;26170.0000000;26170.0000000;26125.0000000;26125.0000000;2
SPFB.MTSI-6.19;60;20190506;140000;26125.0000000;26125.0000000;26093.0000000;26093.0000000;4
SPFB.MTSI-6.19;60;20190506;150000;26102.0000000;26202.0000000;26102.0000000;26202.0000000;2
SPFB.MTSI-6.19;60;20190506;160000;26115.0000000;26115.0000000;26115.0000000;26115.0000000;2
SPFB.MTSI-6.19;60;20190506;170000;26117.0000000;26117.0000000;26082.0000000;26098.0000000;38
SPFB.MTSI-6.19;60;20190506;180000;26099.0000000;26100.0000000;26068.0000000;26068.0000000;5
SPFB.MTSI-6.19;60;20190506;190000;26135.0000000;26135.0000000;26113.0000000;26113.0000000;26
SPFB.MTSI-6.19;60;20190506;210000;26046.0000000;26046.0000000;26004.0000000;26004.0000000;2
SPFB.MTSI-6.19;60;20190506;230000;26207.0000000;26207.0000000;26207.0000000;26207.0000000;1
SPFB.MTSI-6.19;60;20190507;110000;26301.0000000;26400.0000000;26218.0000000;26219.0000000;30
SPFB.MTSI-6.19;60;20190507;120000;26241.0000000;26355.0000000;26226.0000000;26308.0000000;13
SPFB.MTSI-6.19;60;20190507;140000;26201.0000000;26209.0000000;26105.0000000;26105.0000000;9
SPFB.MTSI-6.19;60;20190507;150000;26084.0000000;26098.0000000;26039.0000000;26098.0000000;16
SPFB.MTSI-6.19;60;20190507;160000;26100.0000000;26305.0000000;26095.0000000;26295.0000000;150
SPFB.MTSI-6.19;60;20190507;170000;26295.0000000;26295.0000000;25823.0000000;25905.0000000;133
SPFB.MTSI-6.19;60;20190507;180000;25811.0000000;25860.0000000;25783.0000000;25841.0000000;101
SPFB.MTSI-6.19;60;20190507;190000;25825.0000000;25825.0000000;25783.0000000;25800.0000000;22
SPFB.MTSI-6.19;60;20190507;200000;25704.0000000;25761.0000000;25701.0000000;25750.0000000;53
SPFB.MTSI-6.19;60;20190507;210000;25713.0000000;25772.0000000;25700.0000000;25772.0000000;31
SPFB.MTSI-6.19;60;20190507;220000;25750.0000000;25761.0000000;25700.0000000;25700.0000000;29
SPFB.MTSI-6.19;60;20190507;230000;25702.0000000;25702.0000000;25574.0000000;25574.0000000;40
SPFB.MTSI-6.19;60;20190508;000000;25630.0000000;25649.0000000;25591.0000000;25591.0000000;7
SPFB.MTSI-6.19;60;20190508;110000;25919.0000000;25921.0000000;25598.0000000;25683.0000000;44
SPFB.MTSI-6.19;60;20190508;120000;25727.0000000;25727.0000000;25706.0000000;25706.0000000;5
SPFB.MTSI-6.19;60;20190508;130000;25611.0000000;25611.0000000;25611.0000000;25611.0000000;2
SPFB.MTSI-6.19;60;20190508;140000;25635.0000000;25635.0000000;25573.0000000;25591.0000000;50
SPFB.MTSI-6.19;60;20190508;160000;25720.0000000;25790.0000000;25683.0000000;25724.0000000;71
SPFB.MTSI-6.19;60;20190508;170000;25746.0000000;25921.0000000;25651.0000000;25900.0000000;105
SPFB.MTSI-6.19;60;20190508;180000;25946.0000000;25955.0000000;25750.0000000;25850.0000000;98
SPFB.MTSI-6.19;60;20190508;190000;25825.0000000;25870.0000000;25825.0000000;25870.0000000;11
SPFB.MTSI-6.19;60;20190508;230000;25687.0000000;25711.0000000;25670.0000000;25670.0000000;12
SPFB.MTSI-6.19;60;20190510;110000;25784.0000000;25784.0000000;25578.0000000;25614.0000000;61
SPFB.MTSI-6.19;60;20190510;120000;25626.0000000;25630.0000000;25531.0000000;25600.0000000;37
SPFB.MTSI-6.19;60;20190510;130000;25554.0000000;25562.0000000;25554.0000000;25562.0000000;7
SPFB.MTSI-6.19;60;20190510;140000;25600.0000000;25600.0000000;25550.0000000;25590.0000000;16
SPFB.MTSI-6.19;60;20190510;150000;25590.0000000;25596.0000000;25590.0000000;25596.0000000;4
SPFB.MTSI-6.19;60;20190510;160000;25550.0000000;25607.0000000;25550.0000000;25607.0000000;16
SPFB.MTSI-6.19;60;20190510;170000;25626.0000000;25626.0000000;25530.0000000;25530.0000000;96
SPFB.MTSI-6.19;60;20190510;180000;25545.0000000;25565.0000000;25417.0000000;25449.0000000;155
SPFB.MTSI-6.19;60;20190510;190000;25460.0000000;25499.0000000;25369.0000000;25499.0000000;133
SPFB.MTSI-6.19;60;20190510;200000;25376.0000000;25659.0000000;25305.0000000;25627.0000000;13
SPFB.MTSI-6.19;60;20190510;220000;25500.0000000;25500.0000000;25401.0000000;25401.0000000;5
SPFB.MTSI-6.19;60;20190513;110000;25457.0000000;25526.0000000;25402.0000000;25444.0000000;40
SPFB.MTSI-6.19;60;20190513;120000;25446.0000000;25571.0000000;25443.0000000;25553.0000000;63
SPFB.MTSI-6.19;60;20190513;130000;25540.0000000;25711.0000000;25515.0000000;25662.0000000;33
SPFB.MTSI-6.19;60;20190513;140000;25674.0000000;25674.0000000;25674.0000000;25674.0000000;1
SPFB.MTSI-6.19;60;20190513;150000;25680.0000000;25750.0000000;25680.0000000;25744.0000000;47
SPFB.MTSI-6.19;60;20190513;170000;25603.0000000;25619.0000000;25443.0000000;25500.0000000;33
SPFB.MTSI-6.19;60;20190513;180000;25456.0000000;25480.0000000;25423.0000000;25480.0000000;7
SPFB.MTSI-6.19;60;20190513;190000;25453.0000000;25490.0000000;25389.0000000;25421.0000000;16
SPFB.MTSI-6.19;60;20190513;200000;25420.0000000;25420.0000000;25420.0000000;25420.0000000;10
SPFB.MTSI-6.19;60;20190514;110000;25494.0000000;25599.0000000;25484.0000000;25599.0000000;32
SPFB.MTSI-6.19;60;20190514;120000;25598.0000000;25598.0000000;25598.0000000;25598.0000000;20
SPFB.MTSI-6.19;60;20190514;130000;25639.0000000;25670.0000000;25605.0000000;25605.0000000;5
SPFB.MTSI-6.19;60;20190514;140000;25649.0000000;25665.0000000;25649.0000000;25665.0000000;5
SPFB.MTSI-6.19;60;20190514;160000;25602.0000000;25602.0000000;25430.0000000;25457.0000000;68
SPFB.MTSI-6.19;60;20190514;170000;25456.0000000;25489.0000000;25420.0000000;25420.0000000;14
SPFB.MTSI-6.19;60;20190514;180000;25433.0000000;25434.0000000;25350.0000000;25407.0000000;28
SPFB.MTSI-6.19;60;20190514;190000;25445.0000000;25475.0000000;25382.0000000;25382.0000000;29
SPFB.MTSI-6.19;60;20190514;200000;25385.0000000;25387.0000000;25385.0000000;25385.0000000;5
SPFB.MTSI-6.19;60;20190514;230000;25459.0000000;25466.0000000;25402.0000000;25402.0000000;3
SPFB.MTSI-6.19;60;20190515;000000;25395.0000000;25395.0000000;25395.0000000;25395.0000000;1
SPFB.MTSI-6.19;60;20190515;110000;25395.0000000;25508.0000000;25395.0000000;25452.0000000;52
SPFB.MTSI-6.19;60;20190515;120000;25436.0000000;25551.0000000;25430.0000000;25551.0000000;31
SPFB.MTSI-6.19;60;20190515;130000;25550.0000000;25575.0000000;25550.0000000;25575.0000000;6
SPFB.MTSI-6.19;60;20190515;140000;25524.0000000;25524.0000000;25441.0000000;25486.0000000;9
SPFB.MTSI-6.19;60;20190515;150000;25595.0000000;25600.0000000;25573.0000000;25600.0000000;22
SPFB.MTSI-6.19;60;20190515;160000;25463.0000000;25501.0000000;25463.0000000;25478.0000000;6
SPFB.MTSI-6.19;60;20190515;170000;25529.0000000;25534.0000000;25363.0000000;25405.0000000;40
SPFB.MTSI-6.19;60;20190515;180000;25407.0000000;25506.0000000;25407.0000000;25506.0000000;21
SPFB.MTSI-6.19;60;20190515;190000;25600.0000000;25600.0000000;25573.0000000;25600.0000000;18
SPFB.MTSI-6.19;60;20190515;200000;25600.0000000;25600.0000000;25600.0000000;25600.0000000;4
SPFB.MTSI-6.19;60;20190515;230000;25599.0000000;25599.0000000;25505.0000000;25505.0000000;8
SPFB.MTSI-6.19;60;20190516;110000;25505.0000000;25537.0000000;25450.0000000;25537.0000000;35
SPFB.MTSI-6.19;60;20190516;120000;25476.0000000;25601.0000000;25459.0000000;25572.0000000;28
SPFB.MTSI-6.19;60;20190516;130000;25496.0000000;25596.0000000;25496.0000000;25545.0000000;7
SPFB.MTSI-6.19;60;20190516;140000;25544.0000000;25544.0000000;25494.0000000;25494.0000000;31
SPFB.MTSI-6.19;60;20190516;150000;25494.0000000;25494.0000000;25494.0000000;25494.0000000;5
SPFB.MTSI-6.19;60;20190516;160000;25520.0000000;25546.0000000;25472.0000000;25472.0000000;44
SPFB.MTSI-6.19;60;20190516;170000;25515.0000000;25650.0000000;25485.0000000;25587.0000000;815
SPFB.MTSI-6.19;60;20190516;180000;25476.0000000;25535.0000000;25420.0000000;25460.0000000;524
SPFB.MTSI-6.19;60;20190516;190000;25525.0000000;25586.0000000;25500.0000000;25586.0000000;11
SPFB.MTSI-6.19;60;20190516;200000;25400.0000000;25455.0000000;25400.0000000;25400.0000000;6
SPFB.MTSI-6.19;60;20190516;210000;25375.0000000;25375.0000000;25329.0000000;25329.0000000;12
SPFB.MTSI-6.19;60;20190516;220000;25321.0000000;25329.0000000;25210.0000000;25212.0000000;58
SPFB.MTSI-6.19;60;20190516;230000;25261.0000000;25282.0000000;25238.0000000;25240.0000000;24
SPFB.MTSI-6.19;60;20190517;000000;25263.0000000;25272.0000000;25258.0000000;25258.0000000;6
SPFB.MTSI-6.19;60;20190517;110000;25300.0000000;25385.0000000;25269.0000000;25350.0000000;95
SPFB.MTSI-6.19;60;20190517;120000;25350.0000000;25357.0000000;25311.0000000;25344.0000000;13
SPFB.MTSI-6.19;60;20190517;130000;25374.0000000;25414.0000000;25361.0000000;25414.0000000;9
SPFB.MTSI-6.19;60;20190517;140000;25365.0000000;25384.0000000;25365.0000000;25384.0000000;5
SPFB.MTSI-6.19;60;20190517;150000;25374.0000000;25459.0000000;25374.0000000;25394.0000000;86
SPFB.MTSI-6.19;60;20190517;160000;25350.0000000;25350.0000000;25290.0000000;25291.0000000;72
SPFB.MTSI-6.19;60;20190517;170000;25369.0000000;25369.0000000;25204.0000000;25282.0000000;33
SPFB.MTSI-6.19;60;20190517;180000;25316.0000000;25424.0000000;25300.0000000;25304.0000000;29
SPFB.MTSI-6.19;60;20190517;190000;25400.0000000;25400.0000000;25301.0000000;25390.0000000;12
SPFB.MTSI-6.19;60;20190517;210000;25390.0000000;25445.0000000;25235.0000000;25235.0000000;15
SPFB.MTSI-6.19;60;20190517;230000;25310.0000000;25310.0000000;25237.0000000;25237.0000000;18
SPFB.MTSI-6.19;60;20190518;000000;25384.0000000;25385.0000000;25384.0000000;25385.0000000;2
SPFB.MTSI-6.19;60;20190520;110000;25253.0000000;25385.0000000;25253.0000000;25385.0000000;29
SPFB.MTSI-6.19;60;20190520;120000;25385.0000000;25500.0000000;25368.0000000;25500.0000000;85
SPFB.MTSI-6.19;60;20190520;140000;25429.0000000;25429.0000000;25400.0000000;25400.0000000;4
SPFB.MTSI-6.19;60;20190520;150000;25403.0000000;25498.0000000;25403.0000000;25462.0000000;59
SPFB.MTSI-6.19;60;20190520;170000;25420.0000000;25420.0000000;25250.0000000;25379.0000000;49
SPFB.MTSI-6.19;60;20190520;180000;25300.0000000;25300.0000000;25300.0000000;25300.0000000;3
SPFB.MTSI-6.19;60;20190520;190000;25360.0000000;25400.0000000;25360.0000000;25400.0000000;6
SPFB.MTSI-6.19;60;20190520;200000;25347.0000000;25347.0000000;25347.0000000;25347.0000000;1
SPFB.MTSI-6.19;60;20190520;220000;25329.0000000;25400.0000000;25257.0000000;25400.0000000;36
SPFB.MTSI-6.19;60;20190520;230000;25399.0000000;25400.0000000;25399.0000000;25400.0000000;15
SPFB.MTSI-6.19;60;20190521;110000;25400.0000000;25400.0000000;25399.0000000;25400.0000000;16
SPFB.MTSI-6.19;60;20190521;120000;25400.0000000;25400.0000000;25400.0000000;25400.0000000;1
SPFB.MTSI-6.19;60;20190521;130000;25365.0000000;25365.0000000;25343.0000000;25343.0000000;10
SPFB.MTSI-6.19;60;20190521;140000;25365.0000000;25373.0000000;25101.0000000;25360.0000000;128
SPFB.MTSI-6.19;60;20190521;150000;25369.0000000;25414.0000000;25369.0000000;25385.0000000;4
SPFB.MTSI-6.19;60;20190521;160000;25386.0000000;25455.0000000;25385.0000000;25445.0000000;13
SPFB.MTSI-6.19;60;20190521;170000;25350.0000000;25350.0000000;25295.0000000;25300.0000000;14
SPFB.MTSI-6.19;60;20190521;180000;25300.0000000;25300.0000000;25257.0000000;25273.0000000;11
SPFB.MTSI-6.19;60;20190521;190000;25305.0000000;25317.0000000;25300.0000000;25300.0000000;11
SPFB.MTSI-6.19;60;20190521;200000;25252.0000000;25349.0000000;25252.0000000;25349.0000000;2
SPFB.MTSI-6.19;60;20190521;210000;25324.0000000;25324.0000000;25324.0000000;25324.0000000;1
SPFB.MTSI-6.19;60;20190521;230000;25331.0000000;25332.0000000;25331.0000000;25331.0000000;5
SPFB.MTSI-6.19;60;20190522;000000;25332.0000000;25351.0000000;25319.0000000;25351.0000000;7
SPFB.MTSI-6.19;60;20190522;110000;25332.0000000;25332.0000000;25151.0000000;25230.0000000;30
SPFB.MTSI-6.19;60;20190522;120000;25249.0000000;25298.0000000;25210.0000000;25210.0000000;9
SPFB.MTSI-6.19;60;20190522;130000;25204.0000000;25260.0000000;25203.0000000;25260.0000000;10
SPFB.MTSI-6.19;60;20190522;140000;25262.0000000;25277.0000000;25262.0000000;25277.0000000;5
SPFB.MTSI-6.19;60;20190522;150000;25311.0000000;25349.0000000;25200.0000000;25311.0000000;25
SPFB.MTSI-6.19;60;20190522;160000;25324.0000000;25384.0000000;25324.0000000;25368.0000000;11
SPFB.MTSI-6.19;60;20190522;170000;25373.0000000;25384.0000000;25324.0000000;25355.0000000;13
SPFB.MTSI-6.19;60;20190522;180000;25332.0000000;25408.0000000;25322.0000000;25395.0000000;192
SPFB.MTSI-6.19;60;20190522;190000;25374.0000000;25402.0000000;25373.0000000;25400.0000000;8
SPFB.MTSI-6.19;60;20190522;200000;25330.0000000;25331.0000000;25327.0000000;25331.0000000;6
SPFB.MTSI-6.19;60;20190522;210000;25332.0000000;25332.0000000;25180.0000000;25180.0000000;6
SPFB.MTSI-6.19;60;20190522;220000;25262.0000000;25295.0000000;25262.0000000;25295.0000000;2
SPFB.MTSI-6.19;60;20190522;230000;25314.0000000;25325.0000000;25314.0000000;25325.0000000;3
SPFB.MTSI-6.19;60;20190523;000000;25267.0000000;25267.0000000;25267.0000000;25267.0000000;1
SPFB.MTSI-6.19;60;20190523;110000;25266.0000000;25880.0000000;25266.0000000;25734.0000000;188
SPFB.MTSI-6.19;60;20190523;120000;25725.0000000;25734.0000000;25580.0000000;25580.0000000;24
SPFB.MTSI-6.19;60;20190523;130000;25601.0000000;25602.0000000;25550.0000000;25583.0000000;7
SPFB.MTSI-6.19;60;20190523;140000;25600.0000000;25683.0000000;25593.0000000;25639.0000000;39
SPFB.MTSI-6.19;60;20190523;150000;25546.0000000;25546.0000000;25500.0000000;25541.0000000;108
SPFB.MTSI-6.19;60;20190523;160000;25591.0000000;25722.0000000;25591.0000000;25722.0000000;79
SPFB.MTSI-6.19;60;20190523;170000;25710.0000000;25798.0000000;25487.0000000;25487.0000000;261
SPFB.MTSI-6.19;60;20190523;180000;25530.0000000;25895.0000000;25530.0000000;25895.0000000;294
SPFB.MTSI-6.19;60;20190523;190000;25910.0000000;26114.0000000;25910.0000000;26040.0000000;69
SPFB.MTSI-6.19;60;20190523;200000;26000.0000000;26281.0000000;25809.0000000;26250.0000000;296
SPFB.MTSI-6.19;60;20190523;210000;26246.0000000;26291.0000000;26196.0000000;26196.0000000;64
SPFB.MTSI-6.19;60;20190523;220000;26193.0000000;26193.0000000;26193.0000000;26193.0000000;4
SPFB.MTSI-6.19;60;20190523;230000;26276.0000000;26276.0000000;26227.0000000;26232.0000000;4
SPFB.MTSI-6.19;60;20190524;000000;26269.0000000;26269.0000000;26230.0000000;26230.0000000;3
SPFB.MTSI-6.19;60;20190524;110000;25977.0000000;26274.0000000;25977.0000000;26097.0000000;325
SPFB.MTSI-6.19;60;20190524;120000;26097.0000000;26098.0000000;25958.0000000;26004.0000000;30
SPFB.MTSI-6.19;60;20190524;130000;26100.0000000;26150.0000000;26088.0000000;26150.0000000;61
SPFB.MTSI-6.19;60;20190524;140000;26200.0000000;26200.0000000;26003.0000000;26155.0000000;23
SPFB.MTSI-6.19;60;20190524;150000;26140.0000000;26199.0000000;26003.0000000;26199.0000000;49
SPFB.MTSI-6.19;60;20190524;160000;26199.0000000;26213.0000000;26180.0000000;26180.0000000;35
SPFB.MTSI-6.19;60;20190524;170000;26186.0000000;26188.0000000;25974.0000000;26059.0000000;78
SPFB.MTSI-6.19;60;20190524;180000;26034.0000000;26043.0000000;25816.0000000;25839.0000000;175
SPFB.MTSI-6.19;60;20190524;190000;25782.0000000;25827.0000000;25591.0000000;25599.0000000;117
SPFB.MTSI-6.19;60;20190524;200000;25560.0000000;25629.0000000;25338.0000000;25539.0000000;49
SPFB.MTSI-6.19;60;20190524;210000;25504.0000000;25515.0000000;25397.0000000;25397.0000000;208
SPFB.MTSI-6.19;60;20190524;220000;25440.0000000;25440.0000000;25394.0000000;25394.0000000;3
SPFB.MTSI-6.19;60;20190524;230000;25440.0000000;25481.0000000;25440.0000000;25481.0000000;17
SPFB.MTSI-6.19;60;20190525;000000;25494.0000000;25503.0000000;25492.0000000;25503.0000000;22
SPFB.MTSI-6.19;60;20190527;110000;25557.0000000;25719.0000000;25510.0000000;25700.0000000;230
SPFB.MTSI-6.19;60;20190527;120000;25708.0000000;25762.0000000;25708.0000000;25736.0000000;27
SPFB.MTSI-6.19;60;20190527;130000;25735.0000000;25743.0000000;25503.0000000;25678.0000000;66
SPFB.MTSI-6.19;60;20190527;140000;25701.0000000;25745.0000000;25700.0000000;25739.0000000;19
SPFB.MTSI-6.19;60;20190527;150000;25728.0000000;25732.0000000;25710.0000000;25729.0000000;42
SPFB.MTSI-6.19;60;20190527;160000;25739.0000000;25775.0000000;25699.0000000;25699.0000000;28
SPFB.MTSI-6.19;60;20190527;170000;25699.0000000;25704.0000000;25696.0000000;25700.0000000;11
SPFB.MTSI-6.19;60;20190527;180000;25740.0000000;25776.0000000;25730.0000000;25776.0000000;22
SPFB.MTSI-6.19;60;20190527;190000;25780.0000000;25848.0000000;25780.0000000;25840.0000000;77
SPFB.MTSI-6.19;60;20190527;220000;25878.0000000;25878.0000000;25782.0000000;25782.0000000;2
SPFB.MTSI-6.19;60;20190528;110000;25811.0000000;25820.0000000;25811.0000000;25820.0000000;5
SPFB.MTSI-6.19;60;20190528;120000;25866.0000000;25880.0000000;25818.0000000;25818.0000000;83
SPFB.MTSI-6.19;60;20190528;130000;25853.0000000;25925.0000000;25850.0000000;25870.0000000;127
SPFB.MTSI-6.19;60;20190528;140000;25900.0000000;25980.0000000;25900.0000000;25930.0000000;68
SPFB.MTSI-6.19;60;20190528;150000;25945.0000000;25950.0000000;25919.0000000;25950.0000000;15
SPFB.MTSI-6.19;60;20190528;160000;25950.0000000;25950.0000000;25909.0000000;25910.0000000;31
SPFB.MTSI-6.19;60;20190528;170000;25888.0000000;25889.0000000;25621.0000000;25622.0000000;132
SPFB.MTSI-6.19;60;20190528;180000;25620.0000000;25635.0000000;25560.0000000;25625.0000000;134
SPFB.MTSI-6.19;60;20190528;190000;25655.0000000;25712.0000000;25574.0000000;25712.0000000;57
SPFB.MTSI-6.19;60;20190528;200000;25712.0000000;25712.0000000;25454.0000000;25556.0000000;20
SPFB.MTSI-6.19;60;20190528;210000;25550.0000000;25570.0000000;25550.0000000;25565.0000000;34
SPFB.MTSI-6.19;60;20190528;220000;25504.0000000;25504.0000000;25255.0000000;25255.0000000;159
SPFB.MTSI-6.19;60;20190528;230000;25309.0000000;25419.0000000;25309.0000000;25392.0000000;26
SPFB.MTSI-6.19;60;20190529;000000;25401.0000000;25401.0000000;25401.0000000;25401.0000000;1
SPFB.MTSI-6.19;60;20190529;110000;25450.0000000;25450.0000000;25300.0000000;25300.0000000;53
SPFB.MTSI-6.19;60;20190529;120000;25315.0000000;25410.0000000;25315.0000000;25402.0000000;111
SPFB.MTSI-6.19;60;20190529;130000;25387.0000000;25460.0000000;25387.0000000;25460.0000000;28
SPFB.MTSI-6.19;60;20190529;140000;25497.0000000;25525.0000000;25433.0000000;25447.0000000;10
SPFB.MTSI-6.19;60;20190529;150000;25486.0000000;25486.0000000;25447.0000000;25470.0000000;5
SPFB.MTSI-6.19;60;20190529;160000;25480.0000000;25503.0000000;25480.0000000;25489.0000000;7
SPFB.MTSI-6.19;60;20190529;170000;25503.0000000;25555.0000000;25450.0000000;25555.0000000;64
SPFB.MTSI-6.19;60;20190529;180000;25606.0000000;25808.0000000;25606.0000000;25637.0000000;183
SPFB.MTSI-6.19;60;20190529;190000;25633.0000000;25711.0000000;25608.0000000;25711.0000000;9
SPFB.MTSI-6.19;60;20190529;210000;25762.0000000;25878.0000000;25750.0000000;25878.0000000;87
SPFB.MTSI-6.19;60;20190529;220000;25823.0000000;25823.0000000;25765.0000000;25818.0000000;17
SPFB.MTSI-6.19;60;20190529;230000;25741.0000000;25741.0000000;25738.0000000;25738.0000000;6
SPFB.MTSI-6.19;60;20190530;110000;25731.0000000;25814.0000000;25663.0000000;25752.0000000;43
SPFB.MTSI-6.19;60;20190530;120000;25732.0000000;25748.0000000;25570.0000000;25665.0000000;86
SPFB.MTSI-6.19;60;20190530;130000;25709.0000000;25717.0000000;25697.0000000;25717.0000000;6
SPFB.MTSI-6.19;60;20190530;140000;25706.0000000;25706.0000000;25691.0000000;25691.0000000;15
SPFB.MTSI-6.19;60;20190530;150000;25659.0000000;25659.0000000;25612.0000000;25612.0000000;4
SPFB.MTSI-6.19;60;20190530;160000;25649.0000000;25707.0000000;25623.0000000;25707.0000000;34
SPFB.MTSI-6.19;60;20190530;170000;25657.0000000;25961.0000000;25625.0000000;25822.0000000;354
SPFB.MTSI-6.19;60;20190530;180000;25801.0000000;25825.0000000;25762.0000000;25764.0000000;13
SPFB.MTSI-6.19;60;20190530;190000;25757.0000000;25850.0000000;25757.0000000;25850.0000000;46
SPFB.MTSI-6.19;60;20190530;210000;25797.0000000;25797.0000000;25791.0000000;25791.0000000;7
SPFB.MTSI-6.19;60;20190531;110000;25862.0000000;25862.0000000;25657.0000000;25710.0000000;28
SPFB.MTSI-6.19;60;20190531;120000;25744.0000000;25782.0000000;25695.0000000;25695.0000000;37
SPFB.MTSI-6.19;60;20190531;130000;25657.0000000;25657.0000000;25631.0000000;25631.0000000;25
SPFB.MTSI-6.19;60;20190531;140000;25631.0000000;25756.0000000;25626.0000000;25756.0000000;19
SPFB.MTSI-6.19;60;20190531;170000;25727.0000000;25727.0000000;25543.0000000;25543.0000000;37
SPFB.MTSI-6.19;60;20190531;180000;25565.0000000;25661.0000000;25510.0000000;25661.0000000;38
SPFB.MTSI-6.19;60;20190531;190000;25630.0000000;25630.0000000;25515.0000000;25515.0000000;15
SPFB.MTSI-6.19;60;20190531;210000;25554.0000000;25554.0000000;25504.0000000;25504.0000000;2
SPFB.MTSI-6.19;60;20190531;220000;25550.0000000;25550.0000000;25550.0000000;25550.0000000;1
SPFB.MTSI-6.19;60;20190531;230000;25598.0000000;25598.0000000;25598.0000000;25598.0000000;2
SPFB.MTSI-6.19;60;20190603;110000;25601.0000000;25604.0000000;25550.0000000;25550.0000000;33
SPFB.MTSI-6.19;60;20190603;120000;25550.0000000;25594.0000000;25302.0000000;25490.0000000;162
SPFB.MTSI-6.19;60;20190603;130000;25526.0000000;25591.0000000;25505.0000000;25505.0000000;62
SPFB.MTSI-6.19;60;20190603;140000;25591.0000000;25598.0000000;25548.0000000;25591.0000000;6
SPFB.MTSI-6.19;60;20190603;150000;25620.0000000;25622.0000000;25620.0000000;25622.0000000;2
SPFB.MTSI-6.19;60;20190603;160000;25633.0000000;25636.0000000;25633.0000000;25636.0000000;4
SPFB.MTSI-6.19;60;20190603;170000;25596.0000000;25750.0000000;25548.0000000;25741.0000000;116
SPFB.MTSI-6.19;60;20190603;180000;25736.0000000;25871.0000000;25716.0000000;25824.0000000;30
SPFB.MTSI-6.19;60;20190603;190000;25821.0000000;26175.0000000;25820.0000000;26175.0000000;76
SPFB.MTSI-6.19;60;20190603;200000;26001.0000000;26135.0000000;26000.0000000;26135.0000000;35
SPFB.MTSI-6.19;60;20190603;210000;26046.0000000;26046.0000000;26030.0000000;26030.0000000;5
SPFB.MTSI-6.19;60;20190603;220000;25980.0000000;25980.0000000;25871.0000000;25871.0000000;34
SPFB.MTSI-6.19;60;20190604;110000;25913.0000000;26140.0000000;25913.0000000;26095.0000000;158
SPFB.MTSI-6.19;60;20190604;120000;26070.0000000;26150.0000000;25990.0000000;26000.0000000;97
SPFB.MTSI-6.19;60;20190604;130000;26019.0000000;26093.0000000;25966.0000000;26070.0000000;27
SPFB.MTSI-6.19;60;20190604;140000;26070.0000000;26115.0000000;26019.0000000;26075.0000000;30
SPFB.MTSI-6.19;60;20190604;150000;26095.0000000;26095.0000000;26095.0000000;26095.0000000;2
SPFB.MTSI-6.19;60;20190604;160000;26105.0000000;26124.0000000;26100.0000000;26120.0000000;11
SPFB.MTSI-6.19;60;20190604;170000;26144.0000000;26150.0000000;26068.0000000;26096.0000000;21
SPFB.MTSI-6.19;60;20190604;180000;26059.0000000;26092.0000000;25900.0000000;25970.0000000;49
SPFB.MTSI-6.19;60;20190604;190000;26000.0000000;26015.0000000;25922.0000000;26010.0000000;59
SPFB.MTSI-6.19;60;20190604;220000;25962.0000000;25962.0000000;25696.0000000;25696.0000000;15
SPFB.MTSI-6.19;60;20190604;230000;25929.0000000;25930.0000000;25864.0000000;25864.0000000;6
SPFB.MTSI-6.19;60;20190605;110000;25929.0000000;26080.0000000;25862.0000000;26067.0000000;35
SPFB.MTSI-6.19;60;20190605;120000;26102.0000000;26150.0000000;26078.0000000;26130.0000000;19
SPFB.MTSI-6.19;60;20190605;130000;26120.0000000;26126.0000000;26109.0000000;26126.0000000;6
SPFB.MTSI-6.19;60;20190605;140000;26056.0000000;26056.0000000;26045.0000000;26045.0000000;3
SPFB.MTSI-6.19;60;20190605;150000;26090.0000000;26120.0000000;26090.0000000;26120.0000000;15
SPFB.MTSI-6.19;60;20190605;160000;26131.0000000;26131.0000000;26058.0000000;26058.0000000;29
SPFB.MTSI-6.19;60;20190605;170000;26054.0000000;26064.0000000;25987.0000000;25987.0000000;16
SPFB.MTSI-6.19;60;20190605;180000;25949.0000000;25983.0000000;25869.0000000;25909.0000000;103
SPFB.MTSI-6.19;60;20190605;190000;25944.0000000;25998.0000000;25944.0000000;25998.0000000;6
SPFB.MTSI-6.19;60;20190605;200000;26000.0000000;26000.0000000;26000.0000000;26000.0000000;3
SPFB.MTSI-6.19;60;20190605;230000;26046.0000000;26046.0000000;26046.0000000;26046.0000000;2
SPFB.MTSI-6.19;60;20190606;110000;26089.0000000;26146.0000000;26082.0000000;26100.0000000;48
SPFB.MTSI-6.19;60;20190606;120000;26104.0000000;26139.0000000;26088.0000000;26090.0000000;8
SPFB.MTSI-6.19;60;20190606;130000;26117.0000000;26150.0000000;26106.0000000;26150.0000000;89
SPFB.MTSI-6.19;60;20190606;140000;26150.0000000;26235.0000000;26150.0000000;26230.0000000;113
SPFB.MTSI-6.19;60;20190606;150000;26229.0000000;26271.0000000;26229.0000000;26240.0000000;50
SPFB.MTSI-6.19;60;20190606;160000;26289.0000000;26319.0000000;26266.0000000;26319.0000000;48
SPFB.MTSI-6.19;60;20190606;170000;26282.0000000;26350.0000000;26282.0000000;26350.0000000;83
SPFB.MTSI-6.19;60;20190606;180000;26294.0000000;26349.0000000;26135.0000000;26349.0000000;155
SPFB.MTSI-6.19;60;20190606;190000;26350.0000000;26350.0000000;26262.0000000;26309.0000000;27
SPFB.MTSI-6.19;60;20190606;200000;26327.0000000;26450.0000000;26327.0000000;26348.0000000;48
SPFB.MTSI-6.19;60;20190606;220000;26398.0000000;26399.0000000;26346.0000000;26346.0000000;3
SPFB.MTSI-6.19;60;20190606;230000;26348.0000000;26348.0000000;26286.0000000;26286.0000000;13
SPFB.MTSI-6.19;60;20190607;110000;26327.0000000;26379.0000000;26260.0000000;26299.0000000;32
SPFB.MTSI-6.19;60;20190607;120000;26304.0000000;26310.0000000;26265.0000000;26265.0000000;15
SPFB.MTSI-6.19;60;20190607;140000;26273.0000000;26327.0000000;26250.0000000;26250.0000000;12
SPFB.MTSI-6.19;60;20190607;150000;26236.0000000;26236.0000000;26222.0000000;26222.0000000;6
SPFB.MTSI-6.19;60;20190607;160000;26264.0000000;26269.0000000;26242.0000000;26258.0000000;87
SPFB.MTSI-6.19;60;20190607;170000;26260.0000000;26376.0000000;26235.0000000;26340.0000000;138
SPFB.MTSI-6.19;60;20190607;180000;26323.0000000;26400.0000000;26266.0000000;26397.0000000;132
SPFB.MTSI-6.19;60;20190607;190000;26381.0000000;26445.0000000;26315.0000000;26315.0000000;16
SPFB.MTSI-6.19;60;20190607;200000;26360.0000000;26495.0000000;26360.0000000;26495.0000000;34
SPFB.MTSI-6.19;60;20190607;210000;26480.0000000;26579.0000000;26471.0000000;26557.0000000;118
SPFB.MTSI-6.19;60;20190607;220000;26549.0000000;26549.0000000;26486.0000000;26529.0000000;39
SPFB.MTSI-6.19;60;20190608;000000;26475.0000000;26475.0000000;26471.0000000;26473.0000000;10
SPFB.MTSI-6.19;60;20190610;110000;26465.0000000;26525.0000000;26391.0000000;26525.0000000;183
SPFB.MTSI-6.19;60;20190610;120000;26540.0000000;26577.0000000;26520.0000000;26520.0000000;43
SPFB.MTSI-6.19;60;20190610;130000;26546.0000000;26546.0000000;26297.0000000;26303.0000000;42
SPFB.MTSI-6.19;60;20190610;140000;26281.0000000;26357.0000000;26281.0000000;26357.0000000;2
SPFB.MTSI-6.19;60;20190610;150000;26400.0000000;26420.0000000;26400.0000000;26420.0000000;10
SPFB.MTSI-6.19;60;20190610;160000;26437.0000000;26485.0000000;26437.0000000;26485.0000000;21
SPFB.MTSI-6.19;60;20190610;170000;26441.0000000;26460.0000000;26440.0000000;26440.0000000;8
SPFB.MTSI-6.19;60;20190610;180000;26470.0000000;26532.0000000;26470.0000000;26532.0000000;33
SPFB.MTSI-6.19;60;20190610;190000;26532.0000000;26532.0000000;26479.0000000;26483.0000000;7
SPFB.MTSI-6.19;60;20190610;200000;26458.0000000;26458.0000000;26445.0000000;26445.0000000;23
SPFB.MTSI-6.19;60;20190610;210000;26445.0000000;26445.0000000;26445.0000000;26445.0000000;3
SPFB.MTSI-6.19;60;20190611;000000;26495.0000000;26495.0000000;26495.0000000;26495.0000000;1
SPFB.MTSI-6.19;60;20190611;110000;26529.0000000;26529.0000000;26491.0000000;26491.0000000;2
SPFB.MTSI-6.19;60;20190611;120000;26531.0000000;26531.0000000;26503.0000000;26503.0000000;3
SPFB.MTSI-6.19;60;20190611;130000;26593.0000000;26650.0000000;26593.0000000;26650.0000000;52
SPFB.MTSI-6.19;60;20190611;140000;26675.0000000;26694.0000000;26675.0000000;26685.0000000;14
SPFB.MTSI-6.19;60;20190611;150000;26695.0000000;26700.0000000;26690.0000000;26690.0000000;32
SPFB.MTSI-6.19;60;20190611;160000;26718.0000000;26800.0000000;26698.0000000;26800.0000000;106
SPFB.MTSI-6.19;60;20190611;170000;26799.0000000;27118.0000000;26784.0000000;27081.0000000;353
SPFB.MTSI-6.19;60;20190611;180000;27081.0000000;27182.0000000;27008.0000000;27025.0000000;126
SPFB.MTSI-6.19;60;20190611;190000;27082.0000000;27141.0000000;26968.0000000;26968.0000000;120
SPFB.MTSI-6.19;60;20190611;200000;27027.0000000;27027.0000000;27027.0000000;27027.0000000;1
SPFB.MTSI-6.19;60;20190611;220000;27047.0000000;27047.0000000;27047.0000000;27047.0000000;1
SPFB.MTSI-6.19;60;20190612;000000;27069.0000000;27099.0000000;27069.0000000;27099.0000000;2
SPFB.MTSI-6.19;60;20190613;110000;26955.0000000;27014.0000000;26900.0000000;26900.0000000;29
SPFB.MTSI-6.19;60;20190613;120000;26912.0000000;26963.0000000;26852.0000000;26963.0000000;40
SPFB.MTSI-6.19;60;20190613;130000;26949.0000000;27126.0000000;26909.0000000;27126.0000000;153
SPFB.MTSI-6.19;60;20190613;140000;27107.0000000;27129.0000000;27047.0000000;27047.0000000;32
SPFB.MTSI-6.19;60;20190613;150000;26972.0000000;26972.0000000;26954.0000000;26956.0000000;75
SPFB.MTSI-6.19;60;20190613;160000;27000.0000000;27000.0000000;27000.0000000;27000.0000000;5
SPFB.MTSI-6.19;60;20190613;170000;27052.0000000;27052.0000000;26943.0000000;26956.0000000;63
SPFB.MTSI-6.19;60;20190613;180000;26969.0000000;27145.0000000;26951.0000000;27100.0000000;74
SPFB.MTSI-6.19;60;20190613;190000;27171.0000000;27193.0000000;27012.0000000;27098.0000000;47
SPFB.MTSI-6.19;60;20190613;210000;27135.0000000;27236.0000000;27135.0000000;27219.0000000;19
SPFB.MTSI-6.19;60;20190613;220000;27160.0000000;27160.0000000;27050.0000000;27050.0000000;12
SPFB.MTSI-6.19;60;20190613;230000;27100.0000000;27105.0000000;27100.0000000;27105.0000000;2
SPFB.MTSI-6.19;60;20190614;110000;27080.0000000;27107.0000000;26958.0000000;26958.0000000;13
SPFB.MTSI-6.19;60;20190614;120000;27160.0000000;27168.0000000;27126.0000000;27126.0000000;8
SPFB.MTSI-6.19;60;20190614;130000;27122.0000000;27159.0000000;27121.0000000;27159.0000000;17
SPFB.MTSI-6.19;60;20190614;140000;27156.0000000;27159.0000000;27090.0000000;27159.0000000;16
SPFB.MTSI-6.19;60;20190614;150000;27171.0000000;27206.0000000;27166.0000000;27206.0000000;13
SPFB.MTSI-6.19;60;20190614;160000;27117.0000000;27159.0000000;27062.0000000;27100.0000000;49
SPFB.MTSI-6.19;60;20190614;170000;27087.0000000;27087.0000000;26919.0000000;26919.0000000;113
SPFB.MTSI-6.19;60;20190614;180000;26981.0000000;27069.0000000;26981.0000000;27069.0000000;26
SPFB.MTSI-6.19;60;20190614;190000;26953.0000000;27021.0000000;26911.0000000;26911.0000000;19
SPFB.MTSI-6.19;60;20190614;220000;27157.0000000;27157.0000000;27149.0000000;27149.0000000;3
SPFB.MTSI-6.19;60;20190617;110000;27148.0000000;27284.0000000;27140.0000000;27284.0000000;49
SPFB.MTSI-6.19;60;20190617;120000;27316.0000000;27316.0000000;27278.0000000;27305.0000000;8
SPFB.MTSI-6.19;60;20190617;130000;27266.0000000;27270.0000000;27266.0000000;27270.0000000;13
SPFB.MTSI-6.19;60;20190617;140000;27262.0000000;27422.0000000;27260.0000000;27396.0000000;189
SPFB.MTSI-6.19;60;20190617;150000;27396.0000000;27396.0000000;27283.0000000;27283.0000000;9
SPFB.MTSI-6.19;60;20190617;160000;27229.0000000;27292.0000000;27229.0000000;27275.0000000;4
SPFB.MTSI-6.19;60;20190617;170000;27253.0000000;27253.0000000;27121.0000000;27189.0000000;42
SPFB.MTSI-6.19;60;20190617;180000;27165.0000000;27167.0000000;26920.0000000;27000.0000000;63
SPFB.MTSI-6.19;60;20190617;190000;27051.0000000;27104.0000000;26993.0000000;26993.0000000;12
SPFB.MTSI-6.19;60;20190617;200000;27000.0000000;27000.0000000;27000.0000000;27000.0000000;2
SPFB.MTSI-6.19;60;20190617;210000;27000.0000000;27000.0000000;27000.0000000;27000.0000000;2
SPFB.MTSI-6.19;60;20190617;230000;26954.0000000;26954.0000000;26950.0000000;26950.0000000;2
SPFB.MTSI-6.19;60;20190618;000000;27014.0000000;27029.0000000;27014.0000000;27029.0000000;3
SPFB.MTSI-6.19;60;20190618;110000;27002.0000000;27020.0000000;26864.0000000;26897.0000000;45
SPFB.MTSI-6.19;60;20190618;120000;26934.0000000;27200.0000000;26934.0000000;27157.0000000;33
SPFB.MTSI-6.19;60;20190618;130000;27165.0000000;27178.0000000;27160.0000000;27178.0000000;31
SPFB.MTSI-6.19;60;20190618;140000;27099.0000000;27150.0000000;27070.0000000;27146.0000000;27
SPFB.MTSI-6.19;60;20190618;150000;27195.0000000;27218.0000000;27195.0000000;27218.0000000;23
SPFB.MTSI-6.19;60;20190618;160000;27218.0000000;27224.0000000;27186.0000000;27224.0000000;43
SPFB.MTSI-6.19;60;20190618;170000;27225.0000000;27226.0000000;27225.0000000;27226.0000000;7
SPFB.MTSI-6.19;60;20190618;180000;27267.0000000;27404.0000000;27267.0000000;27404.0000000;51
SPFB.MTSI-6.19;60;20190618;190000;27415.0000000;27415.0000000;27397.0000000;27397.0000000;8
SPFB.MTSI-6.19;60;20190618;200000;27350.0000000;27387.0000000;27350.0000000;27380.0000000;12
SPFB.MTSI-6.19;60;20190618;210000;27386.0000000;27386.0000000;27386.0000000;27386.0000000;10
SPFB.MTSI-6.19;60;20190618;220000;27387.0000000;27387.0000000;27386.0000000;27386.0000000;11
SPFB.MTSI-6.19;60;20190619;000000;27398.0000000;27438.0000000;27398.0000000;27438.0000000;4
SPFB.MTSI-6.19;60;20190619;110000;27500.0000000;27750.0000000;27489.0000000;27505.0000000;202
SPFB.MTSI-6.19;60;20190619;120000;27485.0000000;27510.0000000;27396.0000000;27510.0000000;43
SPFB.MTSI-6.19;60;20190619;140000;27510.0000000;27568.0000000;27471.0000000;27520.0000000;119
SPFB.MTSI-6.19;60;20190619;150000;27524.0000000;27530.0000000;27470.0000000;27470.0000000;35
SPFB.MTSI-6.19;60;20190619;160000;27507.0000000;27507.0000000;27386.0000000;27386.0000000;27
SPFB.MTSI-6.19;60;20190619;170000;27410.0000000;27595.0000000;27410.0000000;27577.0000000;49
SPFB.MTSI-6.19;60;20190619;180000;27525.0000000;27595.0000000;27525.0000000;27595.0000000;30
SPFB.MTSI-6.19;60;20190619;190000;27596.0000000;27662.0000000;27566.0000000;27605.0000000;130
SPFB.MTSI-6.19;60;20190620;110000;27716.0000000;27968.0000000;27716.0000000;27865.0000000;151
SPFB.MTSI-6.19;60;20190620;120000;27874.0000000;27904.0000000;27800.0000000;27800.0000000;16
SPFB.MTSI-6.19;60;20190620;130000;27771.0000000;27800.0000000;27758.0000000;27800.0000000;9
SPFB.MTSI-6.19;60;20190620;140000;27800.0000000;27800.0000000;27771.0000000;27775.0000000;29
SPFB.MTSI-6.19;60;20190620;150000;27775.0000000;27816.0000000;27766.0000000;27816.0000000;27
SPFB.MTSI-6.19;60;20190620;160000;27781.0000000;27954.0000000;27747.0000000;27908.0000000;32
SPFB.MTSI-6.19;60;20190620;170000;27843.0000000;27843.0000000;27778.0000000;27826.0000000;5
SPFB.MTSI-6.19;60;20190620;180000;27774.0000000;27861.0000000;27774.0000000;27861.0000000;13
SPFB.MTSI-6.19;60;20190620;190000;27821.0000000;27821.0000000;27769.0000000;27769.0000000;2
