<TICKER>;<PER>;<DATE>;<TIME>;<OPEN>;<HIGH>;<LOW>;<CLOSE>;<VOL>
SPFB.MTSI-3.19;60;20180920;180000;25694.0000000;28000.0000000;25656.0000000;28000.0000000;25
SPFB.MTSI-3.19;60;20180921;110000;27972.0000000;27972.0000000;27972.0000000;27972.0000000;1
SPFB.MTSI-3.19;60;20180921;140000;27946.0000000;28000.0000000;27946.0000000;28000.0000000;11
SPFB.MTSI-3.19;60;20180921;160000;27889.0000000;27991.0000000;27212.0000000;27226.0000000;45
SPFB.MTSI-3.19;60;20180924;110000;27304.0000000;27305.0000000;27304.0000000;27305.0000000;11
SPFB.MTSI-3.19;60;20180926;110000;27161.0000000;27181.0000000;27161.0000000;27181.0000000;2
SPFB.MTSI-3.19;60;20180926;140000;27202.0000000;27202.0000000;27184.0000000;27186.0000000;7
SPFB.MTSI-3.19;60;20181018;120000;27500.0000000;27500.0000000;27500.0000000;27500.0000000;15
SPFB.MTSI-3.19;60;20181018;130000;27500.0000000;27500.0000000;27500.0000000;27500.0000000;3
SPFB.MTSI-3.19;60;20181018;140000;27499.0000000;27499.0000000;27499.0000000;27499.0000000;1
SPFB.MTSI-3.19;60;20181018;150000;27500.0000000;27500.0000000;27500.0000000;27500.0000000;12
SPFB.MTSI-3.19;60;20181018;200000;27200.0000000;27200.0000000;27200.0000000;27200.0000000;1
SPFB.MTSI-3.19;60;20181019;110000;27500.0000000;27500.0000000;27500.0000000;27500.0000000;1
SPFB.MTSI-3.19;60;20181022;170000;27200.0000000;27200.0000000;27200.0000000;27200.0000000;15
SPFB.MTSI-3.19;60;20181022;180000;27200.0000000;27200.0000000;27200.0000000;27200.0000000;16
SPFB.MTSI-3.19;60;20181023;210000;26875.0000000;26876.0000000;26875.0000000;26876.0000000;2
SPFB.MTSI-3.19;60;20181024;110000;26875.0000000;26875.0000000;26875.0000000;26875.0000000;1
SPFB.MTSI-3.19;60;20181029;180000;26398.0000000;26398.0000000;26398.0000000;26398.0000000;1
SPFB.MTSI-3.19;60;20181101;000000;26099.0000000;26110.0000000;26099.0000000;26109.0000000;5
SPFB.MTSI-3.19;60;20181102;170000;26500.0000000;26500.0000000;26500.0000000;26500.0000000;1
SPFB.MTSI-3.19;60;20181102;180000;26800.0000000;26800.0000000;26800.0000000;26800.0000000;1
SPFB.MTSI-3.19;60;20181107;180000;27100.0000000;27200.0000000;27100.0000000;27200.0000000;11
SPFB.MTSI-3.19;60;20181107;190000;27500.0000000;27500.0000000;27500.0000000;27500.0000000;7
SPFB.MTSI-3.19;60;20181112;170000;27100.0000000;27100.0000000;27100.0000000;27100.0000000;1
SPFB.MTSI-3.19;60;20181112;180000;27100.0000000;27100.0000000;27100.0000000;27100.0000000;2
SPFB.MTSI-3.19;60;20181114;160000;27199.0000000;27200.0000000;27199.0000000;27200.0000000;2
SPFB.MTSI-3.19;60;20181120;160000;26755.0000000;26755.0000000;25600.0000000;25720.0000000;26
SPFB.MTSI-3.19;60;20181120;170000;25658.0000000;25658.0000000;25546.0000000;25576.0000000;4
SPFB.MTSI-3.19;60;20181120;180000;25748.0000000;25748.0000000;25748.0000000;25748.0000000;2
SPFB.MTSI-3.19;60;20181120;190000;25740.0000000;25740.0000000;25740.0000000;25740.0000000;2
SPFB.MTSI-3.19;60;20181122;160000;26057.0000000;26057.0000000;26057.0000000;26057.0000000;1
SPFB.MTSI-3.19;60;20181122;180000;25986.0000000;25986.0000000;25986.0000000;25986.0000000;1
SPFB.MTSI-3.19;60;20181123;180000;25500.0000000;25500.0000000;25500.0000000;25500.0000000;3
SPFB.MTSI-3.19;60;20181123;190000;25531.0000000;25531.0000000;25531.0000000;25531.0000000;1
SPFB.MTSI-3.19;60;20181126;110000;25526.0000000;25526.0000000;25526.0000000;25526.0000000;2
SPFB.MTSI-3.19;60;20181126;140000;25484.0000000;25557.0000000;25484.0000000;25554.0000000;38
SPFB.MTSI-3.19;60;20181126;180000;25209.0000000;25209.0000000;25209.0000000;25209.0000000;3
SPFB.MTSI-3.19;60;20181126;190000;25148.0000000;25148.0000000;25148.0000000;25148.0000000;2
SPFB.MTSI-3.19;60;20181127;180000;25297.0000000;25297.0000000;25297.0000000;25297.0000000;4
SPFB.MTSI-3.19;60;20181128;110000;25775.0000000;25775.0000000;25775.0000000;25775.0000000;2
SPFB.MTSI-3.19;60;20181128;120000;25064.0000000;25064.0000000;23200.0000000;25000.0000000;18
SPFB.MTSI-3.19;60;20181128;130000;25464.0000000;25464.0000000;25464.0000000;25464.0000000;3
SPFB.MTSI-3.19;60;20181128;160000;25565.0000000;25568.0000000;25565.0000000;25568.0000000;6
SPFB.MTSI-3.19;60;20181128;170000;25574.0000000;25578.0000000;25568.0000000;25577.0000000;13
SPFB.MTSI-3.19;60;20181129;130000;25023.0000000;25023.0000000;25023.0000000;25023.0000000;1
SPFB.MTSI-3.19;60;20181130;110000;25570.0000000;25698.0000000;25570.0000000;25698.0000000;3
SPFB.MTSI-3.19;60;20181130;120000;25698.0000000;25698.0000000;25600.0000000;25600.0000000;3
SPFB.MTSI-3.19;60;20181130;130000;25598.0000000;25598.0000000;25598.0000000;25598.0000000;1
SPFB.MTSI-3.19;60;20181130;160000;25598.0000000;25598.0000000;25598.0000000;25598.0000000;1
SPFB.MTSI-3.19;60;20181130;170000;25598.0000000;25598.0000000;25598.0000000;25598.0000000;1
SPFB.MTSI-3.19;60;20181204;130000;25753.0000000;25753.0000000;25753.0000000;25753.0000000;5
SPFB.MTSI-3.19;60;20181206;130000;25200.0000000;25200.0000000;25000.0000000;25000.0000000;28
SPFB.MTSI-3.19;60;20181206;160000;24950.0000000;24950.0000000;24850.0000000;24850.0000000;6
SPFB.MTSI-3.19;60;20181206;190000;24800.0000000;24800.0000000;24800.0000000;24800.0000000;1
SPFB.MTSI-3.19;60;20181206;210000;24500.0000000;24500.0000000;24490.0000000;24490.0000000;8
SPFB.MTSI-3.19;60;20181206;230000;24679.0000000;25498.0000000;24679.0000000;25498.0000000;22
SPFB.MTSI-3.19;60;20181207;000000;24749.0000000;24750.0000000;24749.0000000;24750.0000000;4
SPFB.MTSI-3.19;60;20181207;110000;24750.0000000;24750.0000000;24600.0000000;24600.0000000;17
SPFB.MTSI-3.19;60;20181207;120000;24750.0000000;24750.0000000;24750.0000000;24750.0000000;80
SPFB.MTSI-3.19;60;20181207;130000;24750.0000000;24750.0000000;24750.0000000;24750.0000000;1
SPFB.MTSI-3.19;60;20181207;180000;24450.0000000;24450.0000000;24000.0000000;24399.0000000;79
SPFB.MTSI-3.19;60;20181207;190000;24100.0000000;24399.0000000;24100.0000000;24399.0000000;2
SPFB.MTSI-3.19;60;20181210;120000;24002.0000000;24023.0000000;23900.0000000;23900.0000000;308
SPFB.MTSI-3.19;60;20181210;130000;23891.0000000;23891.0000000;23688.0000000;23688.0000000;158
SPFB.MTSI-3.19;60;20181210;140000;23600.0000000;23600.0000000;23600.0000000;23600.0000000;1
SPFB.MTSI-3.19;60;20181210;160000;23615.0000000;23615.0000000;23615.0000000;23615.0000000;100
SPFB.MTSI-3.19;60;20181210;170000;23922.0000000;23922.0000000;23769.0000000;23769.0000000;16
SPFB.MTSI-3.19;60;20181210;180000;23700.0000000;23700.0000000;23575.0000000;23575.0000000;71
SPFB.MTSI-3.19;60;20181210;190000;23502.0000000;23502.0000000;23362.0000000;23362.0000000;56
SPFB.MTSI-3.19;60;20181210;200000;23039.0000000;23050.0000000;23038.0000000;23050.0000000;11
SPFB.MTSI-3.19;60;20181210;210000;23050.0000000;23050.0000000;23036.0000000;23036.0000000;4
SPFB.MTSI-3.19;60;20181211;150000;23389.0000000;23389.0000000;23358.0000000;23358.0000000;19
SPFB.MTSI-3.19;60;20181211;160000;23389.0000000;23419.0000000;23389.0000000;23419.0000000;23
SPFB.MTSI-3.19;60;20181211;170000;23419.0000000;23460.0000000;23419.0000000;23460.0000000;4
SPFB.MTSI-3.19;60;20181211;180000;23348.0000000;23348.0000000;23000.0000000;23013.0000000;291
SPFB.MTSI-3.19;60;20181211;190000;22921.0000000;23500.0000000;22758.0000000;22758.0000000;116
SPFB.MTSI-3.19;60;20181211;200000;22675.0000000;22990.0000000;22555.0000000;22800.0000000;56
SPFB.MTSI-3.19;60;20181211;210000;22800.0000000;22800.0000000;22790.0000000;22790.0000000;8
SPFB.MTSI-3.19;60;20181211;220000;22750.0000000;22750.0000000;22750.0000000;22750.0000000;30
SPFB.MTSI-3.19;60;20181211;230000;22700.0000000;22700.0000000;22700.0000000;22700.0000000;1
SPFB.MTSI-3.19;60;20181212;110000;22800.0000000;22900.0000000;22561.0000000;22561.0000000;68
SPFB.MTSI-3.19;60;20181212;120000;22836.0000000;23233.0000000;22836.0000000;22901.0000000;23
SPFB.MTSI-3.19;60;20181212;130000;22901.0000000;23202.0000000;22901.0000000;23202.0000000;13
SPFB.MTSI-3.19;60;20181212;140000;23212.0000000;23212.0000000;23212.0000000;23212.0000000;9
SPFB.MTSI-3.19;60;20181212;150000;23222.0000000;23253.0000000;23222.0000000;23253.0000000;20
SPFB.MTSI-3.19;60;20181212;190000;23485.0000000;23500.0000000;23485.0000000;23500.0000000;101
SPFB.MTSI-3.19;60;20181212;200000;23650.0000000;23650.0000000;23650.0000000;23650.0000000;10
SPFB.MTSI-3.19;60;20181212;210000;23700.0000000;23702.0000000;23650.0000000;23650.0000000;5
SPFB.MTSI-3.19;60;20181212;220000;23650.0000000;23650.0000000;23650.0000000;23650.0000000;9
SPFB.MTSI-3.19;60;20181213;000000;23700.0000000;23700.0000000;23700.0000000;23700.0000000;1
SPFB.MTSI-3.19;60;20181213;110000;23650.0000000;23900.0000000;23602.0000000;23602.0000000;6
SPFB.MTSI-3.19;60;20181213;120000;23500.0000000;23500.0000000;23027.0000000;23027.0000000;24
SPFB.MTSI-3.19;60;20181213;170000;23241.0000000;23241.0000000;23032.0000000;23065.0000000;23
SPFB.MTSI-3.19;60;20181213;180000;23031.0000000;23363.0000000;22850.0000000;23290.0000000;138
SPFB.MTSI-3.19;60;20181213;190000;23200.0000000;23800.0000000;23200.0000000;23770.0000000;29
SPFB.MTSI-3.19;60;20181213;200000;23266.0000000;23500.0000000;22910.0000000;23500.0000000;93
SPFB.MTSI-3.19;60;20181213;210000;23504.0000000;23504.0000000;23504.0000000;23504.0000000;1
SPFB.MTSI-3.19;60;20181213;230000;23504.0000000;23504.0000000;23503.0000000;23503.0000000;6
SPFB.MTSI-3.19;60;20181214;110000;23604.0000000;23604.0000000;23365.0000000;23365.0000000;3
SPFB.MTSI-3.19;60;20181214;120000;23265.0000000;23460.0000000;23265.0000000;23419.0000000;13
SPFB.MTSI-3.19;60;20181214;130000;23300.0000000;23300.0000000;23300.0000000;23300.0000000;10
SPFB.MTSI-3.19;60;20181214;140000;23350.0000000;23350.0000000;23300.0000000;23325.0000000;12
SPFB.MTSI-3.19;60;20181214;160000;23500.0000000;23510.0000000;23500.0000000;23510.0000000;5
SPFB.MTSI-3.19;60;20181214;190000;23888.0000000;23888.0000000;23888.0000000;23888.0000000;2
SPFB.MTSI-3.19;60;20181214;210000;23400.0000000;23400.0000000;23400.0000000;23400.0000000;1
SPFB.MTSI-3.19;60;20181214;220000;23395.0000000;23395.0000000;23395.0000000;23395.0000000;6
SPFB.MTSI-3.19;60;20181214;230000;23699.0000000;23699.0000000;23699.0000000;23699.0000000;2
SPFB.MTSI-3.19;60;20181217;110000;23461.0000000;23537.0000000;23460.0000000;23510.0000000;66
SPFB.MTSI-3.19;60;20181217;120000;23548.0000000;23634.0000000;23531.0000000;23558.0000000;63
SPFB.MTSI-3.19;60;20181217;130000;23608.0000000;23701.0000000;23608.0000000;23701.0000000;7
SPFB.MTSI-3.19;60;20181217;140000;23750.0000000;23750.0000000;23730.0000000;23730.0000000;39
SPFB.MTSI-3.19;60;20181217;150000;23720.0000000;23720.0000000;23720.0000000;23720.0000000;9
SPFB.MTSI-3.19;60;20181217;160000;23801.0000000;23831.0000000;23801.0000000;23831.0000000;26
SPFB.MTSI-3.19;60;20181217;170000;23852.0000000;23852.0000000;23658.0000000;23707.0000000;10
SPFB.MTSI-3.19;60;20181217;180000;23750.0000000;23750.0000000;23538.0000000;23538.0000000;10
SPFB.MTSI-3.19;60;20181217;190000;23679.0000000;23679.0000000;23679.0000000;23679.0000000;8
SPFB.MTSI-3.19;60;20181217;200000;23890.0000000;23979.0000000;23890.0000000;23979.0000000;2
SPFB.MTSI-3.19;60;20181217;210000;23551.0000000;23551.0000000;23551.0000000;23551.0000000;1
SPFB.MTSI-3.19;60;20181217;220000;23521.0000000;23521.0000000;23285.0000000;23285.0000000;14
SPFB.MTSI-3.19;60;20181218;110000;23533.0000000;23800.0000000;23403.0000000;23473.0000000;117
SPFB.MTSI-3.19;60;20181218;120000;23432.0000000;23600.0000000;23432.0000000;23548.0000000;51
SPFB.MTSI-3.19;60;20181218;130000;23605.0000000;23642.0000000;23605.0000000;23642.0000000;10
SPFB.MTSI-3.19;60;20181218;140000;23672.0000000;23672.0000000;23606.0000000;23606.0000000;13
SPFB.MTSI-3.19;60;20181218;150000;23620.0000000;23680.0000000;23620.0000000;23680.0000000;5
SPFB.MTSI-3.19;60;20181218;160000;23696.0000000;23805.0000000;23696.0000000;23784.0000000;27
SPFB.MTSI-3.19;60;20181218;170000;23757.0000000;23805.0000000;23757.0000000;23785.0000000;10
SPFB.MTSI-3.19;60;20181218;180000;23805.0000000;24000.0000000;23739.0000000;23980.0000000;78
SPFB.MTSI-3.19;60;20181218;190000;23983.0000000;24105.0000000;23902.0000000;24105.0000000;37
SPFB.MTSI-3.19;60;20181218;200000;23991.0000000;23991.0000000;23822.0000000;23855.0000000;37
SPFB.MTSI-3.19;60;20181218;210000;23870.0000000;23870.0000000;23870.0000000;23870.0000000;1
SPFB.MTSI-3.19;60;20181218;230000;23860.0000000;23860.0000000;23860.0000000;23860.0000000;4
SPFB.MTSI-3.19;60;20181219;000000;23850.0000000;23870.0000000;23850.0000000;23870.0000000;6
SPFB.MTSI-3.19;60;20181219;110000;23760.0000000;23880.0000000;23705.0000000;23800.0000000;85
SPFB.MTSI-3.19;60;20181219;120000;23815.0000000;24000.0000000;23815.0000000;23970.0000000;107
SPFB.MTSI-3.19;60;20181219;130000;23885.0000000;23966.0000000;23880.0000000;23880.0000000;70
SPFB.MTSI-3.19;60;20181219;140000;23906.0000000;23928.0000000;23757.0000000;23757.0000000;162
SPFB.MTSI-3.19;60;20181219;150000;23825.0000000;23825.0000000;23745.0000000;23762.0000000;6
SPFB.MTSI-3.19;60;20181219;160000;23780.0000000;23805.0000000;23710.0000000;23805.0000000;32
SPFB.MTSI-3.19;60;20181219;170000;23723.0000000;23830.0000000;23723.0000000;23830.0000000;5
SPFB.MTSI-3.19;60;20181219;180000;23830.0000000;24138.0000000;23800.0000000;24138.0000000;50
SPFB.MTSI-3.19;60;20181219;190000;24180.0000000;24295.0000000;24180.0000000;24278.0000000;38
SPFB.MTSI-3.19;60;20181219;200000;24395.0000000;24550.0000000;24301.0000000;24301.0000000;41
SPFB.MTSI-3.19;60;20181219;210000;24305.0000000;24507.0000000;24305.0000000;24496.0000000;24
SPFB.MTSI-3.19;60;20181219;220000;24597.0000000;24629.0000000;24330.0000000;24330.0000000;9
SPFB.MTSI-3.19;60;20181219;230000;24500.0000000;24627.0000000;24500.0000000;24627.0000000;6
SPFB.MTSI-3.19;60;20181220;000000;24417.0000000;24417.0000000;24360.0000000;24360.0000000;10
SPFB.MTSI-3.19;60;20181220;110000;24360.0000000;24528.0000000;24050.0000000;24288.0000000;74
SPFB.MTSI-3.19;60;20181220;120000;24193.0000000;24206.0000000;24000.0000000;24029.0000000;72
SPFB.MTSI-3.19;60;20181220;130000;24030.0000000;24100.0000000;24025.0000000;24073.0000000;98
SPFB.MTSI-3.19;60;20181220;140000;24169.0000000;24206.0000000;24078.0000000;24099.0000000;121
SPFB.MTSI-3.19;60;20181220;150000;24149.0000000;24200.0000000;24149.0000000;24180.0000000;25
SPFB.MTSI-3.19;60;20181220;160000;24159.0000000;24331.0000000;24126.0000000;24154.0000000;27
SPFB.MTSI-3.19;60;20181220;170000;24156.0000000;24210.0000000;24156.0000000;24200.0000000;15
SPFB.MTSI-3.19;60;20181220;180000;24124.0000000;24630.0000000;24124.0000000;24618.0000000;110
SPFB.MTSI-3.19;60;20181220;190000;24640.0000000;24650.0000000;24441.0000000;24549.0000000;80
SPFB.MTSI-3.19;60;20181220;200000;24276.0000000;24600.0000000;24276.0000000;24306.0000000;21
SPFB.MTSI-3.19;60;20181220;210000;24439.0000000;24439.0000000;24439.0000000;24439.0000000;11
SPFB.MTSI-3.19;60;20181220;220000;24351.0000000;24351.0000000;24351.0000000;24351.0000000;1
SPFB.MTSI-3.19;60;20181220;230000;24334.0000000;24448.0000000;24333.0000000;24448.0000000;15
SPFB.MTSI-3.19;60;20181221;000000;24489.0000000;24490.0000000;24489.0000000;24490.0000000;4
SPFB.MTSI-3.19;60;20181221;110000;24499.0000000;24665.0000000;24486.0000000;24516.0000000;46
SPFB.MTSI-3.19;60;20181221;120000;24499.0000000;24510.0000000;24340.0000000;24404.0000000;52
SPFB.MTSI-3.19;60;20181221;130000;24432.0000000;24432.0000000;24347.0000000;24363.0000000;30
SPFB.MTSI-3.19;60;20181221;140000;24350.0000000;24449.0000000;24347.0000000;24449.0000000;41
SPFB.MTSI-3.19;60;20181221;160000;24466.0000000;24487.0000000;24466.0000000;24487.0000000;4
SPFB.MTSI-3.19;60;20181221;170000;24510.0000000;24565.0000000;24510.0000000;24565.0000000;13
SPFB.MTSI-3.19;60;20181221;180000;24495.0000000;24745.0000000;24480.0000000;24563.0000000;27
SPFB.MTSI-3.19;60;20181221;190000;24497.0000000;24646.0000000;24481.0000000;24548.0000000;24
SPFB.MTSI-3.19;60;20181221;210000;24408.0000000;24438.0000000;24320.0000000;24330.0000000;80
SPFB.MTSI-3.19;60;20181221;220000;24351.0000000;24351.0000000;24331.0000000;24331.0000000;8
SPFB.MTSI-3.19;60;20181221;230000;24370.0000000;24370.0000000;24370.0000000;24370.0000000;3
SPFB.MTSI-3.19;60;20181222;000000;24371.0000000;24371.0000000;24129.0000000;24150.0000000;305
SPFB.MTSI-3.19;60;20181224;110000;24420.0000000;24450.0000000;24018.0000000;24060.0000000;223
SPFB.MTSI-3.19;60;20181224;120000;24145.0000000;24145.0000000;23947.0000000;23947.0000000;120
SPFB.MTSI-3.19;60;20181224;130000;23947.0000000;23947.0000000;23501.0000000;23626.0000000;403
SPFB.MTSI-3.19;60;20181224;140000;23601.0000000;23669.0000000;23584.0000000;23615.0000000;88
SPFB.MTSI-3.19;60;20181224;150000;23629.0000000;23701.0000000;23576.0000000;23693.0000000;52
SPFB.MTSI-3.19;60;20181224;160000;23685.0000000;23704.0000000;23548.0000000;23548.0000000;114
SPFB.MTSI-3.19;60;20181224;170000;23567.0000000;23586.0000000;23500.0000000;23557.0000000;31
SPFB.MTSI-3.19;60;20181224;180000;23560.0000000;23560.0000000;23416.0000000;23416.0000000;70
SPFB.MTSI-3.19;60;20181224;190000;23421.0000000;23552.0000000;23412.0000000;23552.0000000;57
SPFB.MTSI-3.19;60;20181224;200000;23623.0000000;23623.0000000;23556.0000000;23556.0000000;50
SPFB.MTSI-3.19;60;20181224;210000;23557.0000000;23600.0000000;23504.0000000;23504.0000000;41
SPFB.MTSI-3.19;60;20181224;220000;23452.0000000;23475.0000000;23350.0000000;23448.0000000;12
SPFB.MTSI-3.19;60;20181224;230000;23350.0000000;23350.0000000;23307.0000000;23307.0000000;9
SPFB.MTSI-3.19;60;20181225;000000;23307.0000000;23307.0000000;23300.0000000;23300.0000000;7
SPFB.MTSI-3.19;60;20181225;110000;23265.0000000;23265.0000000;22610.0000000;22899.0000000;247
SPFB.MTSI-3.19;60;20181225;120000;22899.0000000;23051.0000000;22898.0000000;23051.0000000;46
SPFB.MTSI-3.19;60;20181225;130000;23059.0000000;23060.0000000;22975.0000000;22975.0000000;6
SPFB.MTSI-3.19;60;20181225;140000;23058.0000000;23060.0000000;22993.0000000;23060.0000000;27
SPFB.MTSI-3.19;60;20181225;150000;23053.0000000;23053.0000000;23000.0000000;23007.0000000;17
SPFB.MTSI-3.19;60;20181225;160000;22974.0000000;23224.0000000;22974.0000000;23164.0000000;136
SPFB.MTSI-3.19;60;20181225;170000;23159.0000000;23403.0000000;23159.0000000;23403.0000000;131
SPFB.MTSI-3.19;60;20181225;180000;23411.0000000;23441.0000000;23396.0000000;23410.0000000;22
SPFB.MTSI-3.19;60;20181225;190000;23425.0000000;23442.0000000;23382.0000000;23442.0000000;49
SPFB.MTSI-3.19;60;20181225;210000;23445.0000000;23450.0000000;23445.0000000;23450.0000000;2
SPFB.MTSI-3.19;60;20181225;230000;23378.0000000;23435.0000000;23356.0000000;23405.0000000;165
SPFB.MTSI-3.19;60;20181226;110000;23400.0000000;23657.0000000;23400.0000000;23530.0000000;26
SPFB.MTSI-3.19;60;20181226;120000;23553.0000000;23597.0000000;23553.0000000;23597.0000000;18
SPFB.MTSI-3.19;60;20181226;130000;23600.0000000;23600.0000000;23531.0000000;23531.0000000;22
SPFB.MTSI-3.19;60;20181226;140000;23583.0000000;23583.0000000;23530.0000000;23530.0000000;3
SPFB.MTSI-3.19;60;20181226;150000;23498.0000000;23498.0000000;23498.0000000;23498.0000000;2
SPFB.MTSI-3.19;60;20181226;160000;23550.0000000;23600.0000000;23520.0000000;23600.0000000;15
SPFB.MTSI-3.19;60;20181226;170000;23543.0000000;23557.0000000;23540.0000000;23557.0000000;6
SPFB.MTSI-3.19;60;20181226;180000;23510.0000000;23520.0000000;23479.0000000;23520.0000000;10
SPFB.MTSI-3.19;60;20181226;190000;23594.0000000;23700.0000000;23594.0000000;23618.0000000;141
SPFB.MTSI-3.19;60;20181226;210000;23670.0000000;23670.0000000;23662.0000000;23670.0000000;8
SPFB.MTSI-3.19;60;20181226;220000;23674.0000000;23674.0000000;23634.0000000;23650.0000000;11
SPFB.MTSI-3.19;60;20181226;230000;23655.0000000;23681.0000000;23646.0000000;23646.0000000;13
SPFB.MTSI-3.19;60;20181227;000000;23645.0000000;23881.0000000;23645.0000000;23820.0000000;39
SPFB.MTSI-3.19;60;20181227;110000;23870.0000000;23888.0000000;23704.0000000;23728.0000000;79
SPFB.MTSI-3.19;60;20181227;120000;23843.0000000;23843.0000000;23792.0000000;23796.0000000;17
SPFB.MTSI-3.19;60;20181227;130000;23806.0000000;23806.0000000;23657.0000000;23657.0000000;30
SPFB.MTSI-3.19;60;20181227;140000;23655.0000000;23677.0000000;23643.0000000;23677.0000000;14
SPFB.MTSI-3.19;60;20181227;150000;23680.0000000;23718.0000000;23547.0000000;23580.0000000;26
SPFB.MTSI-3.19;60;20181227;160000;23585.0000000;23600.0000000;23515.0000000;23574.0000000;18
SPFB.MTSI-3.19;60;20181227;170000;23568.0000000;23568.0000000;23411.0000000;23511.0000000;51
SPFB.MTSI-3.19;60;20181227;180000;23534.0000000;23621.0000000;23511.0000000;23511.0000000;66
SPFB.MTSI-3.19;60;20181227;190000;23520.0000000;23616.0000000;23520.0000000;23607.0000000;32
SPFB.MTSI-3.19;60;20181227;200000;23459.0000000;23600.0000000;23411.0000000;23572.0000000;78
SPFB.MTSI-3.19;60;20181227;220000;23563.0000000;23564.0000000;23563.0000000;23564.0000000;2
SPFB.MTSI-3.19;60;20181227;230000;23517.0000000;23517.0000000;23516.0000000;23516.0000000;3
SPFB.MTSI-3.19;60;20181228;000000;23503.0000000;23503.0000000;23503.0000000;23503.0000000;1
SPFB.MTSI-3.19;60;20181228;110000;23609.0000000;23709.0000000;23509.0000000;23703.0000000;40
SPFB.MTSI-3.19;60;20181228;120000;23747.0000000;23760.0000000;23711.0000000;23760.0000000;20
SPFB.MTSI-3.19;60;20181228;130000;23750.0000000;23800.0000000;23750.0000000;23770.0000000;10
SPFB.MTSI-3.19;60;20181228;140000;23799.0000000;23800.0000000;23787.0000000;23787.0000000;108
SPFB.MTSI-3.19;60;20181228;150000;23770.0000000;23818.0000000;23770.0000000;23818.0000000;15
SPFB.MTSI-3.19;60;20181228;160000;23815.0000000;23846.0000000;23730.0000000;23730.0000000;48
SPFB.MTSI-3.19;60;20181228;170000;23703.0000000;23733.0000000;23575.0000000;23575.0000000;37
SPFB.MTSI-3.19;60;20181228;180000;23665.0000000;23905.0000000;23651.0000000;23893.0000000;96
SPFB.MTSI-3.19;60;20181228;190000;23927.0000000;23927.0000000;23830.0000000;23851.0000000;5
SPFB.MTSI-3.19;60;20181228;210000;23891.0000000;23891.0000000;23891.0000000;23891.0000000;1
SPFB.MTSI-3.19;60;20181228;220000;23964.0000000;24200.0000000;23963.0000000;23984.0000000;59
SPFB.MTSI-3.19;60;20181228;230000;23950.0000000;23950.0000000;23950.0000000;23950.0000000;1
SPFB.MTSI-3.19;60;20181229;000000;23979.0000000;23999.0000000;23979.0000000;23999.0000000;4
SPFB.MTSI-3.19;60;20181229;110000;23953.0000000;23963.0000000;23850.0000000;23850.0000000;24
SPFB.MTSI-3.19;60;20181229;120000;23914.0000000;23916.0000000;23881.0000000;23881.0000000;5
SPFB.MTSI-3.19;60;20181229;140000;23977.0000000;23977.0000000;23976.0000000;23976.0000000;3
SPFB.MTSI-3.19;60;20181229;150000;23989.0000000;23989.0000000;23989.0000000;23989.0000000;3
SPFB.MTSI-3.19;60;20181229;180000;23984.0000000;23984.0000000;23970.0000000;23970.0000000;2
SPFB.MTSI-3.19;60;20181229;190000;23969.0000000;23969.0000000;23953.0000000;23953.0000000;3
SPFB.MTSI-3.19;60;20181229;200000;23951.0000000;23951.0000000;23951.0000000;23951.0000000;1
SPFB.MTSI-3.19;60;20181230;000000;24051.0000000;24051.0000000;24051.0000000;24051.0000000;2
SPFB.MTSI-3.19;60;20190103;110000;24479.0000000;24479.0000000;24091.0000000;24101.0000000;51
SPFB.MTSI-3.19;60;20190103;120000;24073.0000000;24073.0000000;23923.0000000;23923.0000000;5
SPFB.MTSI-3.19;60;20190103;130000;23921.0000000;24009.0000000;23921.0000000;23979.0000000;13
SPFB.MTSI-3.19;60;20190103;140000;24052.0000000;24089.0000000;24052.0000000;24089.0000000;33
SPFB.MTSI-3.19;60;20190103;150000;24089.0000000;24141.0000000;24029.0000000;24128.0000000;42
SPFB.MTSI-3.19;60;20190103;160000;24070.0000000;24121.0000000;24070.0000000;24121.0000000;24
SPFB.MTSI-3.19;60;20190103;170000;24131.0000000;24131.0000000;24080.0000000;24080.0000000;22
SPFB.MTSI-3.19;60;20190103;180000;24135.0000000;24313.0000000;24100.0000000;24299.0000000;33
SPFB.MTSI-3.19;60;20190103;190000;24300.0000000;24300.0000000;24084.0000000;24084.0000000;17
SPFB.MTSI-3.19;60;20190103;200000;24165.0000000;24166.0000000;24165.0000000;24166.0000000;2
SPFB.MTSI-3.19;60;20190103;230000;24236.0000000;24236.0000000;24236.0000000;24236.0000000;1
SPFB.MTSI-3.19;60;20190104;000000;24329.0000000;24329.0000000;24233.0000000;24251.0000000;18
SPFB.MTSI-3.19;60;20190104;110000;24330.0000000;24355.0000000;24310.0000000;24310.0000000;10
SPFB.MTSI-3.19;60;20190104;120000;24340.0000000;24387.0000000;24308.0000000;24369.0000000;22
SPFB.MTSI-3.19;60;20190104;130000;24225.0000000;24225.0000000;24200.0000000;24215.0000000;32
SPFB.MTSI-3.19;60;20190104;140000;24284.0000000;24284.0000000;24284.0000000;24284.0000000;3
SPFB.MTSI-3.19;60;20190104;150000;24218.0000000;24218.0000000;24215.0000000;24215.0000000;8
SPFB.MTSI-3.19;60;20190104;170000;24234.0000000;24234.0000000;24222.0000000;24222.0000000;2
SPFB.MTSI-3.19;60;20190104;180000;24277.0000000;24800.0000000;24277.0000000;24800.0000000;107
SPFB.MTSI-3.19;60;20190104;190000;24750.0000000;24999.0000000;24739.0000000;24950.0000000;172
SPFB.MTSI-3.19;60;20190104;200000;24983.0000000;25381.0000000;24983.0000000;25099.0000000;134
SPFB.MTSI-3.19;60;20190104;210000;25083.0000000;25437.0000000;25083.0000000;25355.0000000;134
SPFB.MTSI-3.19;60;20190104;220000;25323.0000000;25355.0000000;25242.0000000;25242.0000000;31
SPFB.MTSI-3.19;60;20190104;230000;25227.0000000;25352.0000000;25227.0000000;25235.0000000;12
SPFB.MTSI-3.19;60;20190105;000000;25266.0000000;25266.0000000;25243.0000000;25255.0000000;4
SPFB.MTSI-3.19;60;20190108;110000;25300.0000000;25300.0000000;25026.0000000;25101.0000000;146
SPFB.MTSI-3.19;60;20190108;120000;25087.0000000;25170.0000000;25038.0000000;25085.0000000;52
SPFB.MTSI-3.19;60;20190108;130000;25037.0000000;25081.0000000;25020.0000000;25030.0000000;42
SPFB.MTSI-3.19;60;20190108;140000;25032.0000000;25067.0000000;25023.0000000;25046.0000000;21
SPFB.MTSI-3.19;60;20190108;150000;25060.0000000;25110.0000000;25060.0000000;25070.0000000;5
SPFB.MTSI-3.19;60;20190108;170000;25087.0000000;25087.0000000;25037.0000000;25037.0000000;3
SPFB.MTSI-3.19;60;20190108;180000;25035.0000000;25447.0000000;25035.0000000;25350.0000000;259
SPFB.MTSI-3.19;60;20190108;190000;25400.0000000;25481.0000000;25202.0000000;25202.0000000;32
SPFB.MTSI-3.19;60;20190108;200000;25200.0000000;25480.0000000;25200.0000000;25452.0000000;155
SPFB.MTSI-3.19;60;20190108;210000;25459.0000000;25640.0000000;25448.0000000;25448.0000000;258
SPFB.MTSI-3.19;60;20190108;220000;25457.0000000;25624.0000000;25452.0000000;25624.0000000;66
SPFB.MTSI-3.19;60;20190108;230000;25569.0000000;25667.0000000;25569.0000000;25667.0000000;74
SPFB.MTSI-3.19;60;20190109;000000;25667.0000000;25676.0000000;25630.0000000;25643.0000000;57
SPFB.MTSI-3.19;60;20190109;110000;25585.0000000;25587.0000000;25243.0000000;25297.0000000;376
SPFB.MTSI-3.19;60;20190109;120000;25274.0000000;25300.0000000;25223.0000000;25282.0000000;145
SPFB.MTSI-3.19;60;20190109;130000;25295.0000000;25297.0000000;25240.0000000;25240.0000000;28
SPFB.MTSI-3.19;60;20190109;140000;25210.0000000;25240.0000000;25149.0000000;25190.0000000;44
SPFB.MTSI-3.19;60;20190109;150000;25173.0000000;25190.0000000;25142.0000000;25145.0000000;12
SPFB.MTSI-3.19;60;20190109;160000;25124.0000000;25356.0000000;25124.0000000;25214.0000000;44
SPFB.MTSI-3.19;60;20190109;170000;25197.0000000;25224.0000000;25185.0000000;25224.0000000;31
SPFB.MTSI-3.19;60;20190109;180000;25195.0000000;25368.0000000;25176.0000000;25293.0000000;50
SPFB.MTSI-3.19;60;20190109;190000;25376.0000000;25376.0000000;25211.0000000;25281.0000000;31
SPFB.MTSI-3.19;60;20190109;200000;25315.0000000;25490.0000000;25279.0000000;25455.0000000;136
SPFB.MTSI-3.19;60;20190109;210000;25445.0000000;25480.0000000;25426.0000000;25480.0000000;13
SPFB.MTSI-3.19;60;20190109;220000;25437.0000000;25440.0000000;25411.0000000;25428.0000000;8
SPFB.MTSI-3.19;60;20190109;230000;25400.0000000;25420.0000000;25400.0000000;25420.0000000;3
SPFB.MTSI-3.19;60;20190110;000000;25454.0000000;25577.0000000;25454.0000000;25460.0000000;56
SPFB.MTSI-3.19;60;20190110;110000;25212.0000000;25527.0000000;25190.0000000;25201.0000000;96
SPFB.MTSI-3.19;60;20190110;120000;25200.0000000;25256.0000000;25199.0000000;25256.0000000;7
SPFB.MTSI-3.19;60;20190110;130000;25256.0000000;25348.0000000;25256.0000000;25348.0000000;32
SPFB.MTSI-3.19;60;20190110;140000;25299.0000000;25365.0000000;25299.0000000;25365.0000000;11
SPFB.MTSI-3.19;60;20190110;150000;25349.0000000;25393.0000000;25348.0000000;25390.0000000;24
SPFB.MTSI-3.19;60;20190110;160000;25440.0000000;25441.0000000;25440.0000000;25441.0000000;7
SPFB.MTSI-3.19;60;20190110;170000;25445.0000000;25445.0000000;25445.0000000;25445.0000000;1
SPFB.MTSI-3.19;60;20190110;180000;25475.0000000;25648.0000000;25445.0000000;25600.0000000;85
SPFB.MTSI-3.19;60;20190110;190000;25590.0000000;25800.0000000;25590.0000000;25800.0000000;174
SPFB.MTSI-3.19;60;20190110;210000;25714.0000000;25714.0000000;25580.0000000;25580.0000000;18
SPFB.MTSI-3.19;60;20190110;220000;25602.0000000;25612.0000000;25590.0000000;25612.0000000;7
SPFB.MTSI-3.19;60;20190110;230000;25612.0000000;25612.0000000;25569.0000000;25569.0000000;3
SPFB.MTSI-3.19;60;20190111;000000;25584.0000000;25632.0000000;25584.0000000;25622.0000000;18
SPFB.MTSI-3.19;60;20190111;110000;25631.0000000;25632.0000000;25570.0000000;25586.0000000;15
SPFB.MTSI-3.19;60;20190111;120000;25585.0000000;25649.0000000;25548.0000000;25548.0000000;21
SPFB.MTSI-3.19;60;20190111;130000;25627.0000000;25638.0000000;25627.0000000;25638.0000000;4
SPFB.MTSI-3.19;60;20190111;140000;25573.0000000;25573.0000000;25572.0000000;25572.0000000;5
SPFB.MTSI-3.19;60;20190111;160000;25610.0000000;25610.0000000;25610.0000000;25610.0000000;2
SPFB.MTSI-3.19;60;20190111;170000;25608.0000000;25629.0000000;25608.0000000;25608.0000000;4
SPFB.MTSI-3.19;60;20190111;180000;25590.0000000;25590.0000000;25403.0000000;25427.0000000;52
SPFB.MTSI-3.19;60;20190111;190000;25448.0000000;25535.0000000;25448.0000000;25531.0000000;25
SPFB.MTSI-3.19;60;20190111;200000;25580.0000000;25592.0000000;25473.0000000;25535.0000000;15
SPFB.MTSI-3.19;60;20190111;210000;25531.0000000;25554.0000000;25493.0000000;25554.0000000;8
SPFB.MTSI-3.19;60;20190111;220000;25539.0000000;25543.0000000;25457.0000000;25487.0000000;43
SPFB.MTSI-3.19;60;20190111;230000;25500.0000000;25577.0000000;25498.0000000;25531.0000000;40
SPFB.MTSI-3.19;60;20190112;000000;25560.0000000;25560.0000000;25560.0000000;25560.0000000;7
SPFB.MTSI-3.19;60;20190114;110000;25431.0000000;25503.0000000;25386.0000000;25458.0000000;70
SPFB.MTSI-3.19;60;20190114;120000;25432.0000000;25443.0000000;25370.0000000;25370.0000000;40
SPFB.MTSI-3.19;60;20190114;130000;25384.0000000;25443.0000000;25370.0000000;25370.0000000;10
SPFB.MTSI-3.19;60;20190114;140000;25372.0000000;25386.0000000;25339.0000000;25346.0000000;8
SPFB.MTSI-3.19;60;20190114;150000;25390.0000000;25408.0000000;25390.0000000;25408.0000000;3
SPFB.MTSI-3.19;60;20190114;160000;25443.0000000;25475.0000000;25443.0000000;25475.0000000;13
SPFB.MTSI-3.19;60;20190114;170000;25490.0000000;25540.0000000;25490.0000000;25503.0000000;11
SPFB.MTSI-3.19;60;20190114;180000;25525.0000000;25537.0000000;25455.0000000;25470.0000000;21
SPFB.MTSI-3.19;60;20190114;190000;25452.0000000;25460.0000000;25380.0000000;25460.0000000;43
SPFB.MTSI-3.19;60;20190114;200000;25435.0000000;25435.0000000;25341.0000000;25391.0000000;17
SPFB.MTSI-3.19;60;20190114;210000;25428.0000000;25470.0000000;25428.0000000;25430.0000000;24
SPFB.MTSI-3.19;60;20190115;110000;25469.0000000;25505.0000000;25469.0000000;25505.0000000;18
SPFB.MTSI-3.19;60;20190115;120000;25500.0000000;25600.0000000;25500.0000000;25578.0000000;32
SPFB.MTSI-3.19;60;20190115;130000;25580.0000000;25581.0000000;25450.0000000;25450.0000000;23
SPFB.MTSI-3.19;60;20190115;140000;25467.0000000;25481.0000000;25451.0000000;25473.0000000;13
SPFB.MTSI-3.19;60;20190115;150000;25468.0000000;25478.0000000;25430.0000000;25430.0000000;9
SPFB.MTSI-3.19;60;20190115;160000;25424.0000000;25450.0000000;25411.0000000;25411.0000000;36
SPFB.MTSI-3.19;60;20190115;170000;25424.0000000;25427.0000000;25388.0000000;25420.0000000;29
SPFB.MTSI-3.19;60;20190115;180000;25440.0000000;25480.0000000;25378.0000000;25378.0000000;27
SPFB.MTSI-3.19;60;20190115;190000;25423.0000000;25452.0000000;25356.0000000;25452.0000000;36
SPFB.MTSI-3.19;60;20190115;200000;25478.0000000;25478.0000000;25401.0000000;25478.0000000;33
SPFB.MTSI-3.19;60;20190115;210000;25470.0000000;25470.0000000;25409.0000000;25410.0000000;13
SPFB.MTSI-3.19;60;20190115;220000;25416.0000000;25420.0000000;25350.0000000;25389.0000000;12
SPFB.MTSI-3.19;60;20190115;230000;25350.0000000;25380.0000000;25322.0000000;25335.0000000;11
SPFB.MTSI-3.19;60;20190116;000000;25387.0000000;25387.0000000;25360.0000000;25360.0000000;2
SPFB.MTSI-3.19;60;20190116;110000;25383.0000000;25472.0000000;25383.0000000;25383.0000000;25
SPFB.MTSI-3.19;60;20190116;120000;25336.0000000;25431.0000000;25336.0000000;25425.0000000;22
SPFB.MTSI-3.19;60;20190116;130000;25441.0000000;25450.0000000;25441.0000000;25450.0000000;2
SPFB.MTSI-3.19;60;20190116;140000;25445.0000000;25455.0000000;25410.0000000;25410.0000000;24
SPFB.MTSI-3.19;60;20190116;150000;25434.0000000;25492.0000000;25434.0000000;25492.0000000;14
SPFB.MTSI-3.19;60;20190116;160000;25480.0000000;25482.0000000;25480.0000000;25482.0000000;2
SPFB.MTSI-3.19;60;20190116;170000;25441.0000000;25492.0000000;25404.0000000;25492.0000000;35
SPFB.MTSI-3.19;60;20190116;180000;25492.0000000;25680.0000000;25492.0000000;25660.0000000;67
SPFB.MTSI-3.19;60;20190116;190000;25680.0000000;25680.0000000;25590.0000000;25590.0000000;38
SPFB.MTSI-3.19;60;20190116;200000;25596.0000000;25700.0000000;25596.0000000;25675.0000000;6
SPFB.MTSI-3.19;60;20190116;210000;25700.0000000;25725.0000000;25700.0000000;25709.0000000;13
SPFB.MTSI-3.19;60;20190116;220000;25678.0000000;25678.0000000;25678.0000000;25678.0000000;1
SPFB.MTSI-3.19;60;20190116;230000;25670.0000000;25681.0000000;25670.0000000;25680.0000000;3
SPFB.MTSI-3.19;60;20190117;000000;25644.0000000;25667.0000000;25644.0000000;25667.0000000;5
SPFB.MTSI-3.19;60;20190117;110000;25682.0000000;25771.0000000;25671.0000000;25703.0000000;33
SPFB.MTSI-3.19;60;20190117;120000;25700.0000000;25720.0000000;25700.0000000;25700.0000000;3
SPFB.MTSI-3.19;60;20190117;130000;25686.0000000;25700.0000000;25600.0000000;25700.0000000;34
SPFB.MTSI-3.19;60;20190117;140000;25700.0000000;25700.0000000;25700.0000000;25700.0000000;18
SPFB.MTSI-3.19;60;20190117;150000;25669.0000000;25722.0000000;25664.0000000;25722.0000000;19
SPFB.MTSI-3.19;60;20190117;160000;25704.0000000;25718.0000000;25598.0000000;25598.0000000;24
SPFB.MTSI-3.19;60;20190117;170000;25602.0000000;25745.0000000;25602.0000000;25667.0000000;110
SPFB.MTSI-3.19;60;20190117;180000;25693.0000000;25804.0000000;25663.0000000;25787.0000000;201
SPFB.MTSI-3.19;60;20190117;190000;25755.0000000;25791.0000000;25681.0000000;25681.0000000;35
SPFB.MTSI-3.19;60;20190117;210000;25730.0000000;25763.0000000;25700.0000000;25716.0000000;6
SPFB.MTSI-3.19;60;20190117;220000;25743.0000000;25743.0000000;25690.0000000;25690.0000000;11
SPFB.MTSI-3.19;60;20190117;230000;25695.0000000;25840.0000000;25695.0000000;25840.0000000;18
SPFB.MTSI-3.19;60;20190118;110000;25829.0000000;25886.0000000;25770.0000000;25808.0000000;31
SPFB.MTSI-3.19;60;20190118;120000;25795.0000000;25829.0000000;25782.0000000;25785.0000000;26
SPFB.MTSI-3.19;60;20190118;130000;25823.0000000;25823.0000000;25709.0000000;25803.0000000;47
SPFB.MTSI-3.19;60;20190118;140000;25801.0000000;25895.0000000;25773.0000000;25840.0000000;34
SPFB.MTSI-3.19;60;20190118;150000;25860.0000000;25886.0000000;25825.0000000;25874.0000000;15
SPFB.MTSI-3.19;60;20190118;160000;25880.0000000;25880.0000000;25880.0000000;25880.0000000;1
SPFB.MTSI-3.19;60;20190118;170000;25826.0000000;25886.0000000;25825.0000000;25859.0000000;12
SPFB.MTSI-3.19;60;20190118;180000;25898.0000000;25980.0000000;25893.0000000;25893.0000000;45
SPFB.MTSI-3.19;60;20190118;190000;25941.0000000;25941.0000000;25853.0000000;25885.0000000;101
SPFB.MTSI-3.19;60;20190118;200000;25885.0000000;25933.0000000;25885.0000000;25933.0000000;6
SPFB.MTSI-3.19;60;20190118;210000;25933.0000000;25933.0000000;25933.0000000;25933.0000000;1
SPFB.MTSI-3.19;60;20190118;230000;25919.0000000;25933.0000000;25883.0000000;25883.0000000;6
SPFB.MTSI-3.19;60;20190119;000000;25920.0000000;25949.0000000;25899.0000000;25923.0000000;10
SPFB.MTSI-3.19;60;20190121;110000;25980.0000000;25980.0000000;25875.0000000;25893.0000000;31
SPFB.MTSI-3.19;60;20190121;120000;25920.0000000;25920.0000000;25893.0000000;25893.0000000;6
SPFB.MTSI-3.19;60;20190121;130000;25921.0000000;25961.0000000;25921.0000000;25961.0000000;28
SPFB.MTSI-3.19;60;20190121;140000;25961.0000000;26021.0000000;25961.0000000;26021.0000000;23
SPFB.MTSI-3.19;60;20190121;150000;25980.0000000;25980.0000000;25979.0000000;25979.0000000;3
SPFB.MTSI-3.19;60;20190121;160000;26001.0000000;26047.0000000;26001.0000000;26047.0000000;16
SPFB.MTSI-3.19;60;20190121;170000;26048.0000000;26075.0000000;26048.0000000;26065.0000000;5
SPFB.MTSI-3.19;60;20190121;180000;26110.0000000;26187.0000000;26110.0000000;26141.0000000;33
SPFB.MTSI-3.19;60;20190121;190000;26133.0000000;26133.0000000;26120.0000000;26120.0000000;2
SPFB.MTSI-3.19;60;20190121;200000;26089.0000000;26129.0000000;26089.0000000;26129.0000000;4
SPFB.MTSI-3.19;60;20190121;210000;26089.0000000;26089.0000000;26089.0000000;26089.0000000;3
SPFB.MTSI-3.19;60;20190122;110000;26090.0000000;26090.0000000;25464.0000000;25953.0000000;318
SPFB.MTSI-3.19;60;20190122;120000;25912.0000000;26049.0000000;25887.0000000;26042.0000000;31
SPFB.MTSI-3.19;60;20190122;130000;26021.0000000;26029.0000000;25983.0000000;25999.0000000;15
SPFB.MTSI-3.19;60;20190122;140000;25982.0000000;26020.0000000;25981.0000000;26016.0000000;34
SPFB.MTSI-3.19;60;20190122;150000;25994.0000000;25994.0000000;25962.0000000;25977.0000000;19
SPFB.MTSI-3.19;60;20190122;160000;25991.0000000;26010.0000000;25928.0000000;25952.0000000;66
SPFB.MTSI-3.19;60;20190122;170000;25958.0000000;26046.0000000;25958.0000000;26031.0000000;12
SPFB.MTSI-3.19;60;20190122;180000;26003.0000000;26060.0000000;26003.0000000;26060.0000000;14
SPFB.MTSI-3.19;60;20190122;190000;26047.0000000;26086.0000000;25976.0000000;26086.0000000;27
SPFB.MTSI-3.19;60;20190122;200000;26128.0000000;26152.0000000;26087.0000000;26112.0000000;20
SPFB.MTSI-3.19;60;20190122;220000;26112.0000000;26112.0000000;26072.0000000;26072.0000000;4
SPFB.MTSI-3.19;60;20190122;230000;26054.0000000;26054.0000000;26054.0000000;26054.0000000;1
SPFB.MTSI-3.19;60;20190123;000000;26076.0000000;26076.0000000;25987.0000000;26013.0000000;25
SPFB.MTSI-3.19;60;20190123;110000;26068.0000000;26165.0000000;26068.0000000;26152.0000000;44
SPFB.MTSI-3.19;60;20190123;120000;26165.0000000;26281.0000000;26157.0000000;26252.0000000;42
SPFB.MTSI-3.19;60;20190123;130000;26253.0000000;26405.0000000;26253.0000000;26405.0000000;24
SPFB.MTSI-3.19;60;20190123;140000;26400.0000000;26546.0000000;26400.0000000;26491.0000000;107
SPFB.MTSI-3.19;60;20190123;150000;26481.0000000;26550.0000000;26470.0000000;26524.0000000;36
SPFB.MTSI-3.19;60;20190123;160000;26556.0000000;26586.0000000;26535.0000000;26535.0000000;4
SPFB.MTSI-3.19;60;20190123;170000;26551.0000000;26557.0000000;26479.0000000;26480.0000000;49
SPFB.MTSI-3.19;60;20190123;180000;26459.0000000;26620.0000000;26459.0000000;26620.0000000;26
SPFB.MTSI-3.19;60;20190123;190000;26620.0000000;26700.0000000;26587.0000000;26663.0000000;44
SPFB.MTSI-3.19;60;20190123;200000;26677.0000000;26739.0000000;26645.0000000;26665.0000000;35
SPFB.MTSI-3.19;60;20190123;210000;26647.0000000;26800.0000000;26647.0000000;26743.0000000;70
SPFB.MTSI-3.19;60;20190123;230000;26799.0000000;26801.0000000;26750.0000000;26750.0000000;18
SPFB.MTSI-3.19;60;20190124;000000;26750.0000000;26801.0000000;26740.0000000;26740.0000000;25
SPFB.MTSI-3.19;60;20190124;110000;26655.0000000;26755.0000000;26484.0000000;26746.0000000;111
SPFB.MTSI-3.19;60;20190124;120000;26756.0000000;26819.0000000;26707.0000000;26727.0000000;74
SPFB.MTSI-3.19;60;20190124;130000;26712.0000000;26712.0000000;26678.0000000;26700.0000000;38
SPFB.MTSI-3.19;60;20190124;140000;26661.0000000;26690.0000000;26661.0000000;26690.0000000;2
SPFB.MTSI-3.19;60;20190124;160000;26718.0000000;26850.0000000;26718.0000000;26782.0000000;82
SPFB.MTSI-3.19;60;20190124;170000;26775.0000000;26775.0000000;26650.0000000;26650.0000000;26
SPFB.MTSI-3.19;60;20190124;180000;26670.0000000;26684.0000000;26638.0000000;26645.0000000;43
SPFB.MTSI-3.19;60;20190124;190000;26650.0000000;26721.0000000;26650.0000000;26650.0000000;33
SPFB.MTSI-3.19;60;20190124;200000;26577.0000000;26624.0000000;26375.0000000;26420.0000000;97
SPFB.MTSI-3.19;60;20190124;210000;26450.0000000;26458.0000000;26371.0000000;26371.0000000;50
SPFB.MTSI-3.19;60;20190124;220000;26423.0000000;26423.0000000;26353.0000000;26353.0000000;8
SPFB.MTSI-3.19;60;20190124;230000;26472.0000000;26472.0000000;26472.0000000;26472.0000000;1
SPFB.MTSI-3.19;60;20190125;000000;26402.0000000;26473.0000000;26400.0000000;26473.0000000;9
SPFB.MTSI-3.19;60;20190125;110000;26631.0000000;26631.0000000;26410.0000000;26535.0000000;120
SPFB.MTSI-3.19;60;20190125;120000;26561.0000000;26565.0000000;26515.0000000;26565.0000000;17
SPFB.MTSI-3.19;60;20190125;130000;26490.0000000;26510.0000000;26490.0000000;26510.0000000;11
SPFB.MTSI-3.19;60;20190125;140000;26450.0000000;26450.0000000;26321.0000000;26321.0000000;32
SPFB.MTSI-3.19;60;20190125;150000;26330.0000000;26380.0000000;26313.0000000;26333.0000000;58
SPFB.MTSI-3.19;60;20190125;160000;26354.0000000;26354.0000000;26286.0000000;26286.0000000;33
SPFB.MTSI-3.19;60;20190125;170000;26272.0000000;26313.0000000;26271.0000000;26313.0000000;4
SPFB.MTSI-3.19;60;20190125;180000;26310.0000000;26485.0000000;26310.0000000;26470.0000000;55
SPFB.MTSI-3.19;60;20190125;190000;26383.0000000;26383.0000000;26309.0000000;26309.0000000;3
SPFB.MTSI-3.19;60;20190125;210000;26347.0000000;26347.0000000;26347.0000000;26347.0000000;2
SPFB.MTSI-3.19;60;20190125;230000;26347.0000000;26347.0000000;26347.0000000;26347.0000000;2
SPFB.MTSI-3.19;60;20190128;110000;26347.0000000;26454.0000000;26309.0000000;26406.0000000;79
SPFB.MTSI-3.19;60;20190128;120000;26310.0000000;26321.0000000;26095.0000000;26200.0000000;185
SPFB.MTSI-3.19;60;20190128;130000;26154.0000000;26154.0000000;25995.0000000;26043.0000000;31
SPFB.MTSI-3.19;60;20190128;140000;26050.0000000;26050.0000000;25996.0000000;25996.0000000;5
SPFB.MTSI-3.19;60;20190128;150000;26042.0000000;26042.0000000;26004.0000000;26004.0000000;8
SPFB.MTSI-3.19;60;20190128;160000;26007.0000000;26040.0000000;26007.0000000;26038.0000000;11
SPFB.MTSI-3.19;60;20190128;170000;26034.0000000;26040.0000000;26010.0000000;26040.0000000;23
SPFB.MTSI-3.19;60;20190128;180000;26040.0000000;26101.0000000;25840.0000000;25888.0000000;121
SPFB.MTSI-3.19;60;20190128;190000;25933.0000000;26096.0000000;25878.0000000;26020.0000000;33
SPFB.MTSI-3.19;60;20190128;200000;26020.0000000;26020.0000000;26020.0000000;26020.0000000;1
SPFB.MTSI-3.19;60;20190128;220000;26012.0000000;26012.0000000;26012.0000000;26012.0000000;1
SPFB.MTSI-3.19;60;20190129;000000;26096.0000000;26205.0000000;26096.0000000;26145.0000000;8
SPFB.MTSI-3.19;60;20190129;110000;26044.0000000;26125.0000000;25907.0000000;26029.0000000;134
SPFB.MTSI-3.19;60;20190129;120000;26028.0000000;26090.0000000;26028.0000000;26090.0000000;34
SPFB.MTSI-3.19;60;20190129;130000;26167.0000000;26234.0000000;26131.0000000;26234.0000000;12
SPFB.MTSI-3.19;60;20190129;140000;26218.0000000;26218.0000000;26191.0000000;26191.0000000;4
SPFB.MTSI-3.19;60;20190129;170000;26210.0000000;26253.0000000;26210.0000000;26249.0000000;5
SPFB.MTSI-3.19;60;20190129;180000;26249.0000000;26400.0000000;26249.0000000;26338.0000000;87
SPFB.MTSI-3.19;60;20190129;190000;26350.0000000;26350.0000000;26157.0000000;26157.0000000;14
SPFB.MTSI-3.19;60;20190129;200000;26000.0000000;26172.0000000;26000.0000000;26172.0000000;9
SPFB.MTSI-3.19;60;20190129;210000;26159.0000000;26177.0000000;26159.0000000;26177.0000000;4
SPFB.MTSI-3.19;60;20190129;220000;26130.0000000;26130.0000000;26123.0000000;26123.0000000;3
SPFB.MTSI-3.19;60;20190130;000000;26139.0000000;26140.0000000;26139.0000000;26140.0000000;5
SPFB.MTSI-3.19;60;20190130;110000;26206.0000000;26266.0000000;26092.0000000;26203.0000000;52
SPFB.MTSI-3.19;60;20190130;120000;26263.0000000;26282.0000000;26231.0000000;26231.0000000;36
SPFB.MTSI-3.19;60;20190130;130000;26200.0000000;26202.0000000;26155.0000000;26155.0000000;7
SPFB.MTSI-3.19;60;20190130;140000;26214.0000000;26214.0000000;26214.0000000;26214.0000000;1
SPFB.MTSI-3.19;60;20190130;150000;26266.0000000;26266.0000000;26235.0000000;26258.0000000;3
SPFB.MTSI-3.19;60;20190130;160000;26320.0000000;26372.0000000;26295.0000000;26295.0000000;14
SPFB.MTSI-3.19;60;20190130;170000;26337.0000000;26337.0000000;26337.0000000;26337.0000000;1
SPFB.MTSI-3.19;60;20190130;180000;26352.0000000;26436.0000000;26270.0000000;26270.0000000;39
SPFB.MTSI-3.19;60;20190130;190000;26305.0000000;26342.0000000;26240.0000000;26269.0000000;15
SPFB.MTSI-3.19;60;20190130;200000;26474.0000000;26893.0000000;26315.0000000;26655.0000000;185
SPFB.MTSI-3.19;60;20190130;210000;26653.0000000;26654.0000000;26513.0000000;26599.0000000;10
SPFB.MTSI-3.19;60;20190130;220000;26569.0000000;26588.0000000;26554.0000000;26588.0000000;7
SPFB.MTSI-3.19;60;20190130;230000;26588.0000000;26593.0000000;26588.0000000;26593.0000000;6
SPFB.MTSI-3.19;60;20190131;000000;26600.0000000;26615.0000000;26600.0000000;26615.0000000;13
SPFB.MTSI-3.19;60;20190131;110000;26530.0000000;26589.0000000;26419.0000000;26488.0000000;214
SPFB.MTSI-3.19;60;20190131;120000;26447.0000000;26521.0000000;26375.0000000;26381.0000000;43
SPFB.MTSI-3.19;60;20190131;130000;26361.0000000;26370.0000000;26244.0000000;26250.0000000;23
SPFB.MTSI-3.19;60;20190131;140000;26256.0000000;26302.0000000;26256.0000000;26302.0000000;7
SPFB.MTSI-3.19;60;20190131;150000;26331.0000000;26380.0000000;26331.0000000;26377.0000000;7
SPFB.MTSI-3.19;60;20190131;160000;26360.0000000;26360.0000000;26340.0000000;26343.0000000;5
SPFB.MTSI-3.19;60;20190131;170000;26341.0000000;26360.0000000;26341.0000000;26354.0000000;5
SPFB.MTSI-3.19;60;20190131;180000;26358.0000000;26549.0000000;26350.0000000;26460.0000000;83
SPFB.MTSI-3.19;60;20190131;190000;26459.0000000;26515.0000000;26350.0000000;26350.0000000;51
SPFB.MTSI-3.19;60;20190131;200000;26374.0000000;26416.0000000;26306.0000000;26416.0000000;15
SPFB.MTSI-3.19;60;20190131;210000;26417.0000000;26417.0000000;26417.0000000;26417.0000000;2
SPFB.MTSI-3.19;60;20190131;220000;26496.0000000;26496.0000000;26481.0000000;26481.0000000;3
SPFB.MTSI-3.19;60;20190201;000000;26516.0000000;26530.0000000;26420.0000000;26466.0000000;72
SPFB.MTSI-3.19;60;20190201;110000;26377.0000000;26615.0000000;26377.0000000;26594.0000000;58
SPFB.MTSI-3.19;60;20190201;120000;26624.0000000;26641.0000000;26574.0000000;26574.0000000;62
SPFB.MTSI-3.19;60;20190201;130000;26572.0000000;26592.0000000;26572.0000000;26592.0000000;49
SPFB.MTSI-3.19;60;20190201;140000;26620.0000000;26625.0000000;26568.0000000;26571.0000000;45
SPFB.MTSI-3.19;60;20190201;150000;26567.0000000;26567.0000000;26565.0000000;26565.0000000;4
SPFB.MTSI-3.19;60;20190201;160000;26598.0000000;26603.0000000;26559.0000000;26559.0000000;5
SPFB.MTSI-3.19;60;20190201;170000;26564.0000000;26607.0000000;26561.0000000;26569.0000000;20
SPFB.MTSI-3.19;60;20190201;180000;26591.0000000;26734.0000000;26591.0000000;26630.0000000;46
SPFB.MTSI-3.19;60;20190201;190000;26604.0000000;26609.0000000;26411.0000000;26440.0000000;76
SPFB.MTSI-3.19;60;20190201;200000;26512.0000000;26625.0000000;26512.0000000;26613.0000000;17
SPFB.MTSI-3.19;60;20190201;220000;26474.0000000;26574.0000000;26452.0000000;26574.0000000;23
SPFB.MTSI-3.19;60;20190202;000000;26518.0000000;26518.0000000;26518.0000000;26518.0000000;1
SPFB.MTSI-3.19;60;20190204;110000;26609.0000000;26610.0000000;26452.0000000;26452.0000000;84
SPFB.MTSI-3.19;60;20190204;120000;26562.0000000;26569.0000000;26486.0000000;26505.0000000;8
SPFB.MTSI-3.19;60;20190204;130000;26514.0000000;26556.0000000;26514.0000000;26556.0000000;4
SPFB.MTSI-3.19;60;20190204;140000;26610.0000000;26639.0000000;26595.0000000;26595.0000000;12
SPFB.MTSI-3.19;60;20190204;150000;26612.0000000;26650.0000000;26612.0000000;26650.0000000;6
SPFB.MTSI-3.19;60;20190204;160000;26647.0000000;26647.0000000;26630.0000000;26646.0000000;4
SPFB.MTSI-3.19;60;20190204;170000;26639.0000000;26639.0000000;26625.0000000;26625.0000000;3
SPFB.MTSI-3.19;60;20190204;180000;26580.0000000;26627.0000000;26546.0000000;26546.0000000;49
SPFB.MTSI-3.19;60;20190204;190000;26506.0000000;26612.0000000;26501.0000000;26551.0000000;16
SPFB.MTSI-3.19;60;20190204;200000;26532.0000000;26620.0000000;26510.0000000;26620.0000000;20
SPFB.MTSI-3.19;60;20190204;210000;26489.0000000;26548.0000000;26325.0000000;26547.0000000;31
SPFB.MTSI-3.19;60;20190204;230000;26527.0000000;26527.0000000;26368.0000000;26401.0000000;25
SPFB.MTSI-3.19;60;20190205;000000;26373.0000000;26373.0000000;26373.0000000;26373.0000000;1
SPFB.MTSI-3.19;60;20190205;110000;26428.0000000;26542.0000000;26428.0000000;26532.0000000;28
SPFB.MTSI-3.19;60;20190205;120000;26530.0000000;26665.0000000;26520.0000000;26665.0000000;45
SPFB.MTSI-3.19;60;20190205;130000;26680.0000000;26930.0000000;26680.0000000;26830.0000000;213
SPFB.MTSI-3.19;60;20190205;140000;26808.0000000;26808.0000000;26800.0000000;26800.0000000;8
SPFB.MTSI-3.19;60;20190205;150000;26789.0000000;26800.0000000;26765.0000000;26800.0000000;12
SPFB.MTSI-3.19;60;20190205;160000;26799.0000000;26830.0000000;26799.0000000;26830.0000000;4
SPFB.MTSI-3.19;60;20190205;170000;26806.0000000;26806.0000000;26790.0000000;26790.0000000;14
SPFB.MTSI-3.19;60;20190205;180000;26780.0000000;26799.0000000;26615.0000000;26620.0000000;208
SPFB.MTSI-3.19;60;20190205;190000;26676.0000000;26689.0000000;26555.0000000;26637.0000000;82
SPFB.MTSI-3.19;60;20190206;110000;26687.0000000;26767.0000000;26445.0000000;26560.0000000;100
SPFB.MTSI-3.19;60;20190206;120000;26545.0000000;26545.0000000;26545.0000000;26545.0000000;2
SPFB.MTSI-3.19;60;20190206;130000;26516.0000000;26520.0000000;26481.0000000;26481.0000000;17
SPFB.MTSI-3.19;60;20190206;140000;26521.0000000;26528.0000000;26505.0000000;26526.0000000;38
SPFB.MTSI-3.19;60;20190206;150000;26501.0000000;26520.0000000;26496.0000000;26520.0000000;13
SPFB.MTSI-3.19;60;20190206;160000;26540.0000000;26544.0000000;26526.0000000;26526.0000000;13
SPFB.MTSI-3.19;60;20190206;170000;26570.0000000;26570.0000000;26570.0000000;26570.0000000;2
SPFB.MTSI-3.19;60;20190206;180000;26582.0000000;26605.0000000;26439.0000000;26505.0000000;47
SPFB.MTSI-3.19;60;20190206;200000;26465.0000000;26500.0000000;26465.0000000;26484.0000000;8
SPFB.MTSI-3.19;60;20190206;210000;26473.0000000;26551.0000000;26473.0000000;26551.0000000;13
SPFB.MTSI-3.19;60;20190206;220000;26554.0000000;26568.0000000;26514.0000000;26514.0000000;5
SPFB.MTSI-3.19;60;20190206;230000;26489.0000000;26688.0000000;26474.0000000;26477.0000000;36
SPFB.MTSI-3.19;60;20190207;110000;26492.0000000;26492.0000000;26337.0000000;26392.0000000;86
SPFB.MTSI-3.19;60;20190207;120000;26398.0000000;26423.0000000;26388.0000000;26388.0000000;21
SPFB.MTSI-3.19;60;20190207;130000;26418.0000000;26482.0000000;26418.0000000;26460.0000000;6
SPFB.MTSI-3.19;60;20190207;140000;26490.0000000;26490.0000000;26410.0000000;26474.0000000;67
SPFB.MTSI-3.19;60;20190207;150000;26481.0000000;26526.0000000;26457.0000000;26457.0000000;75
SPFB.MTSI-3.19;60;20190207;160000;26465.0000000;26474.0000000;26461.0000000;26468.0000000;18
SPFB.MTSI-3.19;60;20190207;170000;26415.0000000;26434.0000000;26310.0000000;26310.0000000;74
SPFB.MTSI-3.19;60;20190207;180000;26333.0000000;26333.0000000;26205.0000000;26249.0000000;180
SPFB.MTSI-3.19;60;20190207;190000;26230.0000000;26384.0000000;26230.0000000;26302.0000000;35
SPFB.MTSI-3.19;60;20190207;200000;26234.0000000;26234.0000000;26101.0000000;26160.0000000;27
SPFB.MTSI-3.19;60;20190207;210000;26161.0000000;26165.0000000;26161.0000000;26165.0000000;3
SPFB.MTSI-3.19;60;20190207;230000;26178.0000000;26179.0000000;26178.0000000;26179.0000000;13
SPFB.MTSI-3.19;60;20190208;000000;26150.0000000;26310.0000000;26150.0000000;26310.0000000;18
SPFB.MTSI-3.19;60;20190208;110000;26348.0000000;26348.0000000;26110.0000000;26298.0000000;74
SPFB.MTSI-3.19;60;20190208;120000;26218.0000000;26340.0000000;26204.0000000;26340.0000000;63
SPFB.MTSI-3.19;60;20190208;130000;26345.0000000;26431.0000000;26318.0000000;26392.0000000;65
SPFB.MTSI-3.19;60;20190208;140000;26441.0000000;26470.0000000;26390.0000000;26401.0000000;44
SPFB.MTSI-3.19;60;20190208;150000;26373.0000000;26471.0000000;26373.0000000;26471.0000000;62
SPFB.MTSI-3.19;60;20190208;160000;26470.0000000;26470.0000000;25949.0000000;25969.0000000;583
SPFB.MTSI-3.19;60;20190208;170000;25976.0000000;25980.0000000;25000.0000000;25604.0000000;1286
SPFB.MTSI-3.19;60;20190208;180000;25550.0000000;25550.0000000;25300.0000000;25329.0000000;268
SPFB.MTSI-3.19;60;20190208;190000;25321.0000000;25584.0000000;25300.0000000;25578.0000000;350
SPFB.MTSI-3.19;60;20190208;200000;25315.0000000;26079.0000000;25063.0000000;25320.0000000;361
SPFB.MTSI-3.19;60;20190208;210000;25301.0000000;25321.0000000;24831.0000000;25044.0000000;266
SPFB.MTSI-3.19;60;20190208;220000;25064.0000000;25088.0000000;25064.0000000;25067.0000000;10
SPFB.MTSI-3.19;60;20190208;230000;25094.0000000;25107.0000000;25094.0000000;25104.0000000;21
SPFB.MTSI-3.19;60;20190209;000000;25068.0000000;25140.0000000;25000.0000000;25140.0000000;155
SPFB.MTSI-3.19;60;20190211;110000;25150.0000000;25369.0000000;24812.0000000;25289.0000000;393
SPFB.MTSI-3.19;60;20190211;120000;25283.0000000;25288.0000000;24934.0000000;25076.0000000;264
SPFB.MTSI-3.19;60;20190211;130000;25069.0000000;25203.0000000;25067.0000000;25200.0000000;34
SPFB.MTSI-3.19;60;20190211;140000;25187.0000000;25190.0000000;25098.0000000;25100.0000000;83
SPFB.MTSI-3.19;60;20190211;150000;25168.0000000;25197.0000000;25130.0000000;25130.0000000;11
SPFB.MTSI-3.19;60;20190211;160000;25142.0000000;25250.0000000;25132.0000000;25247.0000000;47
SPFB.MTSI-3.19;60;20190211;170000;25250.0000000;25368.0000000;25250.0000000;25368.0000000;92
SPFB.MTSI-3.19;60;20190211;180000;25350.0000000;25384.0000000;25247.0000000;25336.0000000;78
SPFB.MTSI-3.19;60;20190211;190000;25271.0000000;25297.0000000;25216.0000000;25216.0000000;20
SPFB.MTSI-3.19;60;20190211;200000;25090.0000000;25203.0000000;25090.0000000;25203.0000000;2
SPFB.MTSI-3.19;60;20190211;210000;25223.0000000;25223.0000000;25222.0000000;25222.0000000;2
SPFB.MTSI-3.19;60;20190211;220000;25295.0000000;25296.0000000;25295.0000000;25296.0000000;5
SPFB.MTSI-3.19;60;20190212;000000;25315.0000000;25335.0000000;25215.0000000;25215.0000000;15
SPFB.MTSI-3.19;60;20190212;110000;25318.0000000;25628.0000000;25318.0000000;25628.0000000;113
SPFB.MTSI-3.19;60;20190212;120000;25533.0000000;25684.0000000;25533.0000000;25679.0000000;61
SPFB.MTSI-3.19;60;20190212;130000;25679.0000000;25698.0000000;25635.0000000;25644.0000000;48
SPFB.MTSI-3.19;60;20190212;140000;25646.0000000;25712.0000000;25645.0000000;25710.0000000;36
SPFB.MTSI-3.19;60;20190212;150000;25714.0000000;25870.0000000;25703.0000000;25720.0000000;109
SPFB.MTSI-3.19;60;20190212;160000;25715.0000000;25733.0000000;25669.0000000;25709.0000000;95
SPFB.MTSI-3.19;60;20190212;170000;25715.0000000;25719.0000000;25684.0000000;25710.0000000;28
SPFB.MTSI-3.19;60;20190212;180000;25664.0000000;25810.0000000;25526.0000000;25698.0000000;92
SPFB.MTSI-3.19;60;20190212;190000;25690.0000000;25690.0000000;25522.0000000;25522.0000000;29
SPFB.MTSI-3.19;60;20190212;200000;25482.0000000;25520.0000000;25458.0000000;25520.0000000;16
SPFB.MTSI-3.19;60;20190212;210000;25535.0000000;25642.0000000;25446.0000000;25543.0000000;98
SPFB.MTSI-3.19;60;20190212;220000;25603.0000000;25647.0000000;25512.0000000;25647.0000000;23
SPFB.MTSI-3.19;60;20190213;110000;25640.0000000;25725.0000000;25446.0000000;25551.0000000;142
SPFB.MTSI-3.19;60;20190213;120000;25531.0000000;25531.0000000;25395.0000000;25400.0000000;60
SPFB.MTSI-3.19;60;20190213;130000;25427.0000000;25450.0000000;25392.0000000;25450.0000000;33
SPFB.MTSI-3.19;60;20190213;140000;25422.0000000;25484.0000000;25301.0000000;25376.0000000;94
SPFB.MTSI-3.19;60;20190213;150000;25329.0000000;25416.0000000;25319.0000000;25329.0000000;19
SPFB.MTSI-3.19;60;20190213;160000;25302.0000000;25332.0000000;25291.0000000;25332.0000000;30
SPFB.MTSI-3.19;60;20190213;170000;25332.0000000;25332.0000000;25211.0000000;25290.0000000;56
SPFB.MTSI-3.19;60;20190213;180000;25275.0000000;25579.0000000;25275.0000000;25564.0000000;54
SPFB.MTSI-3.19;60;20190213;190000;25537.0000000;25650.0000000;25469.0000000;25561.0000000;89
SPFB.MTSI-3.19;60;20190213;220000;25425.0000000;25524.0000000;25400.0000000;25524.0000000;8
SPFB.MTSI-3.19;60;20190213;230000;25523.0000000;25524.0000000;25400.0000000;25400.0000000;15
SPFB.MTSI-3.19;60;20190214;000000;25414.0000000;25455.0000000;25414.0000000;25455.0000000;3
SPFB.MTSI-3.19;60;20190214;110000;25377.0000000;25553.0000000;25306.0000000;25511.0000000;148
SPFB.MTSI-3.19;60;20190214;120000;25500.0000000;25700.0000000;25470.0000000;25615.0000000;174
SPFB.MTSI-3.19;60;20190214;130000;25606.0000000;25606.0000000;25597.0000000;25597.0000000;4
SPFB.MTSI-3.19;60;20190214;140000;25597.0000000;25637.0000000;25579.0000000;25616.0000000;17
SPFB.MTSI-3.19;60;20190214;150000;25667.0000000;25667.0000000;25655.0000000;25656.0000000;4
SPFB.MTSI-3.19;60;20190214;160000;25625.0000000;25656.0000000;25597.0000000;25597.0000000;29
SPFB.MTSI-3.19;60;20190214;170000;25659.0000000;25764.0000000;25659.0000000;25693.0000000;43
SPFB.MTSI-3.19;60;20190214;180000;25709.0000000;25833.0000000;25647.0000000;25647.0000000;69
SPFB.MTSI-3.19;60;20190214;190000;25659.0000000;25811.0000000;25626.0000000;25811.0000000;41
SPFB.MTSI-3.19;60;20190214;200000;25761.0000000;25761.0000000;25760.0000000;25760.0000000;8
SPFB.MTSI-3.19;60;20190214;210000;25782.0000000;25782.0000000;25760.0000000;25781.0000000;7
SPFB.MTSI-3.19;60;20190215;000000;25780.0000000;25780.0000000;25780.0000000;25780.0000000;1
SPFB.MTSI-3.19;60;20190215;110000;25780.0000000;25790.0000000;25661.0000000;25668.0000000;84
SPFB.MTSI-3.19;60;20190215;120000;25668.0000000;25808.0000000;25668.0000000;25808.0000000;28
SPFB.MTSI-3.19;60;20190215;130000;25850.0000000;25854.0000000;25831.0000000;25831.0000000;12
SPFB.MTSI-3.19;60;20190215;140000;25831.0000000;25841.0000000;25831.0000000;25841.0000000;13
SPFB.MTSI-3.19;60;20190215;150000;25831.0000000;25831.0000000;25831.0000000;25831.0000000;4
SPFB.MTSI-3.19;60;20190215;160000;25840.0000000;26300.0000000;25829.0000000;26256.0000000;269
SPFB.MTSI-3.19;60;20190215;170000;26227.0000000;26376.0000000;26163.0000000;26345.0000000;115
SPFB.MTSI-3.19;60;20190215;180000;26233.0000000;26233.0000000;25981.0000000;25981.0000000;141
SPFB.MTSI-3.19;60;20190215;190000;26094.0000000;26105.0000000;26051.0000000;26100.0000000;19
SPFB.MTSI-3.19;60;20190215;200000;26090.0000000;26132.0000000;26090.0000000;26132.0000000;6
SPFB.MTSI-3.19;60;20190218;110000;26120.0000000;26170.0000000;25949.0000000;25957.0000000;110
SPFB.MTSI-3.19;60;20190218;120000;25947.0000000;25959.0000000;25880.0000000;25905.0000000;61
SPFB.MTSI-3.19;60;20190218;130000;25842.0000000;25846.0000000;25470.0000000;25583.0000000;145
SPFB.MTSI-3.19;60;20190218;140000;25550.0000000;25550.0000000;25507.0000000;25520.0000000;10
SPFB.MTSI-3.19;60;20190218;150000;25530.0000000;25543.0000000;25477.0000000;25477.0000000;29
SPFB.MTSI-3.19;60;20190218;160000;25607.0000000;25626.0000000;25559.0000000;25559.0000000;11
SPFB.MTSI-3.19;60;20190218;170000;25555.0000000;25555.0000000;25555.0000000;25555.0000000;1
SPFB.MTSI-3.19;60;20190218;180000;25541.0000000;25846.0000000;25495.0000000;25650.0000000;130
SPFB.MTSI-3.19;60;20190218;190000;25650.0000000;25650.0000000;25626.0000000;25626.0000000;19
SPFB.MTSI-3.19;60;20190218;200000;25517.0000000;25551.0000000;25516.0000000;25516.0000000;3
SPFB.MTSI-3.19;60;20190218;210000;25499.0000000;25504.0000000;25499.0000000;25504.0000000;3
SPFB.MTSI-3.19;60;20190218;220000;25549.0000000;25549.0000000;25549.0000000;25549.0000000;5
SPFB.MTSI-3.19;60;20190218;230000;25568.0000000;25568.0000000;25568.0000000;25568.0000000;1
SPFB.MTSI-3.19;60;20190219;000000;25549.0000000;25550.0000000;25549.0000000;25550.0000000;2
SPFB.MTSI-3.19;60;20190219;110000;25490.0000000;25584.0000000;25486.0000000;25547.0000000;80
SPFB.MTSI-3.19;60;20190219;120000;25573.0000000;25629.0000000;25528.0000000;25602.0000000;16
SPFB.MTSI-3.19;60;20190219;130000;25484.0000000;25521.0000000;25475.0000000;25521.0000000;15
SPFB.MTSI-3.19;60;20190219;140000;25516.0000000;25516.0000000;25483.0000000;25483.0000000;11
SPFB.MTSI-3.19;60;20190219;150000;25483.0000000;25507.0000000;25465.0000000;25465.0000000;9
SPFB.MTSI-3.19;60;20190219;160000;25490.0000000;25581.0000000;25485.0000000;25577.0000000;88
SPFB.MTSI-3.19;60;20190219;170000;25518.0000000;25547.0000000;25483.0000000;25547.0000000;60
SPFB.MTSI-3.19;60;20190219;180000;25556.0000000;25606.0000000;25230.0000000;25230.0000000;130
SPFB.MTSI-3.19;60;20190219;190000;25226.0000000;25278.0000000;25160.0000000;25264.0000000;102
SPFB.MTSI-3.19;60;20190219;200000;25157.0000000;25157.0000000;25106.0000000;25106.0000000;20
SPFB.MTSI-3.19;60;20190219;210000;25263.0000000;25283.0000000;25263.0000000;25283.0000000;9
SPFB.MTSI-3.19;60;20190220;000000;25269.0000000;25300.0000000;25239.0000000;25300.0000000;16
SPFB.MTSI-3.19;60;20190220;110000;25236.0000000;25366.0000000;25236.0000000;25248.0000000;124
SPFB.MTSI-3.19;60;20190220;120000;25377.0000000;25445.0000000;25335.0000000;25445.0000000;43
SPFB.MTSI-3.19;60;20190220;130000;25472.0000000;25546.0000000;25376.0000000;25376.0000000;91
SPFB.MTSI-3.19;60;20190220;140000;25457.0000000;25457.0000000;25394.0000000;25394.0000000;9
SPFB.MTSI-3.19;60;20190220;150000;25460.0000000;25500.0000000;25452.0000000;25452.0000000;11
SPFB.MTSI-3.19;60;20190220;160000;25468.0000000;25525.0000000;25447.0000000;25497.0000000;71
SPFB.MTSI-3.19;60;20190220;170000;25545.0000000;25545.0000000;25519.0000000;25527.0000000;9
SPFB.MTSI-3.19;60;20190220;180000;25536.0000000;25600.0000000;25175.0000000;25203.0000000;90
SPFB.MTSI-3.19;60;20190220;190000;25172.0000000;25302.0000000;25156.0000000;25302.0000000;62
SPFB.MTSI-3.19;60;20190220;200000;25310.0000000;25310.0000000;25260.0000000;25260.0000000;14
SPFB.MTSI-3.19;60;20190220;230000;25256.0000000;25260.0000000;25255.0000000;25260.0000000;18
SPFB.MTSI-3.19;60;20190221;000000;25255.0000000;25296.0000000;25255.0000000;25255.0000000;14
SPFB.MTSI-3.19;60;20190221;110000;25298.0000000;25405.0000000;25245.0000000;25307.0000000;85
SPFB.MTSI-3.19;60;20190221;120000;25331.0000000;25350.0000000;25239.0000000;25239.0000000;23
SPFB.MTSI-3.19;60;20190221;130000;25188.0000000;25189.0000000;25140.0000000;25140.0000000;42
SPFB.MTSI-3.19;60;20190221;140000;25145.0000000;25152.0000000;25050.0000000;25151.0000000;34
SPFB.MTSI-3.19;60;20190221;150000;25199.0000000;25199.0000000;25127.0000000;25175.0000000;35
SPFB.MTSI-3.19;60;20190221;160000;25168.0000000;25174.0000000;25059.0000000;25088.0000000;18
SPFB.MTSI-3.19;60;20190221;170000;25060.0000000;25100.0000000;25060.0000000;25100.0000000;16
SPFB.MTSI-3.19;60;20190221;180000;25122.0000000;25323.0000000;24702.0000000;24854.0000000;354
SPFB.MTSI-3.19;60;20190221;190000;24932.0000000;24989.0000000;24921.0000000;24925.0000000;219
SPFB.MTSI-3.19;60;20190221;200000;24987.0000000;24987.0000000;24842.0000000;24950.0000000;3
SPFB.MTSI-3.19;60;20190221;210000;24939.0000000;24976.0000000;24939.0000000;24976.0000000;3
SPFB.MTSI-3.19;60;20190221;230000;24988.0000000;24990.0000000;24988.0000000;24988.0000000;37
SPFB.MTSI-3.19;60;20190222;110000;24990.0000000;25014.0000000;24840.0000000;24881.0000000;122
SPFB.MTSI-3.19;60;20190222;120000;24937.0000000;25047.0000000;24920.0000000;25047.0000000;82
SPFB.MTSI-3.19;60;20190222;130000;25046.0000000;25177.0000000;25044.0000000;25103.0000000;187
SPFB.MTSI-3.19;60;20190222;140000;25115.0000000;25115.0000000;25076.0000000;25077.0000000;12
SPFB.MTSI-3.19;60;20190222;150000;25130.0000000;25190.0000000;25094.0000000;25187.0000000;42
SPFB.MTSI-3.19;60;20190222;160000;25148.0000000;25199.0000000;25128.0000000;25128.0000000;45
SPFB.MTSI-3.19;60;20190222;170000;25128.0000000;25140.0000000;25092.0000000;25092.0000000;21
SPFB.MTSI-3.19;60;20190222;180000;25092.0000000;25169.0000000;25000.0000000;25113.0000000;82
SPFB.MTSI-3.19;60;20190222;190000;25098.0000000;25098.0000000;25081.0000000;25081.0000000;3
SPFB.MTSI-3.19;60;20190222;220000;25136.0000000;25136.0000000;25136.0000000;25136.0000000;2
SPFB.MTSI-3.19;60;20190222;230000;25215.0000000;25300.0000000;25180.0000000;25180.0000000;141
SPFB.MTSI-3.19;60;20190223;000000;25202.0000000;25218.0000000;25171.0000000;25171.0000000;4
SPFB.MTSI-3.19;60;20190225;110000;25212.0000000;25250.0000000;25136.0000000;25200.0000000;61
SPFB.MTSI-3.19;60;20190225;120000;25238.0000000;25238.0000000;25156.0000000;25156.0000000;66
SPFB.MTSI-3.19;60;20190225;130000;25160.0000000;25188.0000000;25125.0000000;25158.0000000;124
SPFB.MTSI-3.19;60;20190225;140000;25148.0000000;25159.0000000;25125.0000000;25131.0000000;56
SPFB.MTSI-3.19;60;20190225;150000;25158.0000000;25177.0000000;25158.0000000;25177.0000000;20
SPFB.MTSI-3.19;60;20190225;160000;25151.0000000;25151.0000000;25048.0000000;25090.0000000;43
SPFB.MTSI-3.19;60;20190225;170000;25089.0000000;25135.0000000;25064.0000000;25119.0000000;17
SPFB.MTSI-3.19;60;20190225;180000;25150.0000000;25210.0000000;25119.0000000;25119.0000000;34
SPFB.MTSI-3.19;60;20190225;190000;25166.0000000;25178.0000000;25135.0000000;25178.0000000;16
SPFB.MTSI-3.19;60;20190225;200000;25178.0000000;25229.0000000;24978.0000000;24978.0000000;26
SPFB.MTSI-3.19;60;20190225;210000;25100.0000000;25244.0000000;25100.0000000;25244.0000000;2
SPFB.MTSI-3.19;60;20190225;220000;25192.0000000;25230.0000000;25192.0000000;25230.0000000;2
SPFB.MTSI-3.19;60;20190225;230000;25079.0000000;25221.0000000;25079.0000000;25221.0000000;2
SPFB.MTSI-3.19;60;20190226;000000;25222.0000000;25222.0000000;25222.0000000;25222.0000000;1
SPFB.MTSI-3.19;60;20190226;110000;25120.0000000;25151.0000000;24949.0000000;25080.0000000;108
SPFB.MTSI-3.19;60;20190226;120000;25162.0000000;25174.0000000;25111.0000000;25168.0000000;39
SPFB.MTSI-3.19;60;20190226;130000;25169.0000000;25169.0000000;25112.0000000;25112.0000000;11
SPFB.MTSI-3.19;60;20190226;140000;25146.0000000;25168.0000000;25146.0000000;25168.0000000;25
SPFB.MTSI-3.19;60;20190226;150000;25173.0000000;25250.0000000;25173.0000000;25250.0000000;42
SPFB.MTSI-3.19;60;20190226;160000;25277.0000000;25280.0000000;25234.0000000;25259.0000000;45
SPFB.MTSI-3.19;60;20190226;170000;25239.0000000;25552.0000000;25239.0000000;25395.0000000;141
SPFB.MTSI-3.19;60;20190226;180000;25396.0000000;25396.0000000;25065.0000000;25192.0000000;385
SPFB.MTSI-3.19;60;20190226;190000;25220.0000000;25287.0000000;25214.0000000;25270.0000000;180
SPFB.MTSI-3.19;60;20190226;200000;25051.0000000;25343.0000000;25051.0000000;25318.0000000;9
SPFB.MTSI-3.19;60;20190226;210000;25310.0000000;25310.0000000;25310.0000000;25310.0000000;2
SPFB.MTSI-3.19;60;20190226;220000;25283.0000000;25283.0000000;25265.0000000;25265.0000000;5
SPFB.MTSI-3.19;60;20190227;000000;25302.0000000;25307.0000000;25298.0000000;25307.0000000;5
SPFB.MTSI-3.19;60;20190227;110000;25330.0000000;25330.0000000;25212.0000000;25212.0000000;16
SPFB.MTSI-3.19;60;20190227;120000;25264.0000000;25361.0000000;25264.0000000;25323.0000000;35
SPFB.MTSI-3.19;60;20190227;130000;25324.0000000;25324.0000000;25311.0000000;25311.0000000;11
SPFB.MTSI-3.19;60;20190227;140000;25280.0000000;25313.0000000;25254.0000000;25290.0000000;13
SPFB.MTSI-3.19;60;20190227;150000;25280.0000000;25280.0000000;25280.0000000;25280.0000000;2
SPFB.MTSI-3.19;60;20190227;160000;25298.0000000;25309.0000000;25257.0000000;25308.0000000;8
SPFB.MTSI-3.19;60;20190227;170000;25327.0000000;25331.0000000;25327.0000000;25331.0000000;5
SPFB.MTSI-3.19;60;20190227;180000;25299.0000000;25299.0000000;25253.0000000;25254.0000000;16
SPFB.MTSI-3.19;60;20190227;190000;25228.0000000;25270.0000000;25133.0000000;25270.0000000;609
SPFB.MTSI-3.19;60;20190228;000000;25349.0000000;25349.0000000;25349.0000000;25349.0000000;1
SPFB.MTSI-3.19;60;20190228;110000;25160.0000000;25208.0000000;25148.0000000;25170.0000000;16
SPFB.MTSI-3.19;60;20190228;120000;25161.0000000;25396.0000000;25135.0000000;25316.0000000;173
SPFB.MTSI-3.19;60;20190228;130000;25333.0000000;25345.0000000;25225.0000000;25281.0000000;68
SPFB.MTSI-3.19;60;20190228;140000;25225.0000000;25284.0000000;25203.0000000;25284.0000000;31
SPFB.MTSI-3.19;60;20190228;150000;25283.0000000;25347.0000000;25283.0000000;25335.0000000;75
SPFB.MTSI-3.19;60;20190228;160000;25361.0000000;25365.0000000;25341.0000000;25343.0000000;16
SPFB.MTSI-3.19;60;20190228;170000;25345.0000000;25378.0000000;25345.0000000;25378.0000000;8
SPFB.MTSI-3.19;60;20190228;180000;25368.0000000;25399.0000000;25298.0000000;25318.0000000;233
SPFB.MTSI-3.19;60;20190228;190000;25298.0000000;25299.0000000;25298.0000000;25299.0000000;2
SPFB.MTSI-3.19;60;20190228;210000;25483.0000000;25483.0000000;25444.0000000;25444.0000000;4
SPFB.MTSI-3.19;60;20190301;110000;25425.0000000;25556.0000000;25400.0000000;25556.0000000;95
SPFB.MTSI-3.19;60;20190301;120000;25536.0000000;25588.0000000;25521.0000000;25578.0000000;51
SPFB.MTSI-3.19;60;20190301;130000;25534.0000000;25534.0000000;25419.0000000;25447.0000000;40
SPFB.MTSI-3.19;60;20190301;140000;25407.0000000;25501.0000000;25407.0000000;25500.0000000;43
SPFB.MTSI-3.19;60;20190301;150000;25484.0000000;25484.0000000;25470.0000000;25470.0000000;17
SPFB.MTSI-3.19;60;20190301;160000;25491.0000000;25501.0000000;25478.0000000;25497.0000000;36
SPFB.MTSI-3.19;60;20190301;170000;25462.0000000;25510.0000000;25432.0000000;25500.0000000;124
SPFB.MTSI-3.19;60;20190301;180000;25535.0000000;25595.0000000;25429.0000000;25444.0000000;1934
SPFB.MTSI-3.19;60;20190301;190000;25410.0000000;25437.0000000;25312.0000000;25381.0000000;609
SPFB.MTSI-3.19;60;20190301;220000;25402.0000000;25402.0000000;25402.0000000;25402.0000000;1
SPFB.MTSI-3.19;60;20190301;230000;25493.0000000;25493.0000000;25400.0000000;25400.0000000;5
SPFB.MTSI-3.19;60;20190302;000000;25400.0000000;25400.0000000;25400.0000000;25400.0000000;5
SPFB.MTSI-3.19;60;20190304;110000;25383.0000000;25396.0000000;25370.0000000;25370.0000000;8
SPFB.MTSI-3.19;60;20190304;120000;25370.0000000;25520.0000000;25370.0000000;25520.0000000;74
SPFB.MTSI-3.19;60;20190304;130000;25520.0000000;25529.0000000;25480.0000000;25529.0000000;28
SPFB.MTSI-3.19;60;20190304;140000;25529.0000000;25587.0000000;25515.0000000;25519.0000000;15
SPFB.MTSI-3.19;60;20190304;150000;25520.0000000;25526.0000000;25517.0000000;25517.0000000;10
SPFB.MTSI-3.19;60;20190304;170000;25522.0000000;25530.0000000;25500.0000000;25503.0000000;24
SPFB.MTSI-3.19;60;20190304;180000;25476.0000000;25633.0000000;25449.0000000;25633.0000000;106
SPFB.MTSI-3.19;60;20190304;190000;25595.0000000;25646.0000000;25536.0000000;25600.0000000;35
SPFB.MTSI-3.19;60;20190304;200000;25680.0000000;25680.0000000;25680.0000000;25680.0000000;1
SPFB.MTSI-3.19;60;20190304;210000;25575.0000000;25575.0000000;25575.0000000;25575.0000000;1
SPFB.MTSI-3.19;60;20190304;230000;25575.0000000;25575.0000000;25575.0000000;25575.0000000;1
SPFB.MTSI-3.19;60;20190305;110000;25497.0000000;25652.0000000;25442.0000000;25639.0000000;61
SPFB.MTSI-3.19;60;20190305;120000;25620.0000000;25663.0000000;25606.0000000;25663.0000000;22
SPFB.MTSI-3.19;60;20190305;130000;25616.0000000;25616.0000000;25616.0000000;25616.0000000;1
SPFB.MTSI-3.19;60;20190305;140000;25622.0000000;25622.0000000;25622.0000000;25622.0000000;1
SPFB.MTSI-3.19;60;20190305;170000;25557.0000000;25628.0000000;25542.0000000;25628.0000000;37
SPFB.MTSI-3.19;60;20190305;180000;25668.0000000;25668.0000000;25578.0000000;25578.0000000;7
SPFB.MTSI-3.19;60;20190305;190000;25587.0000000;25722.0000000;25583.0000000;25700.0000000;34
SPFB.MTSI-3.19;60;20190305;200000;25700.0000000;25912.0000000;25700.0000000;25912.0000000;24
SPFB.MTSI-3.19;60;20190305;210000;25738.0000000;25826.0000000;25722.0000000;25826.0000000;17
SPFB.MTSI-3.19;60;20190305;220000;25829.0000000;25910.0000000;25829.0000000;25910.0000000;6
SPFB.MTSI-3.19;60;20190306;110000;25710.0000000;25778.0000000;25707.0000000;25763.0000000;63
SPFB.MTSI-3.19;60;20190306;120000;25800.0000000;25830.0000000;25763.0000000;25830.0000000;7
SPFB.MTSI-3.19;60;20190306;130000;25830.0000000;25933.0000000;25830.0000000;25933.0000000;35
SPFB.MTSI-3.19;60;20190306;140000;25805.0000000;25832.0000000;25805.0000000;25818.0000000;9
SPFB.MTSI-3.19;60;20190306;150000;25833.0000000;25833.0000000;25808.0000000;25814.0000000;4
SPFB.MTSI-3.19;60;20190306;160000;25800.0000000;25800.0000000;25720.0000000;25732.0000000;30
SPFB.MTSI-3.19;60;20190306;170000;25791.0000000;25861.0000000;25791.0000000;25838.0000000;33
SPFB.MTSI-3.19;60;20190306;180000;25829.0000000;25849.0000000;25762.0000000;25838.0000000;5
SPFB.MTSI-3.19;60;20190306;190000;25720.0000000;25720.0000000;25720.0000000;25720.0000000;14
SPFB.MTSI-3.19;60;20190306;200000;25668.0000000;25925.0000000;25668.0000000;25925.0000000;41
SPFB.MTSI-3.19;60;20190307;000000;25771.0000000;25829.0000000;25770.0000000;25829.0000000;5
SPFB.MTSI-3.19;60;20190307;110000;25711.0000000;25711.0000000;25081.0000000;25572.0000000;171
SPFB.MTSI-3.19;60;20190307;120000;25541.0000000;25593.0000000;25541.0000000;25582.0000000;39
SPFB.MTSI-3.19;60;20190307;130000;25551.0000000;25900.0000000;25452.0000000;25455.0000000;141
SPFB.MTSI-3.19;60;20190307;140000;25480.0000000;25484.0000000;25450.0000000;25484.0000000;13
SPFB.MTSI-3.19;60;20190307;150000;25512.0000000;25512.0000000;25500.0000000;25500.0000000;53
SPFB.MTSI-3.19;60;20190307;160000;25497.0000000;25497.0000000;25481.0000000;25495.0000000;8
SPFB.MTSI-3.19;60;20190307;170000;25522.0000000;25522.0000000;25495.0000000;25495.0000000;15
SPFB.MTSI-3.19;60;20190307;180000;25543.0000000;25553.0000000;25420.0000000;25421.0000000;70
SPFB.MTSI-3.19;60;20190307;190000;25420.0000000;25475.0000000;25326.0000000;25475.0000000;57
SPFB.MTSI-3.19;60;20190307;200000;25440.0000000;25535.0000000;25440.0000000;25535.0000000;10
SPFB.MTSI-3.19;60;20190307;210000;25435.0000000;25469.0000000;25435.0000000;25435.0000000;23
SPFB.MTSI-3.19;60;20190307;230000;25355.0000000;25393.0000000;25355.0000000;25393.0000000;8
SPFB.MTSI-3.19;60;20190311;110000;25433.0000000;25433.0000000;25341.0000000;25400.0000000;21
SPFB.MTSI-3.19;60;20190311;120000;25399.0000000;25603.0000000;25399.0000000;25551.0000000;80
SPFB.MTSI-3.19;60;20190311;130000;25567.0000000;25594.0000000;25538.0000000;25538.0000000;79
SPFB.MTSI-3.19;60;20190311;140000;25548.0000000;25601.0000000;25506.0000000;25539.0000000;32
SPFB.MTSI-3.19;60;20190311;150000;25589.0000000;25589.0000000;25516.0000000;25576.0000000;23
SPFB.MTSI-3.19;60;20190311;160000;25590.0000000;25635.0000000;25590.0000000;25635.0000000;10
SPFB.MTSI-3.19;60;20190311;170000;25586.0000000;25666.0000000;25501.0000000;25666.0000000;51
SPFB.MTSI-3.19;60;20190311;180000;25680.0000000;25706.0000000;25610.0000000;25706.0000000;20
SPFB.MTSI-3.19;60;20190311;190000;25695.0000000;25744.0000000;25671.0000000;25744.0000000;44
SPFB.MTSI-3.19;60;20190311;200000;25957.0000000;25980.0000000;25786.0000000;25844.0000000;81
SPFB.MTSI-3.19;60;20190311;210000;25848.0000000;25925.0000000;25848.0000000;25889.0000000;18
SPFB.MTSI-3.19;60;20190311;220000;25877.0000000;25924.0000000;25877.0000000;25924.0000000;6
SPFB.MTSI-3.19;60;20190311;230000;25882.0000000;25883.0000000;25868.0000000;25868.0000000;4
SPFB.MTSI-3.19;60;20190312;000000;25875.0000000;25875.0000000;25875.0000000;25875.0000000;1
SPFB.MTSI-3.19;60;20190312;110000;25822.0000000;25910.0000000;25787.0000000;25842.0000000;78
SPFB.MTSI-3.19;60;20190312;120000;25826.0000000;25856.0000000;25766.0000000;25846.0000000;19
SPFB.MTSI-3.19;60;20190312;130000;25840.0000000;25842.0000000;25808.0000000;25808.0000000;13
SPFB.MTSI-3.19;60;20190312;140000;25807.0000000;25823.0000000;25790.0000000;25790.0000000;9
SPFB.MTSI-3.19;60;20190312;150000;25773.0000000;25773.0000000;25671.0000000;25671.0000000;44
SPFB.MTSI-3.19;60;20190312;160000;25691.0000000;25809.0000000;25691.0000000;25783.0000000;9
SPFB.MTSI-3.19;60;20190312;170000;25810.0000000;25863.0000000;25799.0000000;25860.0000000;74
SPFB.MTSI-3.19;60;20190312;180000;25882.0000000;25930.0000000;25881.0000000;25890.0000000;133
SPFB.MTSI-3.19;60;20190312;190000;25850.0000000;25855.0000000;25790.0000000;25855.0000000;69
SPFB.MTSI-3.19;60;20190312;200000;25920.0000000;25920.0000000;25920.0000000;25920.0000000;2
SPFB.MTSI-3.19;60;20190312;220000;25895.0000000;25904.0000000;25846.0000000;25904.0000000;6
SPFB.MTSI-3.19;60;20190312;230000;25920.0000000;25922.0000000;25826.0000000;25906.0000000;47
SPFB.MTSI-3.19;60;20190313;000000;25895.0000000;25895.0000000;25825.0000000;25850.0000000;20
SPFB.MTSI-3.19;60;20190313;110000;25850.0000000;25950.0000000;25850.0000000;25865.0000000;53
SPFB.MTSI-3.19;60;20190313;120000;25855.0000000;25855.0000000;25784.0000000;25784.0000000;127
SPFB.MTSI-3.19;60;20190313;130000;25783.0000000;25783.0000000;25783.0000000;25783.0000000;15
SPFB.MTSI-3.19;60;20190313;140000;25769.0000000;25787.0000000;25710.0000000;25743.0000000;32
SPFB.MTSI-3.19;60;20190313;150000;25756.0000000;25756.0000000;25756.0000000;25756.0000000;7
SPFB.MTSI-3.19;60;20190313;160000;25791.0000000;25791.0000000;25789.0000000;25790.0000000;4
SPFB.MTSI-3.19;60;20190313;170000;25880.0000000;26013.0000000;25838.0000000;25990.0000000;105
SPFB.MTSI-3.19;60;20190313;180000;26015.0000000;26060.0000000;25968.0000000;26020.0000000;10
SPFB.MTSI-3.19;60;20190313;190000;26020.0000000;26047.0000000;26017.0000000;26043.0000000;10
SPFB.MTSI-3.19;60;20190313;200000;25978.0000000;25995.0000000;25850.0000000;25995.0000000;45
SPFB.MTSI-3.19;60;20190313;210000;25999.0000000;26052.0000000;25997.0000000;26052.0000000;35
SPFB.MTSI-3.19;60;20190313;220000;26059.0000000;26245.0000000;26059.0000000;26245.0000000;19
SPFB.MTSI-3.19;60;20190313;230000;26216.0000000;26286.0000000;26182.0000000;26239.0000000;64
SPFB.MTSI-3.19;60;20190314;110000;26061.0000000;26171.0000000;26061.0000000;26121.0000000;101
SPFB.MTSI-3.19;60;20190314;120000;26116.0000000;26117.0000000;25930.0000000;25953.0000000;70
SPFB.MTSI-3.19;60;20190314;130000;25892.0000000;25892.0000000;25850.0000000;25850.0000000;13
SPFB.MTSI-3.19;60;20190314;140000;25888.0000000;25888.0000000;25779.0000000;25838.0000000;100
SPFB.MTSI-3.19;60;20190314;150000;25917.0000000;25950.0000000;25917.0000000;25945.0000000;10
SPFB.MTSI-3.19;60;20190314;160000;25945.0000000;25959.0000000;25945.0000000;25959.0000000;10
SPFB.MTSI-3.19;60;20190314;170000;25984.0000000;26126.0000000;25979.0000000;26124.0000000;226
SPFB.MTSI-3.19;60;20190314;180000;25990.0000000;25999.0000000;25956.0000000;25969.0000000;14
SPFB.MTSI-3.19;60;20190314;190000;25977.0000000;26045.0000000;25905.0000000;25938.0000000;206
SPFB.MTSI-3.19;60;20190314;200000;26056.0000000;26056.0000000;25970.0000000;26045.0000000;14
SPFB.MTSI-3.19;60;20190314;220000;25970.0000000;26100.0000000;25969.0000000;26087.0000000;58
SPFB.MTSI-3.19;60;20190314;230000;26097.0000000;26100.0000000;26097.0000000;26100.0000000;10
SPFB.MTSI-3.19;60;20190315;000000;26051.0000000;26051.0000000;26051.0000000;26051.0000000;1
SPFB.MTSI-3.19;60;20190315;110000;26100.0000000;26150.0000000;26064.0000000;26100.0000000;104
SPFB.MTSI-3.19;60;20190315;120000;26072.0000000;26120.0000000;26072.0000000;26114.0000000;56
SPFB.MTSI-3.19;60;20190315;130000;26115.0000000;26120.0000000;26069.0000000;26110.0000000;61
SPFB.MTSI-3.19;60;20190315;140000;26101.0000000;26101.0000000;26088.0000000;26089.0000000;5
SPFB.MTSI-3.19;60;20190315;150000;26119.0000000;26136.0000000;26119.0000000;26136.0000000;12
SPFB.MTSI-3.19;60;20190315;160000;26100.0000000;26132.0000000;26100.0000000;26132.0000000;38
SPFB.MTSI-3.19;60;20190315;170000;26135.0000000;26135.0000000;26103.0000000;26103.0000000;5
SPFB.MTSI-3.19;60;20190315;180000;26109.0000000;26115.0000000;26106.0000000;26115.0000000;9
SPFB.MTSI-3.19;60;20190315;190000;26117.0000000;26118.0000000;26004.0000000;26027.0000000;29
SPFB.MTSI-3.19;60;20190315;200000;25900.0000000;26091.0000000;25885.0000000;25988.0000000;284
SPFB.MTSI-3.19;60;20190315;220000;26048.0000000;26048.0000000;26024.0000000;26024.0000000;4
SPFB.MTSI-3.19;60;20190316;000000;26004.0000000;26004.0000000;25990.0000000;25990.0000000;7
SPFB.MTSI-3.19;60;20190318;110000;26120.0000000;26124.0000000;25979.0000000;26000.0000000;53
SPFB.MTSI-3.19;60;20190318;120000;25920.0000000;26060.0000000;25920.0000000;26060.0000000;67
SPFB.MTSI-3.19;60;20190318;130000;26021.0000000;26021.0000000;26006.0000000;26021.0000000;5
SPFB.MTSI-3.19;60;20190318;140000;26001.0000000;26005.0000000;26000.0000000;26005.0000000;9
SPFB.MTSI-3.19;60;20190318;150000;26005.0000000;26020.0000000;25981.0000000;26016.0000000;23
SPFB.MTSI-3.19;60;20190318;160000;26018.0000000;26040.0000000;26018.0000000;26040.0000000;7
SPFB.MTSI-3.19;60;20190318;170000;26000.0000000;26080.0000000;25980.0000000;26080.0000000;47
SPFB.MTSI-3.19;60;20190318;180000;26087.0000000;26366.0000000;26087.0000000;26322.0000000;110
SPFB.MTSI-3.19;60;20190318;190000;26340.0000000;26443.0000000;26307.0000000;26433.0000000;46
SPFB.MTSI-3.19;60;20190318;200000;26398.0000000;26398.0000000;26200.0000000;26200.0000000;3
SPFB.MTSI-3.19;60;20190319;000000;26231.0000000;26370.0000000;26231.0000000;26231.0000000;18
SPFB.MTSI-3.19;60;20190319;110000;26260.0000000;26409.0000000;26229.0000000;26384.0000000;235
SPFB.MTSI-3.19;60;20190319;120000;26384.0000000;26419.0000000;26363.0000000;26419.0000000;54
SPFB.MTSI-3.19;60;20190319;130000;26424.0000000;26424.0000000;26375.0000000;26375.0000000;3
SPFB.MTSI-3.19;60;20190319;140000;26359.0000000;26471.0000000;26311.0000000;26470.0000000;63
SPFB.MTSI-3.19;60;20190319;150000;26480.0000000;26593.0000000;26480.0000000;26529.0000000;38
SPFB.MTSI-3.19;60;20190319;160000;26592.0000000;26628.0000000;26542.0000000;26542.0000000;42
SPFB.MTSI-3.19;60;20190319;170000;26559.0000000;26594.0000000;26220.0000000;26229.0000000;311
SPFB.MTSI-3.19;60;20190319;180000;26234.0000000;26308.0000000;26214.0000000;26214.0000000;64
SPFB.MTSI-3.19;60;20190319;190000;26112.0000000;26264.0000000;26079.0000000;26264.0000000;19
SPFB.MTSI-3.19;60;20190319;210000;26350.0000000;26350.0000000;26350.0000000;26350.0000000;4
SPFB.MTSI-3.19;60;20190319;220000;26051.0000000;26051.0000000;25930.0000000;25933.0000000;33
SPFB.MTSI-3.19;60;20190319;230000;26056.0000000;26056.0000000;26056.0000000;26056.0000000;1
SPFB.MTSI-3.19;60;20190320;110000;26199.0000000;26270.0000000;26078.0000000;26270.0000000;39
SPFB.MTSI-3.19;60;20190320;120000;26229.0000000;26237.0000000;26181.0000000;26232.0000000;32
SPFB.MTSI-3.19;60;20190320;130000;26195.0000000;26260.0000000;26195.0000000;26260.0000000;46
SPFB.MTSI-3.19;60;20190320;140000;26262.0000000;26280.0000000;26214.0000000;26266.0000000;37
SPFB.MTSI-3.19;60;20190320;150000;26262.0000000;26349.0000000;26261.0000000;26298.0000000;70
SPFB.MTSI-3.19;60;20190320;160000;26400.0000000;26410.0000000;26385.0000000;26404.0000000;32
SPFB.MTSI-3.19;60;20190320;170000;26442.0000000;26451.0000000;26076.0000000;26076.0000000;114
SPFB.MTSI-3.19;60;20190320;180000;26064.0000000;26064.0000000;25769.0000000;25868.0000000;208
SPFB.MTSI-3.19;60;20190320;190000;25882.0000000;25882.0000000;25800.0000000;25800.0000000;18
SPFB.MTSI-3.19;60;20190320;200000;25849.0000000;26000.0000000;25800.0000000;25800.0000000;21
SPFB.MTSI-3.19;60;20190320;210000;25650.0000000;25650.0000000;25500.0000000;25500.0000000;13
SPFB.MTSI-3.19;60;20190320;220000;25786.0000000;25807.0000000;25586.0000000;25700.0000000;33
SPFB.MTSI-3.19;60;20190321;000000;25795.0000000;25939.0000000;25795.0000000;25939.0000000;8
SPFB.MTSI-3.19;60;20190321;110000;25822.0000000;25833.0000000;25667.0000000;25786.0000000;108
SPFB.MTSI-3.19;60;20190321;120000;25756.0000000;25891.0000000;25756.0000000;25891.0000000;54
SPFB.MTSI-3.19;60;20190321;130000;25850.0000000;25850.0000000;25842.0000000;25842.0000000;2
SPFB.MTSI-3.19;60;20190321;140000;25807.0000000;25896.0000000;25807.0000000;25838.0000000;40
SPFB.MTSI-3.19;60;20190321;150000;25781.0000000;25781.0000000;25781.0000000;25781.0000000;1
SPFB.MTSI-3.19;60;20190321;160000;25790.0000000;27103.0000000;25788.0000000;27062.0000000;436
SPFB.MTSI-3.19;60;20190321;170000;27139.0000000;27139.0000000;26825.0000000;26976.0000000;113
SPFB.MTSI-3.19;60;20190321;180000;26880.0000000;26880.0000000;26880.0000000;26880.0000000;15
SPFB.MTSI-3.19;60;20190321;190000;26903.0000000;26903.0000000;26858.0000000;26858.0000000;3
